Results: 	[[0.7408], [0.9263], [0.7678], [0.7242], [0.8979], [0.7697]]	
Results: 	[[0.7408, 0.7501], [0.9263, 0.9244], [0.7678, 0.762], [0.7242, 0.7271], [0.8979, 0.8974], [0.7697, 0.7669]]	
Results: 	[[0.7408, 0.7501, 0.7472], [0.9263, 0.9244, 0.9261], [0.7678, 0.762, 0.7647], [0.7242, 0.7271, 0.7278], [0.8979, 0.8974, 0.895], [0.7697, 0.7669, 0.7687]]	
Results: 	[[0.7408, 0.7501, 0.7472, 0.747], [0.9263, 0.9244, 0.9261, 0.9257], [0.7678, 0.762, 0.7647, 0.7656], [0.7242, 0.7271, 0.7278, 0.7227], [0.8979, 0.8974, 0.895, 0.8995], [0.7697, 0.7669, 0.7687, 0.7661]]	
Results: 	[[0.7408, 0.7501, 0.7472, 0.747, 0.748], [0.9263, 0.9244, 0.9261, 0.9257, 0.9249], [0.7678, 0.762, 0.7647, 0.7656, 0.7643], [0.7242, 0.7271, 0.7278, 0.7227, 0.7276], [0.8979, 0.8974, 0.895, 0.8995, 0.8968], [0.7697, 0.7669, 0.7687, 0.7661, 0.7652]]	
Results: 	[[0.7408, 0.7501, 0.7472, 0.747, 0.748, 0.7455], [0.9263, 0.9244, 0.9261, 0.9257, 0.9249, 0.9252], [0.7678, 0.762, 0.7647, 0.7656, 0.7643, 0.7648], [0.7242, 0.7271, 0.7278, 0.7227, 0.7276, 0.7268], [0.8979, 0.8974, 0.895, 0.8995, 0.8968, 0.8956], [0.7697, 0.7669, 0.7687, 0.7661, 0.7652, 0.7686]]	
Results: 	[[0.7408, 0.7501, 0.7472, 0.747, 0.748, 0.7455, 0.7456], [0.9263, 0.9244, 0.9261, 0.9257, 0.9249, 0.9252, 0.9236], [0.7678, 0.762, 0.7647, 0.7656, 0.7643, 0.7648, 0.7625], [0.7242, 0.7271, 0.7278, 0.7227, 0.7276, 0.7268, 0.7275], [0.8979, 0.8974, 0.895, 0.8995, 0.8968, 0.8956, 0.8997], [0.7697, 0.7669, 0.7687, 0.7661, 0.7652, 0.7686, 0.7652]]	
Results: 	[[0.7408, 0.7501, 0.7472, 0.747, 0.748, 0.7455, 0.7456, 0.748], [0.9263, 0.9244, 0.9261, 0.9257, 0.9249, 0.9252, 0.9236, 0.9244], [0.7678, 0.762, 0.7647, 0.7656, 0.7643, 0.7648, 0.7625, 0.7678], [0.7242, 0.7271, 0.7278, 0.7227, 0.7276, 0.7268, 0.7275, 0.7275], [0.8979, 0.8974, 0.895, 0.8995, 0.8968, 0.8956, 0.8997, 0.8951], [0.7697, 0.7669, 0.7687, 0.7661, 0.7652, 0.7686, 0.7652, 0.7652]]	
Results: 	[[0.7408, 0.7501, 0.7472, 0.747, 0.748, 0.7455, 0.7456, 0.748, 0.7485], [0.9263, 0.9244, 0.9261, 0.9257, 0.9249, 0.9252, 0.9236, 0.9244, 0.9233], [0.7678, 0.762, 0.7647, 0.7656, 0.7643, 0.7648, 0.7625, 0.7678, 0.7672], [0.7242, 0.7271, 0.7278, 0.7227, 0.7276, 0.7268, 0.7275, 0.7275, 0.7266], [0.8979, 0.8974, 0.895, 0.8995, 0.8968, 0.8956, 0.8997, 0.8951, 0.9017], [0.7697, 0.7669, 0.7687, 0.7661, 0.7652, 0.7686, 0.7652, 0.7652, 0.7665]]	
Results: 	[[0.7408, 0.7501, 0.7472, 0.747, 0.748, 0.7455, 0.7456, 0.748, 0.7485, 0.7472], [0.9263, 0.9244, 0.9261, 0.9257, 0.9249, 0.9252, 0.9236, 0.9244, 0.9233, 0.9255], [0.7678, 0.762, 0.7647, 0.7656, 0.7643, 0.7648, 0.7625, 0.7678, 0.7672, 0.7634], [0.7242, 0.7271, 0.7278, 0.7227, 0.7276, 0.7268, 0.7275, 0.7275, 0.7266, 0.7256], [0.8979, 0.8974, 0.895, 0.8995, 0.8968, 0.8956, 0.8997, 0.8951, 0.9017, 0.8966], [0.7697, 0.7669, 0.7687, 0.7661, 0.7652, 0.7686, 0.7652, 0.7652, 0.7665, 0.7668]]	
Results: 	[[0.7408, 0.7501, 0.7472, 0.747, 0.748, 0.7455, 0.7456, 0.748, 0.7485, 0.7472, 0.7449], [0.9263, 0.9244, 0.9261, 0.9257, 0.9249, 0.9252, 0.9236, 0.9244, 0.9233, 0.9255, 0.9275], [0.7678, 0.762, 0.7647, 0.7656, 0.7643, 0.7648, 0.7625, 0.7678, 0.7672, 0.7634, 0.7623], [0.7242, 0.7271, 0.7278, 0.7227, 0.7276, 0.7268, 0.7275, 0.7275, 0.7266, 0.7256, 0.7288], [0.8979, 0.8974, 0.895, 0.8995, 0.8968, 0.8956, 0.8997, 0.8951, 0.9017, 0.8966, 0.897], [0.7697, 0.7669, 0.7687, 0.7661, 0.7652, 0.7686, 0.7652, 0.7652, 0.7665, 0.7668, 0.7677]]	
Results: 	[[0.7408, 0.7501, 0.7472, 0.747, 0.748, 0.7455, 0.7456, 0.748, 0.7485, 0.7472, 0.7449, 0.7463], [0.9263, 0.9244, 0.9261, 0.9257, 0.9249, 0.9252, 0.9236, 0.9244, 0.9233, 0.9255, 0.9275, 0.9244], [0.7678, 0.762, 0.7647, 0.7656, 0.7643, 0.7648, 0.7625, 0.7678, 0.7672, 0.7634, 0.7623, 0.7674], [0.7242, 0.7271, 0.7278, 0.7227, 0.7276, 0.7268, 0.7275, 0.7275, 0.7266, 0.7256, 0.7288, 0.7301], [0.8979, 0.8974, 0.895, 0.8995, 0.8968, 0.8956, 0.8997, 0.8951, 0.9017, 0.8966, 0.897, 0.8965], [0.7697, 0.7669, 0.7687, 0.7661, 0.7652, 0.7686, 0.7652, 0.7652, 0.7665, 0.7668, 0.7677, 0.7644]]	
Results: 	[[0.7408, 0.7501, 0.7472, 0.747, 0.748, 0.7455, 0.7456, 0.748, 0.7485, 0.7472, 0.7449, 0.7463, 0.7504], [0.9263, 0.9244, 0.9261, 0.9257, 0.9249, 0.9252, 0.9236, 0.9244, 0.9233, 0.9255, 0.9275, 0.9244, 0.9251], [0.7678, 0.762, 0.7647, 0.7656, 0.7643, 0.7648, 0.7625, 0.7678, 0.7672, 0.7634, 0.7623, 0.7674, 0.7677], [0.7242, 0.7271, 0.7278, 0.7227, 0.7276, 0.7268, 0.7275, 0.7275, 0.7266, 0.7256, 0.7288, 0.7301, 0.7229], [0.8979, 0.8974, 0.895, 0.8995, 0.8968, 0.8956, 0.8997, 0.8951, 0.9017, 0.8966, 0.897, 0.8965, 0.8946], [0.7697, 0.7669, 0.7687, 0.7661, 0.7652, 0.7686, 0.7652, 0.7652, 0.7665, 0.7668, 0.7677, 0.7644, 0.7702]]	
Results: 	[[0.7408, 0.7501, 0.7472, 0.747, 0.748, 0.7455, 0.7456, 0.748, 0.7485, 0.7472, 0.7449, 0.7463, 0.7504, 0.7485], [0.9263, 0.9244, 0.9261, 0.9257, 0.9249, 0.9252, 0.9236, 0.9244, 0.9233, 0.9255, 0.9275, 0.9244, 0.9251, 0.9272], [0.7678, 0.762, 0.7647, 0.7656, 0.7643, 0.7648, 0.7625, 0.7678, 0.7672, 0.7634, 0.7623, 0.7674, 0.7677, 0.7638], [0.7242, 0.7271, 0.7278, 0.7227, 0.7276, 0.7268, 0.7275, 0.7275, 0.7266, 0.7256, 0.7288, 0.7301, 0.7229, 0.7224], [0.8979, 0.8974, 0.895, 0.8995, 0.8968, 0.8956, 0.8997, 0.8951, 0.9017, 0.8966, 0.897, 0.8965, 0.8946, 0.8981], [0.7697, 0.7669, 0.7687, 0.7661, 0.7652, 0.7686, 0.7652, 0.7652, 0.7665, 0.7668, 0.7677, 0.7644, 0.7702, 0.7625]]	
Results: 	[[0.7408, 0.7501, 0.7472, 0.747, 0.748, 0.7455, 0.7456, 0.748, 0.7485, 0.7472, 0.7449, 0.7463, 0.7504, 0.7485, 0.7486], [0.9263, 0.9244, 0.9261, 0.9257, 0.9249, 0.9252, 0.9236, 0.9244, 0.9233, 0.9255, 0.9275, 0.9244, 0.9251, 0.9272, 0.9266], [0.7678, 0.762, 0.7647, 0.7656, 0.7643, 0.7648, 0.7625, 0.7678, 0.7672, 0.7634, 0.7623, 0.7674, 0.7677, 0.7638, 0.7662], [0.7242, 0.7271, 0.7278, 0.7227, 0.7276, 0.7268, 0.7275, 0.7275, 0.7266, 0.7256, 0.7288, 0.7301, 0.7229, 0.7224, 0.7237], [0.8979, 0.8974, 0.895, 0.8995, 0.8968, 0.8956, 0.8997, 0.8951, 0.9017, 0.8966, 0.897, 0.8965, 0.8946, 0.8981, 0.8985], [0.7697, 0.7669, 0.7687, 0.7661, 0.7652, 0.7686, 0.7652, 0.7652, 0.7665, 0.7668, 0.7677, 0.7644, 0.7702, 0.7625, 0.7684]]	
Results: 	[[0.7408, 0.7501, 0.7472, 0.747, 0.748, 0.7455, 0.7456, 0.748, 0.7485, 0.7472, 0.7449, 0.7463, 0.7504, 0.7485, 0.7486, 0.7423], [0.9263, 0.9244, 0.9261, 0.9257, 0.9249, 0.9252, 0.9236, 0.9244, 0.9233, 0.9255, 0.9275, 0.9244, 0.9251, 0.9272, 0.9266, 0.9249], [0.7678, 0.762, 0.7647, 0.7656, 0.7643, 0.7648, 0.7625, 0.7678, 0.7672, 0.7634, 0.7623, 0.7674, 0.7677, 0.7638, 0.7662, 0.7691], [0.7242, 0.7271, 0.7278, 0.7227, 0.7276, 0.7268, 0.7275, 0.7275, 0.7266, 0.7256, 0.7288, 0.7301, 0.7229, 0.7224, 0.7237, 0.7262], [0.8979, 0.8974, 0.895, 0.8995, 0.8968, 0.8956, 0.8997, 0.8951, 0.9017, 0.8966, 0.897, 0.8965, 0.8946, 0.8981, 0.8985, 0.894], [0.7697, 0.7669, 0.7687, 0.7661, 0.7652, 0.7686, 0.7652, 0.7652, 0.7665, 0.7668, 0.7677, 0.7644, 0.7702, 0.7625, 0.7684, 0.7637]]	
Results: 	[[0.7408, 0.7501, 0.7472, 0.747, 0.748, 0.7455, 0.7456, 0.748, 0.7485, 0.7472, 0.7449, 0.7463, 0.7504, 0.7485, 0.7486, 0.7423, 0.7485], [0.9263, 0.9244, 0.9261, 0.9257, 0.9249, 0.9252, 0.9236, 0.9244, 0.9233, 0.9255, 0.9275, 0.9244, 0.9251, 0.9272, 0.9266, 0.9249, 0.9252], [0.7678, 0.762, 0.7647, 0.7656, 0.7643, 0.7648, 0.7625, 0.7678, 0.7672, 0.7634, 0.7623, 0.7674, 0.7677, 0.7638, 0.7662, 0.7691, 0.7631], [0.7242, 0.7271, 0.7278, 0.7227, 0.7276, 0.7268, 0.7275, 0.7275, 0.7266, 0.7256, 0.7288, 0.7301, 0.7229, 0.7224, 0.7237, 0.7262, 0.7272], [0.8979, 0.8974, 0.895, 0.8995, 0.8968, 0.8956, 0.8997, 0.8951, 0.9017, 0.8966, 0.897, 0.8965, 0.8946, 0.8981, 0.8985, 0.894, 0.8971], [0.7697, 0.7669, 0.7687, 0.7661, 0.7652, 0.7686, 0.7652, 0.7652, 0.7665, 0.7668, 0.7677, 0.7644, 0.7702, 0.7625, 0.7684, 0.7637, 0.7665]]	
Results: 	[[0.7408, 0.7501, 0.7472, 0.747, 0.748, 0.7455, 0.7456, 0.748, 0.7485, 0.7472, 0.7449, 0.7463, 0.7504, 0.7485, 0.7486, 0.7423, 0.7485, 0.7442], [0.9263, 0.9244, 0.9261, 0.9257, 0.9249, 0.9252, 0.9236, 0.9244, 0.9233, 0.9255, 0.9275, 0.9244, 0.9251, 0.9272, 0.9266, 0.9249, 0.9252, 0.925], [0.7678, 0.762, 0.7647, 0.7656, 0.7643, 0.7648, 0.7625, 0.7678, 0.7672, 0.7634, 0.7623, 0.7674, 0.7677, 0.7638, 0.7662, 0.7691, 0.7631, 0.7648], [0.7242, 0.7271, 0.7278, 0.7227, 0.7276, 0.7268, 0.7275, 0.7275, 0.7266, 0.7256, 0.7288, 0.7301, 0.7229, 0.7224, 0.7237, 0.7262, 0.7272, 0.7273], [0.8979, 0.8974, 0.895, 0.8995, 0.8968, 0.8956, 0.8997, 0.8951, 0.9017, 0.8966, 0.897, 0.8965, 0.8946, 0.8981, 0.8985, 0.894, 0.8971, 0.8941], [0.7697, 0.7669, 0.7687, 0.7661, 0.7652, 0.7686, 0.7652, 0.7652, 0.7665, 0.7668, 0.7677, 0.7644, 0.7702, 0.7625, 0.7684, 0.7637, 0.7665, 0.7643]]	
Results: 	[[0.7408, 0.7501, 0.7472, 0.747, 0.748, 0.7455, 0.7456, 0.748, 0.7485, 0.7472, 0.7449, 0.7463, 0.7504, 0.7485, 0.7486, 0.7423, 0.7485, 0.7442, 0.7488], [0.9263, 0.9244, 0.9261, 0.9257, 0.9249, 0.9252, 0.9236, 0.9244, 0.9233, 0.9255, 0.9275, 0.9244, 0.9251, 0.9272, 0.9266, 0.9249, 0.9252, 0.925, 0.9243], [0.7678, 0.762, 0.7647, 0.7656, 0.7643, 0.7648, 0.7625, 0.7678, 0.7672, 0.7634, 0.7623, 0.7674, 0.7677, 0.7638, 0.7662, 0.7691, 0.7631, 0.7648, 0.7649], [0.7242, 0.7271, 0.7278, 0.7227, 0.7276, 0.7268, 0.7275, 0.7275, 0.7266, 0.7256, 0.7288, 0.7301, 0.7229, 0.7224, 0.7237, 0.7262, 0.7272, 0.7273, 0.7249], [0.8979, 0.8974, 0.895, 0.8995, 0.8968, 0.8956, 0.8997, 0.8951, 0.9017, 0.8966, 0.897, 0.8965, 0.8946, 0.8981, 0.8985, 0.894, 0.8971, 0.8941, 0.8951], [0.7697, 0.7669, 0.7687, 0.7661, 0.7652, 0.7686, 0.7652, 0.7652, 0.7665, 0.7668, 0.7677, 0.7644, 0.7702, 0.7625, 0.7684, 0.7637, 0.7665, 0.7643, 0.7669]]	
Results: 	[[0.7408, 0.7501, 0.7472, 0.747, 0.748, 0.7455, 0.7456, 0.748, 0.7485, 0.7472, 0.7449, 0.7463, 0.7504, 0.7485, 0.7486, 0.7423, 0.7485, 0.7442, 0.7488, 0.7494], [0.9263, 0.9244, 0.9261, 0.9257, 0.9249, 0.9252, 0.9236, 0.9244, 0.9233, 0.9255, 0.9275, 0.9244, 0.9251, 0.9272, 0.9266, 0.9249, 0.9252, 0.925, 0.9243, 0.9244], [0.7678, 0.762, 0.7647, 0.7656, 0.7643, 0.7648, 0.7625, 0.7678, 0.7672, 0.7634, 0.7623, 0.7674, 0.7677, 0.7638, 0.7662, 0.7691, 0.7631, 0.7648, 0.7649, 0.7686], [0.7242, 0.7271, 0.7278, 0.7227, 0.7276, 0.7268, 0.7275, 0.7275, 0.7266, 0.7256, 0.7288, 0.7301, 0.7229, 0.7224, 0.7237, 0.7262, 0.7272, 0.7273, 0.7249, 0.723], [0.8979, 0.8974, 0.895, 0.8995, 0.8968, 0.8956, 0.8997, 0.8951, 0.9017, 0.8966, 0.897, 0.8965, 0.8946, 0.8981, 0.8985, 0.894, 0.8971, 0.8941, 0.8951, 0.8976], [0.7697, 0.7669, 0.7687, 0.7661, 0.7652, 0.7686, 0.7652, 0.7652, 0.7665, 0.7668, 0.7677, 0.7644, 0.7702, 0.7625, 0.7684, 0.7637, 0.7665, 0.7643, 0.7669, 0.7687]]	
Results: 	[[0.7408, 0.7501, 0.7472, 0.747, 0.748, 0.7455, 0.7456, 0.748, 0.7485, 0.7472, 0.7449, 0.7463, 0.7504, 0.7485, 0.7486, 0.7423, 0.7485, 0.7442, 0.7488, 0.7494, 0.7428], [0.9263, 0.9244, 0.9261, 0.9257, 0.9249, 0.9252, 0.9236, 0.9244, 0.9233, 0.9255, 0.9275, 0.9244, 0.9251, 0.9272, 0.9266, 0.9249, 0.9252, 0.925, 0.9243, 0.9244, 0.9258], [0.7678, 0.762, 0.7647, 0.7656, 0.7643, 0.7648, 0.7625, 0.7678, 0.7672, 0.7634, 0.7623, 0.7674, 0.7677, 0.7638, 0.7662, 0.7691, 0.7631, 0.7648, 0.7649, 0.7686, 0.7668], [0.7242, 0.7271, 0.7278, 0.7227, 0.7276, 0.7268, 0.7275, 0.7275, 0.7266, 0.7256, 0.7288, 0.7301, 0.7229, 0.7224, 0.7237, 0.7262, 0.7272, 0.7273, 0.7249, 0.723, 0.7281], [0.8979, 0.8974, 0.895, 0.8995, 0.8968, 0.8956, 0.8997, 0.8951, 0.9017, 0.8966, 0.897, 0.8965, 0.8946, 0.8981, 0.8985, 0.894, 0.8971, 0.8941, 0.8951, 0.8976, 0.8963], [0.7697, 0.7669, 0.7687, 0.7661, 0.7652, 0.7686, 0.7652, 0.7652, 0.7665, 0.7668, 0.7677, 0.7644, 0.7702, 0.7625, 0.7684, 0.7637, 0.7665, 0.7643, 0.7669, 0.7687, 0.768]]	
Results: 	[[0.7408, 0.7501, 0.7472, 0.747, 0.748, 0.7455, 0.7456, 0.748, 0.7485, 0.7472, 0.7449, 0.7463, 0.7504, 0.7485, 0.7486, 0.7423, 0.7485, 0.7442, 0.7488, 0.7494, 0.7428, 0.7493], [0.9263, 0.9244, 0.9261, 0.9257, 0.9249, 0.9252, 0.9236, 0.9244, 0.9233, 0.9255, 0.9275, 0.9244, 0.9251, 0.9272, 0.9266, 0.9249, 0.9252, 0.925, 0.9243, 0.9244, 0.9258, 0.9264], [0.7678, 0.762, 0.7647, 0.7656, 0.7643, 0.7648, 0.7625, 0.7678, 0.7672, 0.7634, 0.7623, 0.7674, 0.7677, 0.7638, 0.7662, 0.7691, 0.7631, 0.7648, 0.7649, 0.7686, 0.7668, 0.768], [0.7242, 0.7271, 0.7278, 0.7227, 0.7276, 0.7268, 0.7275, 0.7275, 0.7266, 0.7256, 0.7288, 0.7301, 0.7229, 0.7224, 0.7237, 0.7262, 0.7272, 0.7273, 0.7249, 0.723, 0.7281, 0.7297], [0.8979, 0.8974, 0.895, 0.8995, 0.8968, 0.8956, 0.8997, 0.8951, 0.9017, 0.8966, 0.897, 0.8965, 0.8946, 0.8981, 0.8985, 0.894, 0.8971, 0.8941, 0.8951, 0.8976, 0.8963, 0.8983], [0.7697, 0.7669, 0.7687, 0.7661, 0.7652, 0.7686, 0.7652, 0.7652, 0.7665, 0.7668, 0.7677, 0.7644, 0.7702, 0.7625, 0.7684, 0.7637, 0.7665, 0.7643, 0.7669, 0.7687, 0.768, 0.7682]]	
Results: 	[[0.7408, 0.7501, 0.7472, 0.747, 0.748, 0.7455, 0.7456, 0.748, 0.7485, 0.7472, 0.7449, 0.7463, 0.7504, 0.7485, 0.7486, 0.7423, 0.7485, 0.7442, 0.7488, 0.7494, 0.7428, 0.7493, 0.7496], [0.9263, 0.9244, 0.9261, 0.9257, 0.9249, 0.9252, 0.9236, 0.9244, 0.9233, 0.9255, 0.9275, 0.9244, 0.9251, 0.9272, 0.9266, 0.9249, 0.9252, 0.925, 0.9243, 0.9244, 0.9258, 0.9264, 0.9264], [0.7678, 0.762, 0.7647, 0.7656, 0.7643, 0.7648, 0.7625, 0.7678, 0.7672, 0.7634, 0.7623, 0.7674, 0.7677, 0.7638, 0.7662, 0.7691, 0.7631, 0.7648, 0.7649, 0.7686, 0.7668, 0.768, 0.7664], [0.7242, 0.7271, 0.7278, 0.7227, 0.7276, 0.7268, 0.7275, 0.7275, 0.7266, 0.7256, 0.7288, 0.7301, 0.7229, 0.7224, 0.7237, 0.7262, 0.7272, 0.7273, 0.7249, 0.723, 0.7281, 0.7297, 0.7258], [0.8979, 0.8974, 0.895, 0.8995, 0.8968, 0.8956, 0.8997, 0.8951, 0.9017, 0.8966, 0.897, 0.8965, 0.8946, 0.8981, 0.8985, 0.894, 0.8971, 0.8941, 0.8951, 0.8976, 0.8963, 0.8983, 0.8943], [0.7697, 0.7669, 0.7687, 0.7661, 0.7652, 0.7686, 0.7652, 0.7652, 0.7665, 0.7668, 0.7677, 0.7644, 0.7702, 0.7625, 0.7684, 0.7637, 0.7665, 0.7643, 0.7669, 0.7687, 0.768, 0.7682, 0.767]]	
Results: 	[[0.7408, 0.7501, 0.7472, 0.747, 0.748, 0.7455, 0.7456, 0.748, 0.7485, 0.7472, 0.7449, 0.7463, 0.7504, 0.7485, 0.7486, 0.7423, 0.7485, 0.7442, 0.7488, 0.7494, 0.7428, 0.7493, 0.7496, 0.7486], [0.9263, 0.9244, 0.9261, 0.9257, 0.9249, 0.9252, 0.9236, 0.9244, 0.9233, 0.9255, 0.9275, 0.9244, 0.9251, 0.9272, 0.9266, 0.9249, 0.9252, 0.925, 0.9243, 0.9244, 0.9258, 0.9264, 0.9264, 0.9261], [0.7678, 0.762, 0.7647, 0.7656, 0.7643, 0.7648, 0.7625, 0.7678, 0.7672, 0.7634, 0.7623, 0.7674, 0.7677, 0.7638, 0.7662, 0.7691, 0.7631, 0.7648, 0.7649, 0.7686, 0.7668, 0.768, 0.7664, 0.7673], [0.7242, 0.7271, 0.7278, 0.7227, 0.7276, 0.7268, 0.7275, 0.7275, 0.7266, 0.7256, 0.7288, 0.7301, 0.7229, 0.7224, 0.7237, 0.7262, 0.7272, 0.7273, 0.7249, 0.723, 0.7281, 0.7297, 0.7258, 0.7295], [0.8979, 0.8974, 0.895, 0.8995, 0.8968, 0.8956, 0.8997, 0.8951, 0.9017, 0.8966, 0.897, 0.8965, 0.8946, 0.8981, 0.8985, 0.894, 0.8971, 0.8941, 0.8951, 0.8976, 0.8963, 0.8983, 0.8943, 0.8958], [0.7697, 0.7669, 0.7687, 0.7661, 0.7652, 0.7686, 0.7652, 0.7652, 0.7665, 0.7668, 0.7677, 0.7644, 0.7702, 0.7625, 0.7684, 0.7637, 0.7665, 0.7643, 0.7669, 0.7687, 0.768, 0.7682, 0.767, 0.7677]]	
Results: 	[[0.7408, 0.7501, 0.7472, 0.747, 0.748, 0.7455, 0.7456, 0.748, 0.7485, 0.7472, 0.7449, 0.7463, 0.7504, 0.7485, 0.7486, 0.7423, 0.7485, 0.7442, 0.7488, 0.7494, 0.7428, 0.7493, 0.7496, 0.7486, 0.7466], [0.9263, 0.9244, 0.9261, 0.9257, 0.9249, 0.9252, 0.9236, 0.9244, 0.9233, 0.9255, 0.9275, 0.9244, 0.9251, 0.9272, 0.9266, 0.9249, 0.9252, 0.925, 0.9243, 0.9244, 0.9258, 0.9264, 0.9264, 0.9261, 0.9249], [0.7678, 0.762, 0.7647, 0.7656, 0.7643, 0.7648, 0.7625, 0.7678, 0.7672, 0.7634, 0.7623, 0.7674, 0.7677, 0.7638, 0.7662, 0.7691, 0.7631, 0.7648, 0.7649, 0.7686, 0.7668, 0.768, 0.7664, 0.7673, 0.7664], [0.7242, 0.7271, 0.7278, 0.7227, 0.7276, 0.7268, 0.7275, 0.7275, 0.7266, 0.7256, 0.7288, 0.7301, 0.7229, 0.7224, 0.7237, 0.7262, 0.7272, 0.7273, 0.7249, 0.723, 0.7281, 0.7297, 0.7258, 0.7295, 0.7319], [0.8979, 0.8974, 0.895, 0.8995, 0.8968, 0.8956, 0.8997, 0.8951, 0.9017, 0.8966, 0.897, 0.8965, 0.8946, 0.8981, 0.8985, 0.894, 0.8971, 0.8941, 0.8951, 0.8976, 0.8963, 0.8983, 0.8943, 0.8958, 0.8985], [0.7697, 0.7669, 0.7687, 0.7661, 0.7652, 0.7686, 0.7652, 0.7652, 0.7665, 0.7668, 0.7677, 0.7644, 0.7702, 0.7625, 0.7684, 0.7637, 0.7665, 0.7643, 0.7669, 0.7687, 0.768, 0.7682, 0.767, 0.7677, 0.7665]]	
Results: 	[[0.7408, 0.7501, 0.7472, 0.747, 0.748, 0.7455, 0.7456, 0.748, 0.7485, 0.7472, 0.7449, 0.7463, 0.7504, 0.7485, 0.7486, 0.7423, 0.7485, 0.7442, 0.7488, 0.7494, 0.7428, 0.7493, 0.7496, 0.7486, 0.7466, 0.7438], [0.9263, 0.9244, 0.9261, 0.9257, 0.9249, 0.9252, 0.9236, 0.9244, 0.9233, 0.9255, 0.9275, 0.9244, 0.9251, 0.9272, 0.9266, 0.9249, 0.9252, 0.925, 0.9243, 0.9244, 0.9258, 0.9264, 0.9264, 0.9261, 0.9249, 0.9246], [0.7678, 0.762, 0.7647, 0.7656, 0.7643, 0.7648, 0.7625, 0.7678, 0.7672, 0.7634, 0.7623, 0.7674, 0.7677, 0.7638, 0.7662, 0.7691, 0.7631, 0.7648, 0.7649, 0.7686, 0.7668, 0.768, 0.7664, 0.7673, 0.7664, 0.7634], [0.7242, 0.7271, 0.7278, 0.7227, 0.7276, 0.7268, 0.7275, 0.7275, 0.7266, 0.7256, 0.7288, 0.7301, 0.7229, 0.7224, 0.7237, 0.7262, 0.7272, 0.7273, 0.7249, 0.723, 0.7281, 0.7297, 0.7258, 0.7295, 0.7319, 0.7274], [0.8979, 0.8974, 0.895, 0.8995, 0.8968, 0.8956, 0.8997, 0.8951, 0.9017, 0.8966, 0.897, 0.8965, 0.8946, 0.8981, 0.8985, 0.894, 0.8971, 0.8941, 0.8951, 0.8976, 0.8963, 0.8983, 0.8943, 0.8958, 0.8985, 0.8964], [0.7697, 0.7669, 0.7687, 0.7661, 0.7652, 0.7686, 0.7652, 0.7652, 0.7665, 0.7668, 0.7677, 0.7644, 0.7702, 0.7625, 0.7684, 0.7637, 0.7665, 0.7643, 0.7669, 0.7687, 0.768, 0.7682, 0.767, 0.7677, 0.7665, 0.7647]]	
Results: 	[[0.7408, 0.7501, 0.7472, 0.747, 0.748, 0.7455, 0.7456, 0.748, 0.7485, 0.7472, 0.7449, 0.7463, 0.7504, 0.7485, 0.7486, 0.7423, 0.7485, 0.7442, 0.7488, 0.7494, 0.7428, 0.7493, 0.7496, 0.7486, 0.7466, 0.7438, 0.7473], [0.9263, 0.9244, 0.9261, 0.9257, 0.9249, 0.9252, 0.9236, 0.9244, 0.9233, 0.9255, 0.9275, 0.9244, 0.9251, 0.9272, 0.9266, 0.9249, 0.9252, 0.925, 0.9243, 0.9244, 0.9258, 0.9264, 0.9264, 0.9261, 0.9249, 0.9246, 0.9239], [0.7678, 0.762, 0.7647, 0.7656, 0.7643, 0.7648, 0.7625, 0.7678, 0.7672, 0.7634, 0.7623, 0.7674, 0.7677, 0.7638, 0.7662, 0.7691, 0.7631, 0.7648, 0.7649, 0.7686, 0.7668, 0.768, 0.7664, 0.7673, 0.7664, 0.7634, 0.7622], [0.7242, 0.7271, 0.7278, 0.7227, 0.7276, 0.7268, 0.7275, 0.7275, 0.7266, 0.7256, 0.7288, 0.7301, 0.7229, 0.7224, 0.7237, 0.7262, 0.7272, 0.7273, 0.7249, 0.723, 0.7281, 0.7297, 0.7258, 0.7295, 0.7319, 0.7274, 0.7271], [0.8979, 0.8974, 0.895, 0.8995, 0.8968, 0.8956, 0.8997, 0.8951, 0.9017, 0.8966, 0.897, 0.8965, 0.8946, 0.8981, 0.8985, 0.894, 0.8971, 0.8941, 0.8951, 0.8976, 0.8963, 0.8983, 0.8943, 0.8958, 0.8985, 0.8964, 0.8975], [0.7697, 0.7669, 0.7687, 0.7661, 0.7652, 0.7686, 0.7652, 0.7652, 0.7665, 0.7668, 0.7677, 0.7644, 0.7702, 0.7625, 0.7684, 0.7637, 0.7665, 0.7643, 0.7669, 0.7687, 0.768, 0.7682, 0.767, 0.7677, 0.7665, 0.7647, 0.7656]]	
Results: 	[[0.7408, 0.7501, 0.7472, 0.747, 0.748, 0.7455, 0.7456, 0.748, 0.7485, 0.7472, 0.7449, 0.7463, 0.7504, 0.7485, 0.7486, 0.7423, 0.7485, 0.7442, 0.7488, 0.7494, 0.7428, 0.7493, 0.7496, 0.7486, 0.7466, 0.7438, 0.7473, 0.7489], [0.9263, 0.9244, 0.9261, 0.9257, 0.9249, 0.9252, 0.9236, 0.9244, 0.9233, 0.9255, 0.9275, 0.9244, 0.9251, 0.9272, 0.9266, 0.9249, 0.9252, 0.925, 0.9243, 0.9244, 0.9258, 0.9264, 0.9264, 0.9261, 0.9249, 0.9246, 0.9239, 0.9258], [0.7678, 0.762, 0.7647, 0.7656, 0.7643, 0.7648, 0.7625, 0.7678, 0.7672, 0.7634, 0.7623, 0.7674, 0.7677, 0.7638, 0.7662, 0.7691, 0.7631, 0.7648, 0.7649, 0.7686, 0.7668, 0.768, 0.7664, 0.7673, 0.7664, 0.7634, 0.7622, 0.7629], [0.7242, 0.7271, 0.7278, 0.7227, 0.7276, 0.7268, 0.7275, 0.7275, 0.7266, 0.7256, 0.7288, 0.7301, 0.7229, 0.7224, 0.7237, 0.7262, 0.7272, 0.7273, 0.7249, 0.723, 0.7281, 0.7297, 0.7258, 0.7295, 0.7319, 0.7274, 0.7271, 0.728], [0.8979, 0.8974, 0.895, 0.8995, 0.8968, 0.8956, 0.8997, 0.8951, 0.9017, 0.8966, 0.897, 0.8965, 0.8946, 0.8981, 0.8985, 0.894, 0.8971, 0.8941, 0.8951, 0.8976, 0.8963, 0.8983, 0.8943, 0.8958, 0.8985, 0.8964, 0.8975, 0.8943], [0.7697, 0.7669, 0.7687, 0.7661, 0.7652, 0.7686, 0.7652, 0.7652, 0.7665, 0.7668, 0.7677, 0.7644, 0.7702, 0.7625, 0.7684, 0.7637, 0.7665, 0.7643, 0.7669, 0.7687, 0.768, 0.7682, 0.767, 0.7677, 0.7665, 0.7647, 0.7656, 0.7665]]	
Results: 	[[0.7408, 0.7501, 0.7472, 0.747, 0.748, 0.7455, 0.7456, 0.748, 0.7485, 0.7472, 0.7449, 0.7463, 0.7504, 0.7485, 0.7486, 0.7423, 0.7485, 0.7442, 0.7488, 0.7494, 0.7428, 0.7493, 0.7496, 0.7486, 0.7466, 0.7438, 0.7473, 0.7489, 0.7463], [0.9263, 0.9244, 0.9261, 0.9257, 0.9249, 0.9252, 0.9236, 0.9244, 0.9233, 0.9255, 0.9275, 0.9244, 0.9251, 0.9272, 0.9266, 0.9249, 0.9252, 0.925, 0.9243, 0.9244, 0.9258, 0.9264, 0.9264, 0.9261, 0.9249, 0.9246, 0.9239, 0.9258, 0.9261], [0.7678, 0.762, 0.7647, 0.7656, 0.7643, 0.7648, 0.7625, 0.7678, 0.7672, 0.7634, 0.7623, 0.7674, 0.7677, 0.7638, 0.7662, 0.7691, 0.7631, 0.7648, 0.7649, 0.7686, 0.7668, 0.768, 0.7664, 0.7673, 0.7664, 0.7634, 0.7622, 0.7629, 0.7644], [0.7242, 0.7271, 0.7278, 0.7227, 0.7276, 0.7268, 0.7275, 0.7275, 0.7266, 0.7256, 0.7288, 0.7301, 0.7229, 0.7224, 0.7237, 0.7262, 0.7272, 0.7273, 0.7249, 0.723, 0.7281, 0.7297, 0.7258, 0.7295, 0.7319, 0.7274, 0.7271, 0.728, 0.7271], [0.8979, 0.8974, 0.895, 0.8995, 0.8968, 0.8956, 0.8997, 0.8951, 0.9017, 0.8966, 0.897, 0.8965, 0.8946, 0.8981, 0.8985, 0.894, 0.8971, 0.8941, 0.8951, 0.8976, 0.8963, 0.8983, 0.8943, 0.8958, 0.8985, 0.8964, 0.8975, 0.8943, 0.8969], [0.7697, 0.7669, 0.7687, 0.7661, 0.7652, 0.7686, 0.7652, 0.7652, 0.7665, 0.7668, 0.7677, 0.7644, 0.7702, 0.7625, 0.7684, 0.7637, 0.7665, 0.7643, 0.7669, 0.7687, 0.768, 0.7682, 0.767, 0.7677, 0.7665, 0.7647, 0.7656, 0.7665, 0.7661]]	
Results: 	[[0.7408, 0.7501, 0.7472, 0.747, 0.748, 0.7455, 0.7456, 0.748, 0.7485, 0.7472, 0.7449, 0.7463, 0.7504, 0.7485, 0.7486, 0.7423, 0.7485, 0.7442, 0.7488, 0.7494, 0.7428, 0.7493, 0.7496, 0.7486, 0.7466, 0.7438, 0.7473, 0.7489, 0.7463, 0.748], [0.9263, 0.9244, 0.9261, 0.9257, 0.9249, 0.9252, 0.9236, 0.9244, 0.9233, 0.9255, 0.9275, 0.9244, 0.9251, 0.9272, 0.9266, 0.9249, 0.9252, 0.925, 0.9243, 0.9244, 0.9258, 0.9264, 0.9264, 0.9261, 0.9249, 0.9246, 0.9239, 0.9258, 0.9261, 0.9262], [0.7678, 0.762, 0.7647, 0.7656, 0.7643, 0.7648, 0.7625, 0.7678, 0.7672, 0.7634, 0.7623, 0.7674, 0.7677, 0.7638, 0.7662, 0.7691, 0.7631, 0.7648, 0.7649, 0.7686, 0.7668, 0.768, 0.7664, 0.7673, 0.7664, 0.7634, 0.7622, 0.7629, 0.7644, 0.7641], [0.7242, 0.7271, 0.7278, 0.7227, 0.7276, 0.7268, 0.7275, 0.7275, 0.7266, 0.7256, 0.7288, 0.7301, 0.7229, 0.7224, 0.7237, 0.7262, 0.7272, 0.7273, 0.7249, 0.723, 0.7281, 0.7297, 0.7258, 0.7295, 0.7319, 0.7274, 0.7271, 0.728, 0.7271, 0.7262], [0.8979, 0.8974, 0.895, 0.8995, 0.8968, 0.8956, 0.8997, 0.8951, 0.9017, 0.8966, 0.897, 0.8965, 0.8946, 0.8981, 0.8985, 0.894, 0.8971, 0.8941, 0.8951, 0.8976, 0.8963, 0.8983, 0.8943, 0.8958, 0.8985, 0.8964, 0.8975, 0.8943, 0.8969, 0.8965], [0.7697, 0.7669, 0.7687, 0.7661, 0.7652, 0.7686, 0.7652, 0.7652, 0.7665, 0.7668, 0.7677, 0.7644, 0.7702, 0.7625, 0.7684, 0.7637, 0.7665, 0.7643, 0.7669, 0.7687, 0.768, 0.7682, 0.767, 0.7677, 0.7665, 0.7647, 0.7656, 0.7665, 0.7661, 0.764]]
Support Sets: (Mean:0.7470333333333333, SD:0.002398610709000804) | 	Support Sets: (Mean:0.92534, SD:0.0010364395286516805) | 	Support Sets: (Mean:0.76533, SD:0.002118253997989858) | 	Support Sets: (Mean:0.72669, SD:0.0022896092122516427) | 	Support Sets: (Mean:0.8967566666666666, SD:0.0018267520325719448) | 	Support Sets: (Mean:0.76655, SD:0.0018477852539804567) | 	
