Results: 	[[0.6713], [0.9052], [0.6942], [0.6475], [0.8709], [0.7254]]	
Results: 	[[0.6713, 0.6636], [0.9052, 0.9037], [0.6942, 0.6923], [0.6475, 0.655], [0.8709, 0.88], [0.7254, 0.7159]]	
Results: 	[[0.6713, 0.6636, 0.6714], [0.9052, 0.9037, 0.9031], [0.6942, 0.6923, 0.6891], [0.6475, 0.655, 0.6476], [0.8709, 0.88, 0.8896], [0.7254, 0.7159, 0.7214]]	
Results: 	[[0.6713, 0.6636, 0.6714, 0.6766], [0.9052, 0.9037, 0.9031, 0.9039], [0.6942, 0.6923, 0.6891, 0.7002], [0.6475, 0.655, 0.6476, 0.6536], [0.8709, 0.88, 0.8896, 0.8817], [0.7254, 0.7159, 0.7214, 0.7123]]	
Results: 	[[0.6713, 0.6636, 0.6714, 0.6766, 0.6745], [0.9052, 0.9037, 0.9031, 0.9039, 0.9072], [0.6942, 0.6923, 0.6891, 0.7002, 0.7057], [0.6475, 0.655, 0.6476, 0.6536, 0.6544], [0.8709, 0.88, 0.8896, 0.8817, 0.8767], [0.7254, 0.7159, 0.7214, 0.7123, 0.7172]]	
Results: 	[[0.6713, 0.6636, 0.6714, 0.6766, 0.6745, 0.6799], [0.9052, 0.9037, 0.9031, 0.9039, 0.9072, 0.9086], [0.6942, 0.6923, 0.6891, 0.7002, 0.7057, 0.7072], [0.6475, 0.655, 0.6476, 0.6536, 0.6544, 0.6592], [0.8709, 0.88, 0.8896, 0.8817, 0.8767, 0.8868], [0.7254, 0.7159, 0.7214, 0.7123, 0.7172, 0.7179]]	
Results: 	[[0.6713, 0.6636, 0.6714, 0.6766, 0.6745, 0.6799, 0.6766], [0.9052, 0.9037, 0.9031, 0.9039, 0.9072, 0.9086, 0.9122], [0.6942, 0.6923, 0.6891, 0.7002, 0.7057, 0.7072, 0.7055], [0.6475, 0.655, 0.6476, 0.6536, 0.6544, 0.6592, 0.6404], [0.8709, 0.88, 0.8896, 0.8817, 0.8767, 0.8868, 0.8728], [0.7254, 0.7159, 0.7214, 0.7123, 0.7172, 0.7179, 0.7089]]	
Results: 	[[0.6713, 0.6636, 0.6714, 0.6766, 0.6745, 0.6799, 0.6766, 0.6604], [0.9052, 0.9037, 0.9031, 0.9039, 0.9072, 0.9086, 0.9122, 0.9068], [0.6942, 0.6923, 0.6891, 0.7002, 0.7057, 0.7072, 0.7055, 0.69], [0.6475, 0.655, 0.6476, 0.6536, 0.6544, 0.6592, 0.6404, 0.6415], [0.8709, 0.88, 0.8896, 0.8817, 0.8767, 0.8868, 0.8728, 0.8881], [0.7254, 0.7159, 0.7214, 0.7123, 0.7172, 0.7179, 0.7089, 0.7206]]	
Results: 	[[0.6713, 0.6636, 0.6714, 0.6766, 0.6745, 0.6799, 0.6766, 0.6604, 0.6766], [0.9052, 0.9037, 0.9031, 0.9039, 0.9072, 0.9086, 0.9122, 0.9068, 0.9061], [0.6942, 0.6923, 0.6891, 0.7002, 0.7057, 0.7072, 0.7055, 0.69, 0.6858], [0.6475, 0.655, 0.6476, 0.6536, 0.6544, 0.6592, 0.6404, 0.6415, 0.6396], [0.8709, 0.88, 0.8896, 0.8817, 0.8767, 0.8868, 0.8728, 0.8881, 0.8865], [0.7254, 0.7159, 0.7214, 0.7123, 0.7172, 0.7179, 0.7089, 0.7206, 0.7241]]	
Results: 	[[0.6713, 0.6636, 0.6714, 0.6766, 0.6745, 0.6799, 0.6766, 0.6604, 0.6766, 0.6744], [0.9052, 0.9037, 0.9031, 0.9039, 0.9072, 0.9086, 0.9122, 0.9068, 0.9061, 0.9094], [0.6942, 0.6923, 0.6891, 0.7002, 0.7057, 0.7072, 0.7055, 0.69, 0.6858, 0.6988], [0.6475, 0.655, 0.6476, 0.6536, 0.6544, 0.6592, 0.6404, 0.6415, 0.6396, 0.653], [0.8709, 0.88, 0.8896, 0.8817, 0.8767, 0.8868, 0.8728, 0.8881, 0.8865, 0.8893], [0.7254, 0.7159, 0.7214, 0.7123, 0.7172, 0.7179, 0.7089, 0.7206, 0.7241, 0.7133]]	
Results: 	[[0.6713, 0.6636, 0.6714, 0.6766, 0.6745, 0.6799, 0.6766, 0.6604, 0.6766, 0.6744, 0.6855], [0.9052, 0.9037, 0.9031, 0.9039, 0.9072, 0.9086, 0.9122, 0.9068, 0.9061, 0.9094, 0.906], [0.6942, 0.6923, 0.6891, 0.7002, 0.7057, 0.7072, 0.7055, 0.69, 0.6858, 0.6988, 0.7116], [0.6475, 0.655, 0.6476, 0.6536, 0.6544, 0.6592, 0.6404, 0.6415, 0.6396, 0.653, 0.6422], [0.8709, 0.88, 0.8896, 0.8817, 0.8767, 0.8868, 0.8728, 0.8881, 0.8865, 0.8893, 0.8807], [0.7254, 0.7159, 0.7214, 0.7123, 0.7172, 0.7179, 0.7089, 0.7206, 0.7241, 0.7133, 0.7247]]	
Results: 	[[0.6713, 0.6636, 0.6714, 0.6766, 0.6745, 0.6799, 0.6766, 0.6604, 0.6766, 0.6744, 0.6855, 0.6704], [0.9052, 0.9037, 0.9031, 0.9039, 0.9072, 0.9086, 0.9122, 0.9068, 0.9061, 0.9094, 0.906, 0.9051], [0.6942, 0.6923, 0.6891, 0.7002, 0.7057, 0.7072, 0.7055, 0.69, 0.6858, 0.6988, 0.7116, 0.7094], [0.6475, 0.655, 0.6476, 0.6536, 0.6544, 0.6592, 0.6404, 0.6415, 0.6396, 0.653, 0.6422, 0.6327], [0.8709, 0.88, 0.8896, 0.8817, 0.8767, 0.8868, 0.8728, 0.8881, 0.8865, 0.8893, 0.8807, 0.8737], [0.7254, 0.7159, 0.7214, 0.7123, 0.7172, 0.7179, 0.7089, 0.7206, 0.7241, 0.7133, 0.7247, 0.7111]]	
Results: 	[[0.6713, 0.6636, 0.6714, 0.6766, 0.6745, 0.6799, 0.6766, 0.6604, 0.6766, 0.6744, 0.6855, 0.6704, 0.6912], [0.9052, 0.9037, 0.9031, 0.9039, 0.9072, 0.9086, 0.9122, 0.9068, 0.9061, 0.9094, 0.906, 0.9051, 0.9054], [0.6942, 0.6923, 0.6891, 0.7002, 0.7057, 0.7072, 0.7055, 0.69, 0.6858, 0.6988, 0.7116, 0.7094, 0.7], [0.6475, 0.655, 0.6476, 0.6536, 0.6544, 0.6592, 0.6404, 0.6415, 0.6396, 0.653, 0.6422, 0.6327, 0.6461], [0.8709, 0.88, 0.8896, 0.8817, 0.8767, 0.8868, 0.8728, 0.8881, 0.8865, 0.8893, 0.8807, 0.8737, 0.8921], [0.7254, 0.7159, 0.7214, 0.7123, 0.7172, 0.7179, 0.7089, 0.7206, 0.7241, 0.7133, 0.7247, 0.7111, 0.7262]]	
Results: 	[[0.6713, 0.6636, 0.6714, 0.6766, 0.6745, 0.6799, 0.6766, 0.6604, 0.6766, 0.6744, 0.6855, 0.6704, 0.6912, 0.6828], [0.9052, 0.9037, 0.9031, 0.9039, 0.9072, 0.9086, 0.9122, 0.9068, 0.9061, 0.9094, 0.906, 0.9051, 0.9054, 0.9093], [0.6942, 0.6923, 0.6891, 0.7002, 0.7057, 0.7072, 0.7055, 0.69, 0.6858, 0.6988, 0.7116, 0.7094, 0.7, 0.7024], [0.6475, 0.655, 0.6476, 0.6536, 0.6544, 0.6592, 0.6404, 0.6415, 0.6396, 0.653, 0.6422, 0.6327, 0.6461, 0.6415], [0.8709, 0.88, 0.8896, 0.8817, 0.8767, 0.8868, 0.8728, 0.8881, 0.8865, 0.8893, 0.8807, 0.8737, 0.8921, 0.865], [0.7254, 0.7159, 0.7214, 0.7123, 0.7172, 0.7179, 0.7089, 0.7206, 0.7241, 0.7133, 0.7247, 0.7111, 0.7262, 0.7175]]	
Results: 	[[0.6713, 0.6636, 0.6714, 0.6766, 0.6745, 0.6799, 0.6766, 0.6604, 0.6766, 0.6744, 0.6855, 0.6704, 0.6912, 0.6828, 0.6822], [0.9052, 0.9037, 0.9031, 0.9039, 0.9072, 0.9086, 0.9122, 0.9068, 0.9061, 0.9094, 0.906, 0.9051, 0.9054, 0.9093, 0.9097], [0.6942, 0.6923, 0.6891, 0.7002, 0.7057, 0.7072, 0.7055, 0.69, 0.6858, 0.6988, 0.7116, 0.7094, 0.7, 0.7024, 0.6653], [0.6475, 0.655, 0.6476, 0.6536, 0.6544, 0.6592, 0.6404, 0.6415, 0.6396, 0.653, 0.6422, 0.6327, 0.6461, 0.6415, 0.6498], [0.8709, 0.88, 0.8896, 0.8817, 0.8767, 0.8868, 0.8728, 0.8881, 0.8865, 0.8893, 0.8807, 0.8737, 0.8921, 0.865, 0.8756], [0.7254, 0.7159, 0.7214, 0.7123, 0.7172, 0.7179, 0.7089, 0.7206, 0.7241, 0.7133, 0.7247, 0.7111, 0.7262, 0.7175, 0.717]]	
Results: 	[[0.6713, 0.6636, 0.6714, 0.6766, 0.6745, 0.6799, 0.6766, 0.6604, 0.6766, 0.6744, 0.6855, 0.6704, 0.6912, 0.6828, 0.6822, 0.6745], [0.9052, 0.9037, 0.9031, 0.9039, 0.9072, 0.9086, 0.9122, 0.9068, 0.9061, 0.9094, 0.906, 0.9051, 0.9054, 0.9093, 0.9097, 0.9069], [0.6942, 0.6923, 0.6891, 0.7002, 0.7057, 0.7072, 0.7055, 0.69, 0.6858, 0.6988, 0.7116, 0.7094, 0.7, 0.7024, 0.6653, 0.694], [0.6475, 0.655, 0.6476, 0.6536, 0.6544, 0.6592, 0.6404, 0.6415, 0.6396, 0.653, 0.6422, 0.6327, 0.6461, 0.6415, 0.6498, 0.6563], [0.8709, 0.88, 0.8896, 0.8817, 0.8767, 0.8868, 0.8728, 0.8881, 0.8865, 0.8893, 0.8807, 0.8737, 0.8921, 0.865, 0.8756, 0.8893], [0.7254, 0.7159, 0.7214, 0.7123, 0.7172, 0.7179, 0.7089, 0.7206, 0.7241, 0.7133, 0.7247, 0.7111, 0.7262, 0.7175, 0.717, 0.718]]	
Results: 	[[0.6713, 0.6636, 0.6714, 0.6766, 0.6745, 0.6799, 0.6766, 0.6604, 0.6766, 0.6744, 0.6855, 0.6704, 0.6912, 0.6828, 0.6822, 0.6745, 0.6716], [0.9052, 0.9037, 0.9031, 0.9039, 0.9072, 0.9086, 0.9122, 0.9068, 0.9061, 0.9094, 0.906, 0.9051, 0.9054, 0.9093, 0.9097, 0.9069, 0.9118], [0.6942, 0.6923, 0.6891, 0.7002, 0.7057, 0.7072, 0.7055, 0.69, 0.6858, 0.6988, 0.7116, 0.7094, 0.7, 0.7024, 0.6653, 0.694, 0.7024], [0.6475, 0.655, 0.6476, 0.6536, 0.6544, 0.6592, 0.6404, 0.6415, 0.6396, 0.653, 0.6422, 0.6327, 0.6461, 0.6415, 0.6498, 0.6563, 0.6619], [0.8709, 0.88, 0.8896, 0.8817, 0.8767, 0.8868, 0.8728, 0.8881, 0.8865, 0.8893, 0.8807, 0.8737, 0.8921, 0.865, 0.8756, 0.8893, 0.8866], [0.7254, 0.7159, 0.7214, 0.7123, 0.7172, 0.7179, 0.7089, 0.7206, 0.7241, 0.7133, 0.7247, 0.7111, 0.7262, 0.7175, 0.717, 0.718, 0.724]]	
Results: 	[[0.6713, 0.6636, 0.6714, 0.6766, 0.6745, 0.6799, 0.6766, 0.6604, 0.6766, 0.6744, 0.6855, 0.6704, 0.6912, 0.6828, 0.6822, 0.6745, 0.6716, 0.6714], [0.9052, 0.9037, 0.9031, 0.9039, 0.9072, 0.9086, 0.9122, 0.9068, 0.9061, 0.9094, 0.906, 0.9051, 0.9054, 0.9093, 0.9097, 0.9069, 0.9118, 0.909], [0.6942, 0.6923, 0.6891, 0.7002, 0.7057, 0.7072, 0.7055, 0.69, 0.6858, 0.6988, 0.7116, 0.7094, 0.7, 0.7024, 0.6653, 0.694, 0.7024, 0.6986], [0.6475, 0.655, 0.6476, 0.6536, 0.6544, 0.6592, 0.6404, 0.6415, 0.6396, 0.653, 0.6422, 0.6327, 0.6461, 0.6415, 0.6498, 0.6563, 0.6619, 0.6537], [0.8709, 0.88, 0.8896, 0.8817, 0.8767, 0.8868, 0.8728, 0.8881, 0.8865, 0.8893, 0.8807, 0.8737, 0.8921, 0.865, 0.8756, 0.8893, 0.8866, 0.8705], [0.7254, 0.7159, 0.7214, 0.7123, 0.7172, 0.7179, 0.7089, 0.7206, 0.7241, 0.7133, 0.7247, 0.7111, 0.7262, 0.7175, 0.717, 0.718, 0.724, 0.715]]	
Results: 	[[0.6713, 0.6636, 0.6714, 0.6766, 0.6745, 0.6799, 0.6766, 0.6604, 0.6766, 0.6744, 0.6855, 0.6704, 0.6912, 0.6828, 0.6822, 0.6745, 0.6716, 0.6714, 0.6772], [0.9052, 0.9037, 0.9031, 0.9039, 0.9072, 0.9086, 0.9122, 0.9068, 0.9061, 0.9094, 0.906, 0.9051, 0.9054, 0.9093, 0.9097, 0.9069, 0.9118, 0.909, 0.9088], [0.6942, 0.6923, 0.6891, 0.7002, 0.7057, 0.7072, 0.7055, 0.69, 0.6858, 0.6988, 0.7116, 0.7094, 0.7, 0.7024, 0.6653, 0.694, 0.7024, 0.6986, 0.6919], [0.6475, 0.655, 0.6476, 0.6536, 0.6544, 0.6592, 0.6404, 0.6415, 0.6396, 0.653, 0.6422, 0.6327, 0.6461, 0.6415, 0.6498, 0.6563, 0.6619, 0.6537, 0.6451], [0.8709, 0.88, 0.8896, 0.8817, 0.8767, 0.8868, 0.8728, 0.8881, 0.8865, 0.8893, 0.8807, 0.8737, 0.8921, 0.865, 0.8756, 0.8893, 0.8866, 0.8705, 0.8914], [0.7254, 0.7159, 0.7214, 0.7123, 0.7172, 0.7179, 0.7089, 0.7206, 0.7241, 0.7133, 0.7247, 0.7111, 0.7262, 0.7175, 0.717, 0.718, 0.724, 0.715, 0.7153]]	
Results: 	[[0.6713, 0.6636, 0.6714, 0.6766, 0.6745, 0.6799, 0.6766, 0.6604, 0.6766, 0.6744, 0.6855, 0.6704, 0.6912, 0.6828, 0.6822, 0.6745, 0.6716, 0.6714, 0.6772, 0.6689], [0.9052, 0.9037, 0.9031, 0.9039, 0.9072, 0.9086, 0.9122, 0.9068, 0.9061, 0.9094, 0.906, 0.9051, 0.9054, 0.9093, 0.9097, 0.9069, 0.9118, 0.909, 0.9088, 0.9066], [0.6942, 0.6923, 0.6891, 0.7002, 0.7057, 0.7072, 0.7055, 0.69, 0.6858, 0.6988, 0.7116, 0.7094, 0.7, 0.7024, 0.6653, 0.694, 0.7024, 0.6986, 0.6919, 0.7074], [0.6475, 0.655, 0.6476, 0.6536, 0.6544, 0.6592, 0.6404, 0.6415, 0.6396, 0.653, 0.6422, 0.6327, 0.6461, 0.6415, 0.6498, 0.6563, 0.6619, 0.6537, 0.6451, 0.6205], [0.8709, 0.88, 0.8896, 0.8817, 0.8767, 0.8868, 0.8728, 0.8881, 0.8865, 0.8893, 0.8807, 0.8737, 0.8921, 0.865, 0.8756, 0.8893, 0.8866, 0.8705, 0.8914, 0.878], [0.7254, 0.7159, 0.7214, 0.7123, 0.7172, 0.7179, 0.7089, 0.7206, 0.7241, 0.7133, 0.7247, 0.7111, 0.7262, 0.7175, 0.717, 0.718, 0.724, 0.715, 0.7153, 0.7127]]	
Results: 	[[0.6713, 0.6636, 0.6714, 0.6766, 0.6745, 0.6799, 0.6766, 0.6604, 0.6766, 0.6744, 0.6855, 0.6704, 0.6912, 0.6828, 0.6822, 0.6745, 0.6716, 0.6714, 0.6772, 0.6689, 0.6714], [0.9052, 0.9037, 0.9031, 0.9039, 0.9072, 0.9086, 0.9122, 0.9068, 0.9061, 0.9094, 0.906, 0.9051, 0.9054, 0.9093, 0.9097, 0.9069, 0.9118, 0.909, 0.9088, 0.9066, 0.9066], [0.6942, 0.6923, 0.6891, 0.7002, 0.7057, 0.7072, 0.7055, 0.69, 0.6858, 0.6988, 0.7116, 0.7094, 0.7, 0.7024, 0.6653, 0.694, 0.7024, 0.6986, 0.6919, 0.7074, 0.6975], [0.6475, 0.655, 0.6476, 0.6536, 0.6544, 0.6592, 0.6404, 0.6415, 0.6396, 0.653, 0.6422, 0.6327, 0.6461, 0.6415, 0.6498, 0.6563, 0.6619, 0.6537, 0.6451, 0.6205, 0.6163], [0.8709, 0.88, 0.8896, 0.8817, 0.8767, 0.8868, 0.8728, 0.8881, 0.8865, 0.8893, 0.8807, 0.8737, 0.8921, 0.865, 0.8756, 0.8893, 0.8866, 0.8705, 0.8914, 0.878, 0.8864], [0.7254, 0.7159, 0.7214, 0.7123, 0.7172, 0.7179, 0.7089, 0.7206, 0.7241, 0.7133, 0.7247, 0.7111, 0.7262, 0.7175, 0.717, 0.718, 0.724, 0.715, 0.7153, 0.7127, 0.7147]]	
Results: 	[[0.6713, 0.6636, 0.6714, 0.6766, 0.6745, 0.6799, 0.6766, 0.6604, 0.6766, 0.6744, 0.6855, 0.6704, 0.6912, 0.6828, 0.6822, 0.6745, 0.6716, 0.6714, 0.6772, 0.6689, 0.6714, 0.6772], [0.9052, 0.9037, 0.9031, 0.9039, 0.9072, 0.9086, 0.9122, 0.9068, 0.9061, 0.9094, 0.906, 0.9051, 0.9054, 0.9093, 0.9097, 0.9069, 0.9118, 0.909, 0.9088, 0.9066, 0.9066, 0.9048], [0.6942, 0.6923, 0.6891, 0.7002, 0.7057, 0.7072, 0.7055, 0.69, 0.6858, 0.6988, 0.7116, 0.7094, 0.7, 0.7024, 0.6653, 0.694, 0.7024, 0.6986, 0.6919, 0.7074, 0.6975, 0.7102], [0.6475, 0.655, 0.6476, 0.6536, 0.6544, 0.6592, 0.6404, 0.6415, 0.6396, 0.653, 0.6422, 0.6327, 0.6461, 0.6415, 0.6498, 0.6563, 0.6619, 0.6537, 0.6451, 0.6205, 0.6163, 0.6531], [0.8709, 0.88, 0.8896, 0.8817, 0.8767, 0.8868, 0.8728, 0.8881, 0.8865, 0.8893, 0.8807, 0.8737, 0.8921, 0.865, 0.8756, 0.8893, 0.8866, 0.8705, 0.8914, 0.878, 0.8864, 0.8756], [0.7254, 0.7159, 0.7214, 0.7123, 0.7172, 0.7179, 0.7089, 0.7206, 0.7241, 0.7133, 0.7247, 0.7111, 0.7262, 0.7175, 0.717, 0.718, 0.724, 0.715, 0.7153, 0.7127, 0.7147, 0.7081]]	
Results: 	[[0.6713, 0.6636, 0.6714, 0.6766, 0.6745, 0.6799, 0.6766, 0.6604, 0.6766, 0.6744, 0.6855, 0.6704, 0.6912, 0.6828, 0.6822, 0.6745, 0.6716, 0.6714, 0.6772, 0.6689, 0.6714, 0.6772, 0.6726], [0.9052, 0.9037, 0.9031, 0.9039, 0.9072, 0.9086, 0.9122, 0.9068, 0.9061, 0.9094, 0.906, 0.9051, 0.9054, 0.9093, 0.9097, 0.9069, 0.9118, 0.909, 0.9088, 0.9066, 0.9066, 0.9048, 0.905], [0.6942, 0.6923, 0.6891, 0.7002, 0.7057, 0.7072, 0.7055, 0.69, 0.6858, 0.6988, 0.7116, 0.7094, 0.7, 0.7024, 0.6653, 0.694, 0.7024, 0.6986, 0.6919, 0.7074, 0.6975, 0.7102, 0.7018], [0.6475, 0.655, 0.6476, 0.6536, 0.6544, 0.6592, 0.6404, 0.6415, 0.6396, 0.653, 0.6422, 0.6327, 0.6461, 0.6415, 0.6498, 0.6563, 0.6619, 0.6537, 0.6451, 0.6205, 0.6163, 0.6531, 0.6272], [0.8709, 0.88, 0.8896, 0.8817, 0.8767, 0.8868, 0.8728, 0.8881, 0.8865, 0.8893, 0.8807, 0.8737, 0.8921, 0.865, 0.8756, 0.8893, 0.8866, 0.8705, 0.8914, 0.878, 0.8864, 0.8756, 0.888], [0.7254, 0.7159, 0.7214, 0.7123, 0.7172, 0.7179, 0.7089, 0.7206, 0.7241, 0.7133, 0.7247, 0.7111, 0.7262, 0.7175, 0.717, 0.718, 0.724, 0.715, 0.7153, 0.7127, 0.7147, 0.7081, 0.7197]]	
Results: 	[[0.6713, 0.6636, 0.6714, 0.6766, 0.6745, 0.6799, 0.6766, 0.6604, 0.6766, 0.6744, 0.6855, 0.6704, 0.6912, 0.6828, 0.6822, 0.6745, 0.6716, 0.6714, 0.6772, 0.6689, 0.6714, 0.6772, 0.6726, 0.6851], [0.9052, 0.9037, 0.9031, 0.9039, 0.9072, 0.9086, 0.9122, 0.9068, 0.9061, 0.9094, 0.906, 0.9051, 0.9054, 0.9093, 0.9097, 0.9069, 0.9118, 0.909, 0.9088, 0.9066, 0.9066, 0.9048, 0.905, 0.9064], [0.6942, 0.6923, 0.6891, 0.7002, 0.7057, 0.7072, 0.7055, 0.69, 0.6858, 0.6988, 0.7116, 0.7094, 0.7, 0.7024, 0.6653, 0.694, 0.7024, 0.6986, 0.6919, 0.7074, 0.6975, 0.7102, 0.7018, 0.7046], [0.6475, 0.655, 0.6476, 0.6536, 0.6544, 0.6592, 0.6404, 0.6415, 0.6396, 0.653, 0.6422, 0.6327, 0.6461, 0.6415, 0.6498, 0.6563, 0.6619, 0.6537, 0.6451, 0.6205, 0.6163, 0.6531, 0.6272, 0.6567], [0.8709, 0.88, 0.8896, 0.8817, 0.8767, 0.8868, 0.8728, 0.8881, 0.8865, 0.8893, 0.8807, 0.8737, 0.8921, 0.865, 0.8756, 0.8893, 0.8866, 0.8705, 0.8914, 0.878, 0.8864, 0.8756, 0.888, 0.8918], [0.7254, 0.7159, 0.7214, 0.7123, 0.7172, 0.7179, 0.7089, 0.7206, 0.7241, 0.7133, 0.7247, 0.7111, 0.7262, 0.7175, 0.717, 0.718, 0.724, 0.715, 0.7153, 0.7127, 0.7147, 0.7081, 0.7197, 0.7095]]	
Results: 	[[0.6713, 0.6636, 0.6714, 0.6766, 0.6745, 0.6799, 0.6766, 0.6604, 0.6766, 0.6744, 0.6855, 0.6704, 0.6912, 0.6828, 0.6822, 0.6745, 0.6716, 0.6714, 0.6772, 0.6689, 0.6714, 0.6772, 0.6726, 0.6851, 0.6794], [0.9052, 0.9037, 0.9031, 0.9039, 0.9072, 0.9086, 0.9122, 0.9068, 0.9061, 0.9094, 0.906, 0.9051, 0.9054, 0.9093, 0.9097, 0.9069, 0.9118, 0.909, 0.9088, 0.9066, 0.9066, 0.9048, 0.905, 0.9064, 0.9042], [0.6942, 0.6923, 0.6891, 0.7002, 0.7057, 0.7072, 0.7055, 0.69, 0.6858, 0.6988, 0.7116, 0.7094, 0.7, 0.7024, 0.6653, 0.694, 0.7024, 0.6986, 0.6919, 0.7074, 0.6975, 0.7102, 0.7018, 0.7046, 0.7176], [0.6475, 0.655, 0.6476, 0.6536, 0.6544, 0.6592, 0.6404, 0.6415, 0.6396, 0.653, 0.6422, 0.6327, 0.6461, 0.6415, 0.6498, 0.6563, 0.6619, 0.6537, 0.6451, 0.6205, 0.6163, 0.6531, 0.6272, 0.6567, 0.6566], [0.8709, 0.88, 0.8896, 0.8817, 0.8767, 0.8868, 0.8728, 0.8881, 0.8865, 0.8893, 0.8807, 0.8737, 0.8921, 0.865, 0.8756, 0.8893, 0.8866, 0.8705, 0.8914, 0.878, 0.8864, 0.8756, 0.888, 0.8918, 0.891], [0.7254, 0.7159, 0.7214, 0.7123, 0.7172, 0.7179, 0.7089, 0.7206, 0.7241, 0.7133, 0.7247, 0.7111, 0.7262, 0.7175, 0.717, 0.718, 0.724, 0.715, 0.7153, 0.7127, 0.7147, 0.7081, 0.7197, 0.7095, 0.726]]	
Results: 	[[0.6713, 0.6636, 0.6714, 0.6766, 0.6745, 0.6799, 0.6766, 0.6604, 0.6766, 0.6744, 0.6855, 0.6704, 0.6912, 0.6828, 0.6822, 0.6745, 0.6716, 0.6714, 0.6772, 0.6689, 0.6714, 0.6772, 0.6726, 0.6851, 0.6794, 0.6847], [0.9052, 0.9037, 0.9031, 0.9039, 0.9072, 0.9086, 0.9122, 0.9068, 0.9061, 0.9094, 0.906, 0.9051, 0.9054, 0.9093, 0.9097, 0.9069, 0.9118, 0.909, 0.9088, 0.9066, 0.9066, 0.9048, 0.905, 0.9064, 0.9042, 0.9061], [0.6942, 0.6923, 0.6891, 0.7002, 0.7057, 0.7072, 0.7055, 0.69, 0.6858, 0.6988, 0.7116, 0.7094, 0.7, 0.7024, 0.6653, 0.694, 0.7024, 0.6986, 0.6919, 0.7074, 0.6975, 0.7102, 0.7018, 0.7046, 0.7176, 0.6962], [0.6475, 0.655, 0.6476, 0.6536, 0.6544, 0.6592, 0.6404, 0.6415, 0.6396, 0.653, 0.6422, 0.6327, 0.6461, 0.6415, 0.6498, 0.6563, 0.6619, 0.6537, 0.6451, 0.6205, 0.6163, 0.6531, 0.6272, 0.6567, 0.6566, 0.6424], [0.8709, 0.88, 0.8896, 0.8817, 0.8767, 0.8868, 0.8728, 0.8881, 0.8865, 0.8893, 0.8807, 0.8737, 0.8921, 0.865, 0.8756, 0.8893, 0.8866, 0.8705, 0.8914, 0.878, 0.8864, 0.8756, 0.888, 0.8918, 0.891, 0.8888], [0.7254, 0.7159, 0.7214, 0.7123, 0.7172, 0.7179, 0.7089, 0.7206, 0.7241, 0.7133, 0.7247, 0.7111, 0.7262, 0.7175, 0.717, 0.718, 0.724, 0.715, 0.7153, 0.7127, 0.7147, 0.7081, 0.7197, 0.7095, 0.726, 0.7235]]	
Results: 	[[0.6713, 0.6636, 0.6714, 0.6766, 0.6745, 0.6799, 0.6766, 0.6604, 0.6766, 0.6744, 0.6855, 0.6704, 0.6912, 0.6828, 0.6822, 0.6745, 0.6716, 0.6714, 0.6772, 0.6689, 0.6714, 0.6772, 0.6726, 0.6851, 0.6794, 0.6847, 0.6748], [0.9052, 0.9037, 0.9031, 0.9039, 0.9072, 0.9086, 0.9122, 0.9068, 0.9061, 0.9094, 0.906, 0.9051, 0.9054, 0.9093, 0.9097, 0.9069, 0.9118, 0.909, 0.9088, 0.9066, 0.9066, 0.9048, 0.905, 0.9064, 0.9042, 0.9061, 0.9077], [0.6942, 0.6923, 0.6891, 0.7002, 0.7057, 0.7072, 0.7055, 0.69, 0.6858, 0.6988, 0.7116, 0.7094, 0.7, 0.7024, 0.6653, 0.694, 0.7024, 0.6986, 0.6919, 0.7074, 0.6975, 0.7102, 0.7018, 0.7046, 0.7176, 0.6962, 0.6919], [0.6475, 0.655, 0.6476, 0.6536, 0.6544, 0.6592, 0.6404, 0.6415, 0.6396, 0.653, 0.6422, 0.6327, 0.6461, 0.6415, 0.6498, 0.6563, 0.6619, 0.6537, 0.6451, 0.6205, 0.6163, 0.6531, 0.6272, 0.6567, 0.6566, 0.6424, 0.641], [0.8709, 0.88, 0.8896, 0.8817, 0.8767, 0.8868, 0.8728, 0.8881, 0.8865, 0.8893, 0.8807, 0.8737, 0.8921, 0.865, 0.8756, 0.8893, 0.8866, 0.8705, 0.8914, 0.878, 0.8864, 0.8756, 0.888, 0.8918, 0.891, 0.8888, 0.8931], [0.7254, 0.7159, 0.7214, 0.7123, 0.7172, 0.7179, 0.7089, 0.7206, 0.7241, 0.7133, 0.7247, 0.7111, 0.7262, 0.7175, 0.717, 0.718, 0.724, 0.715, 0.7153, 0.7127, 0.7147, 0.7081, 0.7197, 0.7095, 0.726, 0.7235, 0.7111]]	
Results: 	[[0.6713, 0.6636, 0.6714, 0.6766, 0.6745, 0.6799, 0.6766, 0.6604, 0.6766, 0.6744, 0.6855, 0.6704, 0.6912, 0.6828, 0.6822, 0.6745, 0.6716, 0.6714, 0.6772, 0.6689, 0.6714, 0.6772, 0.6726, 0.6851, 0.6794, 0.6847, 0.6748, 0.6772], [0.9052, 0.9037, 0.9031, 0.9039, 0.9072, 0.9086, 0.9122, 0.9068, 0.9061, 0.9094, 0.906, 0.9051, 0.9054, 0.9093, 0.9097, 0.9069, 0.9118, 0.909, 0.9088, 0.9066, 0.9066, 0.9048, 0.905, 0.9064, 0.9042, 0.9061, 0.9077, 0.905], [0.6942, 0.6923, 0.6891, 0.7002, 0.7057, 0.7072, 0.7055, 0.69, 0.6858, 0.6988, 0.7116, 0.7094, 0.7, 0.7024, 0.6653, 0.694, 0.7024, 0.6986, 0.6919, 0.7074, 0.6975, 0.7102, 0.7018, 0.7046, 0.7176, 0.6962, 0.6919, 0.6834], [0.6475, 0.655, 0.6476, 0.6536, 0.6544, 0.6592, 0.6404, 0.6415, 0.6396, 0.653, 0.6422, 0.6327, 0.6461, 0.6415, 0.6498, 0.6563, 0.6619, 0.6537, 0.6451, 0.6205, 0.6163, 0.6531, 0.6272, 0.6567, 0.6566, 0.6424, 0.641, 0.6434], [0.8709, 0.88, 0.8896, 0.8817, 0.8767, 0.8868, 0.8728, 0.8881, 0.8865, 0.8893, 0.8807, 0.8737, 0.8921, 0.865, 0.8756, 0.8893, 0.8866, 0.8705, 0.8914, 0.878, 0.8864, 0.8756, 0.888, 0.8918, 0.891, 0.8888, 0.8931, 0.8773], [0.7254, 0.7159, 0.7214, 0.7123, 0.7172, 0.7179, 0.7089, 0.7206, 0.7241, 0.7133, 0.7247, 0.7111, 0.7262, 0.7175, 0.717, 0.718, 0.724, 0.715, 0.7153, 0.7127, 0.7147, 0.7081, 0.7197, 0.7095, 0.726, 0.7235, 0.7111, 0.7112]]	
Results: 	[[0.6713, 0.6636, 0.6714, 0.6766, 0.6745, 0.6799, 0.6766, 0.6604, 0.6766, 0.6744, 0.6855, 0.6704, 0.6912, 0.6828, 0.6822, 0.6745, 0.6716, 0.6714, 0.6772, 0.6689, 0.6714, 0.6772, 0.6726, 0.6851, 0.6794, 0.6847, 0.6748, 0.6772, 0.6756], [0.9052, 0.9037, 0.9031, 0.9039, 0.9072, 0.9086, 0.9122, 0.9068, 0.9061, 0.9094, 0.906, 0.9051, 0.9054, 0.9093, 0.9097, 0.9069, 0.9118, 0.909, 0.9088, 0.9066, 0.9066, 0.9048, 0.905, 0.9064, 0.9042, 0.9061, 0.9077, 0.905, 0.9077], [0.6942, 0.6923, 0.6891, 0.7002, 0.7057, 0.7072, 0.7055, 0.69, 0.6858, 0.6988, 0.7116, 0.7094, 0.7, 0.7024, 0.6653, 0.694, 0.7024, 0.6986, 0.6919, 0.7074, 0.6975, 0.7102, 0.7018, 0.7046, 0.7176, 0.6962, 0.6919, 0.6834, 0.7046], [0.6475, 0.655, 0.6476, 0.6536, 0.6544, 0.6592, 0.6404, 0.6415, 0.6396, 0.653, 0.6422, 0.6327, 0.6461, 0.6415, 0.6498, 0.6563, 0.6619, 0.6537, 0.6451, 0.6205, 0.6163, 0.6531, 0.6272, 0.6567, 0.6566, 0.6424, 0.641, 0.6434, 0.6371], [0.8709, 0.88, 0.8896, 0.8817, 0.8767, 0.8868, 0.8728, 0.8881, 0.8865, 0.8893, 0.8807, 0.8737, 0.8921, 0.865, 0.8756, 0.8893, 0.8866, 0.8705, 0.8914, 0.878, 0.8864, 0.8756, 0.888, 0.8918, 0.891, 0.8888, 0.8931, 0.8773, 0.8864], [0.7254, 0.7159, 0.7214, 0.7123, 0.7172, 0.7179, 0.7089, 0.7206, 0.7241, 0.7133, 0.7247, 0.7111, 0.7262, 0.7175, 0.717, 0.718, 0.724, 0.715, 0.7153, 0.7127, 0.7147, 0.7081, 0.7197, 0.7095, 0.726, 0.7235, 0.7111, 0.7112, 0.7062]]	
Results: 	[[0.6713, 0.6636, 0.6714, 0.6766, 0.6745, 0.6799, 0.6766, 0.6604, 0.6766, 0.6744, 0.6855, 0.6704, 0.6912, 0.6828, 0.6822, 0.6745, 0.6716, 0.6714, 0.6772, 0.6689, 0.6714, 0.6772, 0.6726, 0.6851, 0.6794, 0.6847, 0.6748, 0.6772, 0.6756, 0.6821], [0.9052, 0.9037, 0.9031, 0.9039, 0.9072, 0.9086, 0.9122, 0.9068, 0.9061, 0.9094, 0.906, 0.9051, 0.9054, 0.9093, 0.9097, 0.9069, 0.9118, 0.909, 0.9088, 0.9066, 0.9066, 0.9048, 0.905, 0.9064, 0.9042, 0.9061, 0.9077, 0.905, 0.9077, 0.9071], [0.6942, 0.6923, 0.6891, 0.7002, 0.7057, 0.7072, 0.7055, 0.69, 0.6858, 0.6988, 0.7116, 0.7094, 0.7, 0.7024, 0.6653, 0.694, 0.7024, 0.6986, 0.6919, 0.7074, 0.6975, 0.7102, 0.7018, 0.7046, 0.7176, 0.6962, 0.6919, 0.6834, 0.7046, 0.7098], [0.6475, 0.655, 0.6476, 0.6536, 0.6544, 0.6592, 0.6404, 0.6415, 0.6396, 0.653, 0.6422, 0.6327, 0.6461, 0.6415, 0.6498, 0.6563, 0.6619, 0.6537, 0.6451, 0.6205, 0.6163, 0.6531, 0.6272, 0.6567, 0.6566, 0.6424, 0.641, 0.6434, 0.6371, 0.6482], [0.8709, 0.88, 0.8896, 0.8817, 0.8767, 0.8868, 0.8728, 0.8881, 0.8865, 0.8893, 0.8807, 0.8737, 0.8921, 0.865, 0.8756, 0.8893, 0.8866, 0.8705, 0.8914, 0.878, 0.8864, 0.8756, 0.888, 0.8918, 0.891, 0.8888, 0.8931, 0.8773, 0.8864, 0.8942], [0.7254, 0.7159, 0.7214, 0.7123, 0.7172, 0.7179, 0.7089, 0.7206, 0.7241, 0.7133, 0.7247, 0.7111, 0.7262, 0.7175, 0.717, 0.718, 0.724, 0.715, 0.7153, 0.7127, 0.7147, 0.7081, 0.7197, 0.7095, 0.726, 0.7235, 0.7111, 0.7112, 0.7062, 0.7196]]
Support Sets: (Mean:0.6760366666666666, SD:0.006533335385878174) | 	Support Sets: (Mean:0.9068466666666667, SD:0.002256749773508326) | 	Support Sets: (Mean:0.69898, SD:0.010359649840973699) | 	Support Sets: (Mean:0.6454533333333333, SD:0.010919477483183301) | 	Support Sets: (Mean:0.8832633333333333, SD:0.007944656991503379) | 	Support Sets: (Mean:0.7169366666666667, SD:0.0057957465576851715) | 	
