Results: 	[[0.7202], [0.9182], [0.7454], [0.6911], [0.9056], [0.761]]	
Results: 	[[0.7202, 0.7243], [0.9182, 0.9213], [0.7454, 0.7551], [0.6911, 0.689], [0.9056, 0.9028], [0.761, 0.766]]	
Results: 	[[0.7202, 0.7243, 0.7234], [0.9182, 0.9213, 0.913], [0.7454, 0.7551, 0.752], [0.6911, 0.689, 0.6911], [0.9056, 0.9028, 0.8995], [0.761, 0.766, 0.7586]]	
Results: 	[[0.7202, 0.7243, 0.7234, 0.7264], [0.9182, 0.9213, 0.913, 0.9151], [0.7454, 0.7551, 0.752, 0.7482], [0.6911, 0.689, 0.6911, 0.7011], [0.9056, 0.9028, 0.8995, 0.9074], [0.761, 0.766, 0.7586, 0.7637]]	
Results: 	[[0.7202, 0.7243, 0.7234, 0.7264, 0.7257], [0.9182, 0.9213, 0.913, 0.9151, 0.9151], [0.7454, 0.7551, 0.752, 0.7482, 0.7492], [0.6911, 0.689, 0.6911, 0.7011, 0.6921], [0.9056, 0.9028, 0.8995, 0.9074, 0.9034], [0.761, 0.766, 0.7586, 0.7637, 0.7643]]	
Results: 	[[0.7202, 0.7243, 0.7234, 0.7264, 0.7257, 0.7134], [0.9182, 0.9213, 0.913, 0.9151, 0.9151, 0.9177], [0.7454, 0.7551, 0.752, 0.7482, 0.7492, 0.7475], [0.6911, 0.689, 0.6911, 0.7011, 0.6921, 0.695], [0.9056, 0.9028, 0.8995, 0.9074, 0.9034, 0.905], [0.761, 0.766, 0.7586, 0.7637, 0.7643, 0.7586]]	
Results: 	[[0.7202, 0.7243, 0.7234, 0.7264, 0.7257, 0.7134, 0.7188], [0.9182, 0.9213, 0.913, 0.9151, 0.9151, 0.9177, 0.9177], [0.7454, 0.7551, 0.752, 0.7482, 0.7492, 0.7475, 0.7528], [0.6911, 0.689, 0.6911, 0.7011, 0.6921, 0.695, 0.6926], [0.9056, 0.9028, 0.8995, 0.9074, 0.9034, 0.905, 0.9027], [0.761, 0.766, 0.7586, 0.7637, 0.7643, 0.7586, 0.7623]]	
Results: 	[[0.7202, 0.7243, 0.7234, 0.7264, 0.7257, 0.7134, 0.7188, 0.7249], [0.9182, 0.9213, 0.913, 0.9151, 0.9151, 0.9177, 0.9177, 0.9179], [0.7454, 0.7551, 0.752, 0.7482, 0.7492, 0.7475, 0.7528, 0.7476], [0.6911, 0.689, 0.6911, 0.7011, 0.6921, 0.695, 0.6926, 0.6883], [0.9056, 0.9028, 0.8995, 0.9074, 0.9034, 0.905, 0.9027, 0.9067], [0.761, 0.766, 0.7586, 0.7637, 0.7643, 0.7586, 0.7623, 0.7661]]	
Results: 	[[0.7202, 0.7243, 0.7234, 0.7264, 0.7257, 0.7134, 0.7188, 0.7249, 0.722], [0.9182, 0.9213, 0.913, 0.9151, 0.9151, 0.9177, 0.9177, 0.9179, 0.919], [0.7454, 0.7551, 0.752, 0.7482, 0.7492, 0.7475, 0.7528, 0.7476, 0.7464], [0.6911, 0.689, 0.6911, 0.7011, 0.6921, 0.695, 0.6926, 0.6883, 0.7049], [0.9056, 0.9028, 0.8995, 0.9074, 0.9034, 0.905, 0.9027, 0.9067, 0.9089], [0.761, 0.766, 0.7586, 0.7637, 0.7643, 0.7586, 0.7623, 0.7661, 0.7601]]	
Results: 	[[0.7202, 0.7243, 0.7234, 0.7264, 0.7257, 0.7134, 0.7188, 0.7249, 0.722, 0.7247], [0.9182, 0.9213, 0.913, 0.9151, 0.9151, 0.9177, 0.9177, 0.9179, 0.919, 0.9212], [0.7454, 0.7551, 0.752, 0.7482, 0.7492, 0.7475, 0.7528, 0.7476, 0.7464, 0.7453], [0.6911, 0.689, 0.6911, 0.7011, 0.6921, 0.695, 0.6926, 0.6883, 0.7049, 0.6872], [0.9056, 0.9028, 0.8995, 0.9074, 0.9034, 0.905, 0.9027, 0.9067, 0.9089, 0.9056], [0.761, 0.766, 0.7586, 0.7637, 0.7643, 0.7586, 0.7623, 0.7661, 0.7601, 0.7611]]	
Results: 	[[0.7202, 0.7243, 0.7234, 0.7264, 0.7257, 0.7134, 0.7188, 0.7249, 0.722, 0.7247, 0.722], [0.9182, 0.9213, 0.913, 0.9151, 0.9151, 0.9177, 0.9177, 0.9179, 0.919, 0.9212, 0.9215], [0.7454, 0.7551, 0.752, 0.7482, 0.7492, 0.7475, 0.7528, 0.7476, 0.7464, 0.7453, 0.7502], [0.6911, 0.689, 0.6911, 0.7011, 0.6921, 0.695, 0.6926, 0.6883, 0.7049, 0.6872, 0.6893], [0.9056, 0.9028, 0.8995, 0.9074, 0.9034, 0.905, 0.9027, 0.9067, 0.9089, 0.9056, 0.9063], [0.761, 0.766, 0.7586, 0.7637, 0.7643, 0.7586, 0.7623, 0.7661, 0.7601, 0.7611, 0.764]]	
Results: 	[[0.7202, 0.7243, 0.7234, 0.7264, 0.7257, 0.7134, 0.7188, 0.7249, 0.722, 0.7247, 0.722, 0.727], [0.9182, 0.9213, 0.913, 0.9151, 0.9151, 0.9177, 0.9177, 0.9179, 0.919, 0.9212, 0.9215, 0.9159], [0.7454, 0.7551, 0.752, 0.7482, 0.7492, 0.7475, 0.7528, 0.7476, 0.7464, 0.7453, 0.7502, 0.7487], [0.6911, 0.689, 0.6911, 0.7011, 0.6921, 0.695, 0.6926, 0.6883, 0.7049, 0.6872, 0.6893, 0.6917], [0.9056, 0.9028, 0.8995, 0.9074, 0.9034, 0.905, 0.9027, 0.9067, 0.9089, 0.9056, 0.9063, 0.9052], [0.761, 0.766, 0.7586, 0.7637, 0.7643, 0.7586, 0.7623, 0.7661, 0.7601, 0.7611, 0.764, 0.7619]]	
Results: 	[[0.7202, 0.7243, 0.7234, 0.7264, 0.7257, 0.7134, 0.7188, 0.7249, 0.722, 0.7247, 0.722, 0.727, 0.722], [0.9182, 0.9213, 0.913, 0.9151, 0.9151, 0.9177, 0.9177, 0.9179, 0.919, 0.9212, 0.9215, 0.9159, 0.9217], [0.7454, 0.7551, 0.752, 0.7482, 0.7492, 0.7475, 0.7528, 0.7476, 0.7464, 0.7453, 0.7502, 0.7487, 0.7467], [0.6911, 0.689, 0.6911, 0.7011, 0.6921, 0.695, 0.6926, 0.6883, 0.7049, 0.6872, 0.6893, 0.6917, 0.702], [0.9056, 0.9028, 0.8995, 0.9074, 0.9034, 0.905, 0.9027, 0.9067, 0.9089, 0.9056, 0.9063, 0.9052, 0.9054], [0.761, 0.766, 0.7586, 0.7637, 0.7643, 0.7586, 0.7623, 0.7661, 0.7601, 0.7611, 0.764, 0.7619, 0.7651]]	
Results: 	[[0.7202, 0.7243, 0.7234, 0.7264, 0.7257, 0.7134, 0.7188, 0.7249, 0.722, 0.7247, 0.722, 0.727, 0.722, 0.7186], [0.9182, 0.9213, 0.913, 0.9151, 0.9151, 0.9177, 0.9177, 0.9179, 0.919, 0.9212, 0.9215, 0.9159, 0.9217, 0.9162], [0.7454, 0.7551, 0.752, 0.7482, 0.7492, 0.7475, 0.7528, 0.7476, 0.7464, 0.7453, 0.7502, 0.7487, 0.7467, 0.75], [0.6911, 0.689, 0.6911, 0.7011, 0.6921, 0.695, 0.6926, 0.6883, 0.7049, 0.6872, 0.6893, 0.6917, 0.702, 0.6875], [0.9056, 0.9028, 0.8995, 0.9074, 0.9034, 0.905, 0.9027, 0.9067, 0.9089, 0.9056, 0.9063, 0.9052, 0.9054, 0.9044], [0.761, 0.766, 0.7586, 0.7637, 0.7643, 0.7586, 0.7623, 0.7661, 0.7601, 0.7611, 0.764, 0.7619, 0.7651, 0.7588]]	
Results: 	[[0.7202, 0.7243, 0.7234, 0.7264, 0.7257, 0.7134, 0.7188, 0.7249, 0.722, 0.7247, 0.722, 0.727, 0.722, 0.7186, 0.7221], [0.9182, 0.9213, 0.913, 0.9151, 0.9151, 0.9177, 0.9177, 0.9179, 0.919, 0.9212, 0.9215, 0.9159, 0.9217, 0.9162, 0.9167], [0.7454, 0.7551, 0.752, 0.7482, 0.7492, 0.7475, 0.7528, 0.7476, 0.7464, 0.7453, 0.7502, 0.7487, 0.7467, 0.75, 0.7466], [0.6911, 0.689, 0.6911, 0.7011, 0.6921, 0.695, 0.6926, 0.6883, 0.7049, 0.6872, 0.6893, 0.6917, 0.702, 0.6875, 0.691], [0.9056, 0.9028, 0.8995, 0.9074, 0.9034, 0.905, 0.9027, 0.9067, 0.9089, 0.9056, 0.9063, 0.9052, 0.9054, 0.9044, 0.9071], [0.761, 0.766, 0.7586, 0.7637, 0.7643, 0.7586, 0.7623, 0.7661, 0.7601, 0.7611, 0.764, 0.7619, 0.7651, 0.7588, 0.7599]]	
Results: 	[[0.7202, 0.7243, 0.7234, 0.7264, 0.7257, 0.7134, 0.7188, 0.7249, 0.722, 0.7247, 0.722, 0.727, 0.722, 0.7186, 0.7221, 0.7199], [0.9182, 0.9213, 0.913, 0.9151, 0.9151, 0.9177, 0.9177, 0.9179, 0.919, 0.9212, 0.9215, 0.9159, 0.9217, 0.9162, 0.9167, 0.9144], [0.7454, 0.7551, 0.752, 0.7482, 0.7492, 0.7475, 0.7528, 0.7476, 0.7464, 0.7453, 0.7502, 0.7487, 0.7467, 0.75, 0.7466, 0.7509], [0.6911, 0.689, 0.6911, 0.7011, 0.6921, 0.695, 0.6926, 0.6883, 0.7049, 0.6872, 0.6893, 0.6917, 0.702, 0.6875, 0.691, 0.6936], [0.9056, 0.9028, 0.8995, 0.9074, 0.9034, 0.905, 0.9027, 0.9067, 0.9089, 0.9056, 0.9063, 0.9052, 0.9054, 0.9044, 0.9071, 0.9043], [0.761, 0.766, 0.7586, 0.7637, 0.7643, 0.7586, 0.7623, 0.7661, 0.7601, 0.7611, 0.764, 0.7619, 0.7651, 0.7588, 0.7599, 0.7613]]	
Results: 	[[0.7202, 0.7243, 0.7234, 0.7264, 0.7257, 0.7134, 0.7188, 0.7249, 0.722, 0.7247, 0.722, 0.727, 0.722, 0.7186, 0.7221, 0.7199, 0.719], [0.9182, 0.9213, 0.913, 0.9151, 0.9151, 0.9177, 0.9177, 0.9179, 0.919, 0.9212, 0.9215, 0.9159, 0.9217, 0.9162, 0.9167, 0.9144, 0.9152], [0.7454, 0.7551, 0.752, 0.7482, 0.7492, 0.7475, 0.7528, 0.7476, 0.7464, 0.7453, 0.7502, 0.7487, 0.7467, 0.75, 0.7466, 0.7509, 0.7519], [0.6911, 0.689, 0.6911, 0.7011, 0.6921, 0.695, 0.6926, 0.6883, 0.7049, 0.6872, 0.6893, 0.6917, 0.702, 0.6875, 0.691, 0.6936, 0.6904], [0.9056, 0.9028, 0.8995, 0.9074, 0.9034, 0.905, 0.9027, 0.9067, 0.9089, 0.9056, 0.9063, 0.9052, 0.9054, 0.9044, 0.9071, 0.9043, 0.9056], [0.761, 0.766, 0.7586, 0.7637, 0.7643, 0.7586, 0.7623, 0.7661, 0.7601, 0.7611, 0.764, 0.7619, 0.7651, 0.7588, 0.7599, 0.7613, 0.7582]]	
Results: 	[[0.7202, 0.7243, 0.7234, 0.7264, 0.7257, 0.7134, 0.7188, 0.7249, 0.722, 0.7247, 0.722, 0.727, 0.722, 0.7186, 0.7221, 0.7199, 0.719, 0.7235], [0.9182, 0.9213, 0.913, 0.9151, 0.9151, 0.9177, 0.9177, 0.9179, 0.919, 0.9212, 0.9215, 0.9159, 0.9217, 0.9162, 0.9167, 0.9144, 0.9152, 0.9213], [0.7454, 0.7551, 0.752, 0.7482, 0.7492, 0.7475, 0.7528, 0.7476, 0.7464, 0.7453, 0.7502, 0.7487, 0.7467, 0.75, 0.7466, 0.7509, 0.7519, 0.7486], [0.6911, 0.689, 0.6911, 0.7011, 0.6921, 0.695, 0.6926, 0.6883, 0.7049, 0.6872, 0.6893, 0.6917, 0.702, 0.6875, 0.691, 0.6936, 0.6904, 0.6882], [0.9056, 0.9028, 0.8995, 0.9074, 0.9034, 0.905, 0.9027, 0.9067, 0.9089, 0.9056, 0.9063, 0.9052, 0.9054, 0.9044, 0.9071, 0.9043, 0.9056, 0.9076], [0.761, 0.766, 0.7586, 0.7637, 0.7643, 0.7586, 0.7623, 0.7661, 0.7601, 0.7611, 0.764, 0.7619, 0.7651, 0.7588, 0.7599, 0.7613, 0.7582, 0.7602]]	
Results: 	[[0.7202, 0.7243, 0.7234, 0.7264, 0.7257, 0.7134, 0.7188, 0.7249, 0.722, 0.7247, 0.722, 0.727, 0.722, 0.7186, 0.7221, 0.7199, 0.719, 0.7235, 0.7256], [0.9182, 0.9213, 0.913, 0.9151, 0.9151, 0.9177, 0.9177, 0.9179, 0.919, 0.9212, 0.9215, 0.9159, 0.9217, 0.9162, 0.9167, 0.9144, 0.9152, 0.9213, 0.9168], [0.7454, 0.7551, 0.752, 0.7482, 0.7492, 0.7475, 0.7528, 0.7476, 0.7464, 0.7453, 0.7502, 0.7487, 0.7467, 0.75, 0.7466, 0.7509, 0.7519, 0.7486, 0.7468], [0.6911, 0.689, 0.6911, 0.7011, 0.6921, 0.695, 0.6926, 0.6883, 0.7049, 0.6872, 0.6893, 0.6917, 0.702, 0.6875, 0.691, 0.6936, 0.6904, 0.6882, 0.6925], [0.9056, 0.9028, 0.8995, 0.9074, 0.9034, 0.905, 0.9027, 0.9067, 0.9089, 0.9056, 0.9063, 0.9052, 0.9054, 0.9044, 0.9071, 0.9043, 0.9056, 0.9076, 0.9005], [0.761, 0.766, 0.7586, 0.7637, 0.7643, 0.7586, 0.7623, 0.7661, 0.7601, 0.7611, 0.764, 0.7619, 0.7651, 0.7588, 0.7599, 0.7613, 0.7582, 0.7602, 0.7605]]	
Results: 	[[0.7202, 0.7243, 0.7234, 0.7264, 0.7257, 0.7134, 0.7188, 0.7249, 0.722, 0.7247, 0.722, 0.727, 0.722, 0.7186, 0.7221, 0.7199, 0.719, 0.7235, 0.7256, 0.7221], [0.9182, 0.9213, 0.913, 0.9151, 0.9151, 0.9177, 0.9177, 0.9179, 0.919, 0.9212, 0.9215, 0.9159, 0.9217, 0.9162, 0.9167, 0.9144, 0.9152, 0.9213, 0.9168, 0.9171], [0.7454, 0.7551, 0.752, 0.7482, 0.7492, 0.7475, 0.7528, 0.7476, 0.7464, 0.7453, 0.7502, 0.7487, 0.7467, 0.75, 0.7466, 0.7509, 0.7519, 0.7486, 0.7468, 0.7479], [0.6911, 0.689, 0.6911, 0.7011, 0.6921, 0.695, 0.6926, 0.6883, 0.7049, 0.6872, 0.6893, 0.6917, 0.702, 0.6875, 0.691, 0.6936, 0.6904, 0.6882, 0.6925, 0.6885], [0.9056, 0.9028, 0.8995, 0.9074, 0.9034, 0.905, 0.9027, 0.9067, 0.9089, 0.9056, 0.9063, 0.9052, 0.9054, 0.9044, 0.9071, 0.9043, 0.9056, 0.9076, 0.9005, 0.9063], [0.761, 0.766, 0.7586, 0.7637, 0.7643, 0.7586, 0.7623, 0.7661, 0.7601, 0.7611, 0.764, 0.7619, 0.7651, 0.7588, 0.7599, 0.7613, 0.7582, 0.7602, 0.7605, 0.7698]]	
Results: 	[[0.7202, 0.7243, 0.7234, 0.7264, 0.7257, 0.7134, 0.7188, 0.7249, 0.722, 0.7247, 0.722, 0.727, 0.722, 0.7186, 0.7221, 0.7199, 0.719, 0.7235, 0.7256, 0.7221, 0.7235], [0.9182, 0.9213, 0.913, 0.9151, 0.9151, 0.9177, 0.9177, 0.9179, 0.919, 0.9212, 0.9215, 0.9159, 0.9217, 0.9162, 0.9167, 0.9144, 0.9152, 0.9213, 0.9168, 0.9171, 0.9228], [0.7454, 0.7551, 0.752, 0.7482, 0.7492, 0.7475, 0.7528, 0.7476, 0.7464, 0.7453, 0.7502, 0.7487, 0.7467, 0.75, 0.7466, 0.7509, 0.7519, 0.7486, 0.7468, 0.7479, 0.7444], [0.6911, 0.689, 0.6911, 0.7011, 0.6921, 0.695, 0.6926, 0.6883, 0.7049, 0.6872, 0.6893, 0.6917, 0.702, 0.6875, 0.691, 0.6936, 0.6904, 0.6882, 0.6925, 0.6885, 0.6962], [0.9056, 0.9028, 0.8995, 0.9074, 0.9034, 0.905, 0.9027, 0.9067, 0.9089, 0.9056, 0.9063, 0.9052, 0.9054, 0.9044, 0.9071, 0.9043, 0.9056, 0.9076, 0.9005, 0.9063, 0.9051], [0.761, 0.766, 0.7586, 0.7637, 0.7643, 0.7586, 0.7623, 0.7661, 0.7601, 0.7611, 0.764, 0.7619, 0.7651, 0.7588, 0.7599, 0.7613, 0.7582, 0.7602, 0.7605, 0.7698, 0.7663]]	
Results: 	[[0.7202, 0.7243, 0.7234, 0.7264, 0.7257, 0.7134, 0.7188, 0.7249, 0.722, 0.7247, 0.722, 0.727, 0.722, 0.7186, 0.7221, 0.7199, 0.719, 0.7235, 0.7256, 0.7221, 0.7235, 0.7219], [0.9182, 0.9213, 0.913, 0.9151, 0.9151, 0.9177, 0.9177, 0.9179, 0.919, 0.9212, 0.9215, 0.9159, 0.9217, 0.9162, 0.9167, 0.9144, 0.9152, 0.9213, 0.9168, 0.9171, 0.9228, 0.917], [0.7454, 0.7551, 0.752, 0.7482, 0.7492, 0.7475, 0.7528, 0.7476, 0.7464, 0.7453, 0.7502, 0.7487, 0.7467, 0.75, 0.7466, 0.7509, 0.7519, 0.7486, 0.7468, 0.7479, 0.7444, 0.7444], [0.6911, 0.689, 0.6911, 0.7011, 0.6921, 0.695, 0.6926, 0.6883, 0.7049, 0.6872, 0.6893, 0.6917, 0.702, 0.6875, 0.691, 0.6936, 0.6904, 0.6882, 0.6925, 0.6885, 0.6962, 0.6942], [0.9056, 0.9028, 0.8995, 0.9074, 0.9034, 0.905, 0.9027, 0.9067, 0.9089, 0.9056, 0.9063, 0.9052, 0.9054, 0.9044, 0.9071, 0.9043, 0.9056, 0.9076, 0.9005, 0.9063, 0.9051, 0.8994], [0.761, 0.766, 0.7586, 0.7637, 0.7643, 0.7586, 0.7623, 0.7661, 0.7601, 0.7611, 0.764, 0.7619, 0.7651, 0.7588, 0.7599, 0.7613, 0.7582, 0.7602, 0.7605, 0.7698, 0.7663, 0.7663]]	
Results: 	[[0.7202, 0.7243, 0.7234, 0.7264, 0.7257, 0.7134, 0.7188, 0.7249, 0.722, 0.7247, 0.722, 0.727, 0.722, 0.7186, 0.7221, 0.7199, 0.719, 0.7235, 0.7256, 0.7221, 0.7235, 0.7219, 0.724], [0.9182, 0.9213, 0.913, 0.9151, 0.9151, 0.9177, 0.9177, 0.9179, 0.919, 0.9212, 0.9215, 0.9159, 0.9217, 0.9162, 0.9167, 0.9144, 0.9152, 0.9213, 0.9168, 0.9171, 0.9228, 0.917, 0.9194], [0.7454, 0.7551, 0.752, 0.7482, 0.7492, 0.7475, 0.7528, 0.7476, 0.7464, 0.7453, 0.7502, 0.7487, 0.7467, 0.75, 0.7466, 0.7509, 0.7519, 0.7486, 0.7468, 0.7479, 0.7444, 0.7444, 0.7482], [0.6911, 0.689, 0.6911, 0.7011, 0.6921, 0.695, 0.6926, 0.6883, 0.7049, 0.6872, 0.6893, 0.6917, 0.702, 0.6875, 0.691, 0.6936, 0.6904, 0.6882, 0.6925, 0.6885, 0.6962, 0.6942, 0.6921], [0.9056, 0.9028, 0.8995, 0.9074, 0.9034, 0.905, 0.9027, 0.9067, 0.9089, 0.9056, 0.9063, 0.9052, 0.9054, 0.9044, 0.9071, 0.9043, 0.9056, 0.9076, 0.9005, 0.9063, 0.9051, 0.8994, 0.905], [0.761, 0.766, 0.7586, 0.7637, 0.7643, 0.7586, 0.7623, 0.7661, 0.7601, 0.7611, 0.764, 0.7619, 0.7651, 0.7588, 0.7599, 0.7613, 0.7582, 0.7602, 0.7605, 0.7698, 0.7663, 0.7663, 0.7644]]	
Results: 	[[0.7202, 0.7243, 0.7234, 0.7264, 0.7257, 0.7134, 0.7188, 0.7249, 0.722, 0.7247, 0.722, 0.727, 0.722, 0.7186, 0.7221, 0.7199, 0.719, 0.7235, 0.7256, 0.7221, 0.7235, 0.7219, 0.724, 0.7219], [0.9182, 0.9213, 0.913, 0.9151, 0.9151, 0.9177, 0.9177, 0.9179, 0.919, 0.9212, 0.9215, 0.9159, 0.9217, 0.9162, 0.9167, 0.9144, 0.9152, 0.9213, 0.9168, 0.9171, 0.9228, 0.917, 0.9194, 0.9176], [0.7454, 0.7551, 0.752, 0.7482, 0.7492, 0.7475, 0.7528, 0.7476, 0.7464, 0.7453, 0.7502, 0.7487, 0.7467, 0.75, 0.7466, 0.7509, 0.7519, 0.7486, 0.7468, 0.7479, 0.7444, 0.7444, 0.7482, 0.7481], [0.6911, 0.689, 0.6911, 0.7011, 0.6921, 0.695, 0.6926, 0.6883, 0.7049, 0.6872, 0.6893, 0.6917, 0.702, 0.6875, 0.691, 0.6936, 0.6904, 0.6882, 0.6925, 0.6885, 0.6962, 0.6942, 0.6921, 0.6935], [0.9056, 0.9028, 0.8995, 0.9074, 0.9034, 0.905, 0.9027, 0.9067, 0.9089, 0.9056, 0.9063, 0.9052, 0.9054, 0.9044, 0.9071, 0.9043, 0.9056, 0.9076, 0.9005, 0.9063, 0.9051, 0.8994, 0.905, 0.9053], [0.761, 0.766, 0.7586, 0.7637, 0.7643, 0.7586, 0.7623, 0.7661, 0.7601, 0.7611, 0.764, 0.7619, 0.7651, 0.7588, 0.7599, 0.7613, 0.7582, 0.7602, 0.7605, 0.7698, 0.7663, 0.7663, 0.7644, 0.7633]]	
Results: 	[[0.7202, 0.7243, 0.7234, 0.7264, 0.7257, 0.7134, 0.7188, 0.7249, 0.722, 0.7247, 0.722, 0.727, 0.722, 0.7186, 0.7221, 0.7199, 0.719, 0.7235, 0.7256, 0.7221, 0.7235, 0.7219, 0.724, 0.7219, 0.7231], [0.9182, 0.9213, 0.913, 0.9151, 0.9151, 0.9177, 0.9177, 0.9179, 0.919, 0.9212, 0.9215, 0.9159, 0.9217, 0.9162, 0.9167, 0.9144, 0.9152, 0.9213, 0.9168, 0.9171, 0.9228, 0.917, 0.9194, 0.9176, 0.9161], [0.7454, 0.7551, 0.752, 0.7482, 0.7492, 0.7475, 0.7528, 0.7476, 0.7464, 0.7453, 0.7502, 0.7487, 0.7467, 0.75, 0.7466, 0.7509, 0.7519, 0.7486, 0.7468, 0.7479, 0.7444, 0.7444, 0.7482, 0.7481, 0.75], [0.6911, 0.689, 0.6911, 0.7011, 0.6921, 0.695, 0.6926, 0.6883, 0.7049, 0.6872, 0.6893, 0.6917, 0.702, 0.6875, 0.691, 0.6936, 0.6904, 0.6882, 0.6925, 0.6885, 0.6962, 0.6942, 0.6921, 0.6935, 0.699], [0.9056, 0.9028, 0.8995, 0.9074, 0.9034, 0.905, 0.9027, 0.9067, 0.9089, 0.9056, 0.9063, 0.9052, 0.9054, 0.9044, 0.9071, 0.9043, 0.9056, 0.9076, 0.9005, 0.9063, 0.9051, 0.8994, 0.905, 0.9053, 0.9027], [0.761, 0.766, 0.7586, 0.7637, 0.7643, 0.7586, 0.7623, 0.7661, 0.7601, 0.7611, 0.764, 0.7619, 0.7651, 0.7588, 0.7599, 0.7613, 0.7582, 0.7602, 0.7605, 0.7698, 0.7663, 0.7663, 0.7644, 0.7633, 0.7637]]	
Results: 	[[0.7202, 0.7243, 0.7234, 0.7264, 0.7257, 0.7134, 0.7188, 0.7249, 0.722, 0.7247, 0.722, 0.727, 0.722, 0.7186, 0.7221, 0.7199, 0.719, 0.7235, 0.7256, 0.7221, 0.7235, 0.7219, 0.724, 0.7219, 0.7231, 0.7192], [0.9182, 0.9213, 0.913, 0.9151, 0.9151, 0.9177, 0.9177, 0.9179, 0.919, 0.9212, 0.9215, 0.9159, 0.9217, 0.9162, 0.9167, 0.9144, 0.9152, 0.9213, 0.9168, 0.9171, 0.9228, 0.917, 0.9194, 0.9176, 0.9161, 0.9141], [0.7454, 0.7551, 0.752, 0.7482, 0.7492, 0.7475, 0.7528, 0.7476, 0.7464, 0.7453, 0.7502, 0.7487, 0.7467, 0.75, 0.7466, 0.7509, 0.7519, 0.7486, 0.7468, 0.7479, 0.7444, 0.7444, 0.7482, 0.7481, 0.75, 0.7449], [0.6911, 0.689, 0.6911, 0.7011, 0.6921, 0.695, 0.6926, 0.6883, 0.7049, 0.6872, 0.6893, 0.6917, 0.702, 0.6875, 0.691, 0.6936, 0.6904, 0.6882, 0.6925, 0.6885, 0.6962, 0.6942, 0.6921, 0.6935, 0.699, 0.697], [0.9056, 0.9028, 0.8995, 0.9074, 0.9034, 0.905, 0.9027, 0.9067, 0.9089, 0.9056, 0.9063, 0.9052, 0.9054, 0.9044, 0.9071, 0.9043, 0.9056, 0.9076, 0.9005, 0.9063, 0.9051, 0.8994, 0.905, 0.9053, 0.9027, 0.903], [0.761, 0.766, 0.7586, 0.7637, 0.7643, 0.7586, 0.7623, 0.7661, 0.7601, 0.7611, 0.764, 0.7619, 0.7651, 0.7588, 0.7599, 0.7613, 0.7582, 0.7602, 0.7605, 0.7698, 0.7663, 0.7663, 0.7644, 0.7633, 0.7637, 0.762]]	
Results: 	[[0.7202, 0.7243, 0.7234, 0.7264, 0.7257, 0.7134, 0.7188, 0.7249, 0.722, 0.7247, 0.722, 0.727, 0.722, 0.7186, 0.7221, 0.7199, 0.719, 0.7235, 0.7256, 0.7221, 0.7235, 0.7219, 0.724, 0.7219, 0.7231, 0.7192, 0.7184], [0.9182, 0.9213, 0.913, 0.9151, 0.9151, 0.9177, 0.9177, 0.9179, 0.919, 0.9212, 0.9215, 0.9159, 0.9217, 0.9162, 0.9167, 0.9144, 0.9152, 0.9213, 0.9168, 0.9171, 0.9228, 0.917, 0.9194, 0.9176, 0.9161, 0.9141, 0.9153], [0.7454, 0.7551, 0.752, 0.7482, 0.7492, 0.7475, 0.7528, 0.7476, 0.7464, 0.7453, 0.7502, 0.7487, 0.7467, 0.75, 0.7466, 0.7509, 0.7519, 0.7486, 0.7468, 0.7479, 0.7444, 0.7444, 0.7482, 0.7481, 0.75, 0.7449, 0.7492], [0.6911, 0.689, 0.6911, 0.7011, 0.6921, 0.695, 0.6926, 0.6883, 0.7049, 0.6872, 0.6893, 0.6917, 0.702, 0.6875, 0.691, 0.6936, 0.6904, 0.6882, 0.6925, 0.6885, 0.6962, 0.6942, 0.6921, 0.6935, 0.699, 0.697, 0.6936], [0.9056, 0.9028, 0.8995, 0.9074, 0.9034, 0.905, 0.9027, 0.9067, 0.9089, 0.9056, 0.9063, 0.9052, 0.9054, 0.9044, 0.9071, 0.9043, 0.9056, 0.9076, 0.9005, 0.9063, 0.9051, 0.8994, 0.905, 0.9053, 0.9027, 0.903, 0.9062], [0.761, 0.766, 0.7586, 0.7637, 0.7643, 0.7586, 0.7623, 0.7661, 0.7601, 0.7611, 0.764, 0.7619, 0.7651, 0.7588, 0.7599, 0.7613, 0.7582, 0.7602, 0.7605, 0.7698, 0.7663, 0.7663, 0.7644, 0.7633, 0.7637, 0.762, 0.7637]]	
Results: 	[[0.7202, 0.7243, 0.7234, 0.7264, 0.7257, 0.7134, 0.7188, 0.7249, 0.722, 0.7247, 0.722, 0.727, 0.722, 0.7186, 0.7221, 0.7199, 0.719, 0.7235, 0.7256, 0.7221, 0.7235, 0.7219, 0.724, 0.7219, 0.7231, 0.7192, 0.7184, 0.7215], [0.9182, 0.9213, 0.913, 0.9151, 0.9151, 0.9177, 0.9177, 0.9179, 0.919, 0.9212, 0.9215, 0.9159, 0.9217, 0.9162, 0.9167, 0.9144, 0.9152, 0.9213, 0.9168, 0.9171, 0.9228, 0.917, 0.9194, 0.9176, 0.9161, 0.9141, 0.9153, 0.9192], [0.7454, 0.7551, 0.752, 0.7482, 0.7492, 0.7475, 0.7528, 0.7476, 0.7464, 0.7453, 0.7502, 0.7487, 0.7467, 0.75, 0.7466, 0.7509, 0.7519, 0.7486, 0.7468, 0.7479, 0.7444, 0.7444, 0.7482, 0.7481, 0.75, 0.7449, 0.7492, 0.7512], [0.6911, 0.689, 0.6911, 0.7011, 0.6921, 0.695, 0.6926, 0.6883, 0.7049, 0.6872, 0.6893, 0.6917, 0.702, 0.6875, 0.691, 0.6936, 0.6904, 0.6882, 0.6925, 0.6885, 0.6962, 0.6942, 0.6921, 0.6935, 0.699, 0.697, 0.6936, 0.6938], [0.9056, 0.9028, 0.8995, 0.9074, 0.9034, 0.905, 0.9027, 0.9067, 0.9089, 0.9056, 0.9063, 0.9052, 0.9054, 0.9044, 0.9071, 0.9043, 0.9056, 0.9076, 0.9005, 0.9063, 0.9051, 0.8994, 0.905, 0.9053, 0.9027, 0.903, 0.9062, 0.8998], [0.761, 0.766, 0.7586, 0.7637, 0.7643, 0.7586, 0.7623, 0.7661, 0.7601, 0.7611, 0.764, 0.7619, 0.7651, 0.7588, 0.7599, 0.7613, 0.7582, 0.7602, 0.7605, 0.7698, 0.7663, 0.7663, 0.7644, 0.7633, 0.7637, 0.762, 0.7637, 0.7625]]	
Results: 	[[0.7202, 0.7243, 0.7234, 0.7264, 0.7257, 0.7134, 0.7188, 0.7249, 0.722, 0.7247, 0.722, 0.727, 0.722, 0.7186, 0.7221, 0.7199, 0.719, 0.7235, 0.7256, 0.7221, 0.7235, 0.7219, 0.724, 0.7219, 0.7231, 0.7192, 0.7184, 0.7215, 0.7209], [0.9182, 0.9213, 0.913, 0.9151, 0.9151, 0.9177, 0.9177, 0.9179, 0.919, 0.9212, 0.9215, 0.9159, 0.9217, 0.9162, 0.9167, 0.9144, 0.9152, 0.9213, 0.9168, 0.9171, 0.9228, 0.917, 0.9194, 0.9176, 0.9161, 0.9141, 0.9153, 0.9192, 0.9181], [0.7454, 0.7551, 0.752, 0.7482, 0.7492, 0.7475, 0.7528, 0.7476, 0.7464, 0.7453, 0.7502, 0.7487, 0.7467, 0.75, 0.7466, 0.7509, 0.7519, 0.7486, 0.7468, 0.7479, 0.7444, 0.7444, 0.7482, 0.7481, 0.75, 0.7449, 0.7492, 0.7512, 0.7477], [0.6911, 0.689, 0.6911, 0.7011, 0.6921, 0.695, 0.6926, 0.6883, 0.7049, 0.6872, 0.6893, 0.6917, 0.702, 0.6875, 0.691, 0.6936, 0.6904, 0.6882, 0.6925, 0.6885, 0.6962, 0.6942, 0.6921, 0.6935, 0.699, 0.697, 0.6936, 0.6938, 0.688], [0.9056, 0.9028, 0.8995, 0.9074, 0.9034, 0.905, 0.9027, 0.9067, 0.9089, 0.9056, 0.9063, 0.9052, 0.9054, 0.9044, 0.9071, 0.9043, 0.9056, 0.9076, 0.9005, 0.9063, 0.9051, 0.8994, 0.905, 0.9053, 0.9027, 0.903, 0.9062, 0.8998, 0.9058], [0.761, 0.766, 0.7586, 0.7637, 0.7643, 0.7586, 0.7623, 0.7661, 0.7601, 0.7611, 0.764, 0.7619, 0.7651, 0.7588, 0.7599, 0.7613, 0.7582, 0.7602, 0.7605, 0.7698, 0.7663, 0.7663, 0.7644, 0.7633, 0.7637, 0.762, 0.7637, 0.7625, 0.7556]]	
Results: 	[[0.7202, 0.7243, 0.7234, 0.7264, 0.7257, 0.7134, 0.7188, 0.7249, 0.722, 0.7247, 0.722, 0.727, 0.722, 0.7186, 0.7221, 0.7199, 0.719, 0.7235, 0.7256, 0.7221, 0.7235, 0.7219, 0.724, 0.7219, 0.7231, 0.7192, 0.7184, 0.7215, 0.7209, 0.7218], [0.9182, 0.9213, 0.913, 0.9151, 0.9151, 0.9177, 0.9177, 0.9179, 0.919, 0.9212, 0.9215, 0.9159, 0.9217, 0.9162, 0.9167, 0.9144, 0.9152, 0.9213, 0.9168, 0.9171, 0.9228, 0.917, 0.9194, 0.9176, 0.9161, 0.9141, 0.9153, 0.9192, 0.9181, 0.9195], [0.7454, 0.7551, 0.752, 0.7482, 0.7492, 0.7475, 0.7528, 0.7476, 0.7464, 0.7453, 0.7502, 0.7487, 0.7467, 0.75, 0.7466, 0.7509, 0.7519, 0.7486, 0.7468, 0.7479, 0.7444, 0.7444, 0.7482, 0.7481, 0.75, 0.7449, 0.7492, 0.7512, 0.7477, 0.7504], [0.6911, 0.689, 0.6911, 0.7011, 0.6921, 0.695, 0.6926, 0.6883, 0.7049, 0.6872, 0.6893, 0.6917, 0.702, 0.6875, 0.691, 0.6936, 0.6904, 0.6882, 0.6925, 0.6885, 0.6962, 0.6942, 0.6921, 0.6935, 0.699, 0.697, 0.6936, 0.6938, 0.688, 0.6904], [0.9056, 0.9028, 0.8995, 0.9074, 0.9034, 0.905, 0.9027, 0.9067, 0.9089, 0.9056, 0.9063, 0.9052, 0.9054, 0.9044, 0.9071, 0.9043, 0.9056, 0.9076, 0.9005, 0.9063, 0.9051, 0.8994, 0.905, 0.9053, 0.9027, 0.903, 0.9062, 0.8998, 0.9058, 0.905], [0.761, 0.766, 0.7586, 0.7637, 0.7643, 0.7586, 0.7623, 0.7661, 0.7601, 0.7611, 0.764, 0.7619, 0.7651, 0.7588, 0.7599, 0.7613, 0.7582, 0.7602, 0.7605, 0.7698, 0.7663, 0.7663, 0.7644, 0.7633, 0.7637, 0.762, 0.7637, 0.7625, 0.7556, 0.7576]]
Support Sets: (Mean:0.72206, SD:0.0028666452819303984) | 	Support Sets: (Mean:0.9177366666666666, SD:0.0025413115448161883) | 	Support Sets: (Mean:0.7485433333333333, SD:0.0025905242890106343) | 	Support Sets: (Mean:0.69283, SD:0.004429769979238808) | 	Support Sets: (Mean:0.9045866666666667, SD:0.0024102844778921494) | 	Support Sets: (Mean:0.76223, SD:0.003153230417994453) | 	
