Results: 	[[0.9321], [0.8663], [0.9298]]	
Results: 	[[0.9321, 0.932], [0.8663, 0.8652], [0.9298, 0.9307]]	
Results: 	[[0.9321, 0.932, 0.932], [0.8663, 0.8652, 0.8663], [0.9298, 0.9307, 0.9308]]	
Results: 	[[0.9321, 0.932, 0.932, 0.9328], [0.8663, 0.8652, 0.8663, 0.8658], [0.9298, 0.9307, 0.9308, 0.9306]]	
Results: 	[[0.9321, 0.932, 0.932, 0.9328, 0.9326], [0.8663, 0.8652, 0.8663, 0.8658, 0.8664], [0.9298, 0.9307, 0.9308, 0.9306, 0.9304]]	
Results: 	[[0.9321, 0.932, 0.932, 0.9328, 0.9326, 0.9321], [0.8663, 0.8652, 0.8663, 0.8658, 0.8664, 0.8662], [0.9298, 0.9307, 0.9308, 0.9306, 0.9304, 0.9309]]	
Results: 	[[0.9321, 0.932, 0.932, 0.9328, 0.9326, 0.9321, 0.932], [0.8663, 0.8652, 0.8663, 0.8658, 0.8664, 0.8662, 0.8662], [0.9298, 0.9307, 0.9308, 0.9306, 0.9304, 0.9309, 0.93]]	
Results: 	[[0.9321, 0.932, 0.932, 0.9328, 0.9326, 0.9321, 0.932, 0.9321], [0.8663, 0.8652, 0.8663, 0.8658, 0.8664, 0.8662, 0.8662, 0.8658], [0.9298, 0.9307, 0.9308, 0.9306, 0.9304, 0.9309, 0.93, 0.9309]]	
Results: 	[[0.9321, 0.932, 0.932, 0.9328, 0.9326, 0.9321, 0.932, 0.9321, 0.9329], [0.8663, 0.8652, 0.8663, 0.8658, 0.8664, 0.8662, 0.8662, 0.8658, 0.8656], [0.9298, 0.9307, 0.9308, 0.9306, 0.9304, 0.9309, 0.93, 0.9309, 0.93]]	
Results: 	[[0.9321, 0.932, 0.932, 0.9328, 0.9326, 0.9321, 0.932, 0.9321, 0.9329, 0.9323], [0.8663, 0.8652, 0.8663, 0.8658, 0.8664, 0.8662, 0.8662, 0.8658, 0.8656, 0.8662], [0.9298, 0.9307, 0.9308, 0.9306, 0.9304, 0.9309, 0.93, 0.9309, 0.93, 0.9307]]	
Results: 	[[0.9321, 0.932, 0.932, 0.9328, 0.9326, 0.9321, 0.932, 0.9321, 0.9329, 0.9323, 0.9324], [0.8663, 0.8652, 0.8663, 0.8658, 0.8664, 0.8662, 0.8662, 0.8658, 0.8656, 0.8662, 0.8655], [0.9298, 0.9307, 0.9308, 0.9306, 0.9304, 0.9309, 0.93, 0.9309, 0.93, 0.9307, 0.9309]]	
Results: 	[[0.9321, 0.932, 0.932, 0.9328, 0.9326, 0.9321, 0.932, 0.9321, 0.9329, 0.9323, 0.9324, 0.9332], [0.8663, 0.8652, 0.8663, 0.8658, 0.8664, 0.8662, 0.8662, 0.8658, 0.8656, 0.8662, 0.8655, 0.8655], [0.9298, 0.9307, 0.9308, 0.9306, 0.9304, 0.9309, 0.93, 0.9309, 0.93, 0.9307, 0.9309, 0.9292]]	
Results: 	[[0.9321, 0.932, 0.932, 0.9328, 0.9326, 0.9321, 0.932, 0.9321, 0.9329, 0.9323, 0.9324, 0.9332, 0.9334], [0.8663, 0.8652, 0.8663, 0.8658, 0.8664, 0.8662, 0.8662, 0.8658, 0.8656, 0.8662, 0.8655, 0.8655, 0.8668], [0.9298, 0.9307, 0.9308, 0.9306, 0.9304, 0.9309, 0.93, 0.9309, 0.93, 0.9307, 0.9309, 0.9292, 0.9306]]	
Results: 	[[0.9321, 0.932, 0.932, 0.9328, 0.9326, 0.9321, 0.932, 0.9321, 0.9329, 0.9323, 0.9324, 0.9332, 0.9334, 0.9319], [0.8663, 0.8652, 0.8663, 0.8658, 0.8664, 0.8662, 0.8662, 0.8658, 0.8656, 0.8662, 0.8655, 0.8655, 0.8668, 0.8662], [0.9298, 0.9307, 0.9308, 0.9306, 0.9304, 0.9309, 0.93, 0.9309, 0.93, 0.9307, 0.9309, 0.9292, 0.9306, 0.9305]]	
Results: 	[[0.9321, 0.932, 0.932, 0.9328, 0.9326, 0.9321, 0.932, 0.9321, 0.9329, 0.9323, 0.9324, 0.9332, 0.9334, 0.9319, 0.9324], [0.8663, 0.8652, 0.8663, 0.8658, 0.8664, 0.8662, 0.8662, 0.8658, 0.8656, 0.8662, 0.8655, 0.8655, 0.8668, 0.8662, 0.8662], [0.9298, 0.9307, 0.9308, 0.9306, 0.9304, 0.9309, 0.93, 0.9309, 0.93, 0.9307, 0.9309, 0.9292, 0.9306, 0.9305, 0.9305]]	
Results: 	[[0.9321, 0.932, 0.932, 0.9328, 0.9326, 0.9321, 0.932, 0.9321, 0.9329, 0.9323, 0.9324, 0.9332, 0.9334, 0.9319, 0.9324, 0.9322], [0.8663, 0.8652, 0.8663, 0.8658, 0.8664, 0.8662, 0.8662, 0.8658, 0.8656, 0.8662, 0.8655, 0.8655, 0.8668, 0.8662, 0.8662, 0.8661], [0.9298, 0.9307, 0.9308, 0.9306, 0.9304, 0.9309, 0.93, 0.9309, 0.93, 0.9307, 0.9309, 0.9292, 0.9306, 0.9305, 0.9305, 0.9312]]	
Results: 	[[0.9321, 0.932, 0.932, 0.9328, 0.9326, 0.9321, 0.932, 0.9321, 0.9329, 0.9323, 0.9324, 0.9332, 0.9334, 0.9319, 0.9324, 0.9322, 0.9328], [0.8663, 0.8652, 0.8663, 0.8658, 0.8664, 0.8662, 0.8662, 0.8658, 0.8656, 0.8662, 0.8655, 0.8655, 0.8668, 0.8662, 0.8662, 0.8661, 0.8667], [0.9298, 0.9307, 0.9308, 0.9306, 0.9304, 0.9309, 0.93, 0.9309, 0.93, 0.9307, 0.9309, 0.9292, 0.9306, 0.9305, 0.9305, 0.9312, 0.9307]]	
Results: 	[[0.9321, 0.932, 0.932, 0.9328, 0.9326, 0.9321, 0.932, 0.9321, 0.9329, 0.9323, 0.9324, 0.9332, 0.9334, 0.9319, 0.9324, 0.9322, 0.9328, 0.9323], [0.8663, 0.8652, 0.8663, 0.8658, 0.8664, 0.8662, 0.8662, 0.8658, 0.8656, 0.8662, 0.8655, 0.8655, 0.8668, 0.8662, 0.8662, 0.8661, 0.8667, 0.866], [0.9298, 0.9307, 0.9308, 0.9306, 0.9304, 0.9309, 0.93, 0.9309, 0.93, 0.9307, 0.9309, 0.9292, 0.9306, 0.9305, 0.9305, 0.9312, 0.9307, 0.9298]]	
Results: 	[[0.9321, 0.932, 0.932, 0.9328, 0.9326, 0.9321, 0.932, 0.9321, 0.9329, 0.9323, 0.9324, 0.9332, 0.9334, 0.9319, 0.9324, 0.9322, 0.9328, 0.9323, 0.9319], [0.8663, 0.8652, 0.8663, 0.8658, 0.8664, 0.8662, 0.8662, 0.8658, 0.8656, 0.8662, 0.8655, 0.8655, 0.8668, 0.8662, 0.8662, 0.8661, 0.8667, 0.866, 0.8657], [0.9298, 0.9307, 0.9308, 0.9306, 0.9304, 0.9309, 0.93, 0.9309, 0.93, 0.9307, 0.9309, 0.9292, 0.9306, 0.9305, 0.9305, 0.9312, 0.9307, 0.9298, 0.9305]]	
Results: 	[[0.9321, 0.932, 0.932, 0.9328, 0.9326, 0.9321, 0.932, 0.9321, 0.9329, 0.9323, 0.9324, 0.9332, 0.9334, 0.9319, 0.9324, 0.9322, 0.9328, 0.9323, 0.9319, 0.9323], [0.8663, 0.8652, 0.8663, 0.8658, 0.8664, 0.8662, 0.8662, 0.8658, 0.8656, 0.8662, 0.8655, 0.8655, 0.8668, 0.8662, 0.8662, 0.8661, 0.8667, 0.866, 0.8657, 0.8658], [0.9298, 0.9307, 0.9308, 0.9306, 0.9304, 0.9309, 0.93, 0.9309, 0.93, 0.9307, 0.9309, 0.9292, 0.9306, 0.9305, 0.9305, 0.9312, 0.9307, 0.9298, 0.9305, 0.93]]	
Results: 	[[0.9321, 0.932, 0.932, 0.9328, 0.9326, 0.9321, 0.932, 0.9321, 0.9329, 0.9323, 0.9324, 0.9332, 0.9334, 0.9319, 0.9324, 0.9322, 0.9328, 0.9323, 0.9319, 0.9323, 0.9321], [0.8663, 0.8652, 0.8663, 0.8658, 0.8664, 0.8662, 0.8662, 0.8658, 0.8656, 0.8662, 0.8655, 0.8655, 0.8668, 0.8662, 0.8662, 0.8661, 0.8667, 0.866, 0.8657, 0.8658, 0.8658], [0.9298, 0.9307, 0.9308, 0.9306, 0.9304, 0.9309, 0.93, 0.9309, 0.93, 0.9307, 0.9309, 0.9292, 0.9306, 0.9305, 0.9305, 0.9312, 0.9307, 0.9298, 0.9305, 0.93, 0.9299]]	
Results: 	[[0.9321, 0.932, 0.932, 0.9328, 0.9326, 0.9321, 0.932, 0.9321, 0.9329, 0.9323, 0.9324, 0.9332, 0.9334, 0.9319, 0.9324, 0.9322, 0.9328, 0.9323, 0.9319, 0.9323, 0.9321, 0.9322], [0.8663, 0.8652, 0.8663, 0.8658, 0.8664, 0.8662, 0.8662, 0.8658, 0.8656, 0.8662, 0.8655, 0.8655, 0.8668, 0.8662, 0.8662, 0.8661, 0.8667, 0.866, 0.8657, 0.8658, 0.8658, 0.8658], [0.9298, 0.9307, 0.9308, 0.9306, 0.9304, 0.9309, 0.93, 0.9309, 0.93, 0.9307, 0.9309, 0.9292, 0.9306, 0.9305, 0.9305, 0.9312, 0.9307, 0.9298, 0.9305, 0.93, 0.9299, 0.9305]]	
Results: 	[[0.9321, 0.932, 0.932, 0.9328, 0.9326, 0.9321, 0.932, 0.9321, 0.9329, 0.9323, 0.9324, 0.9332, 0.9334, 0.9319, 0.9324, 0.9322, 0.9328, 0.9323, 0.9319, 0.9323, 0.9321, 0.9322, 0.9322], [0.8663, 0.8652, 0.8663, 0.8658, 0.8664, 0.8662, 0.8662, 0.8658, 0.8656, 0.8662, 0.8655, 0.8655, 0.8668, 0.8662, 0.8662, 0.8661, 0.8667, 0.866, 0.8657, 0.8658, 0.8658, 0.8658, 0.8666], [0.9298, 0.9307, 0.9308, 0.9306, 0.9304, 0.9309, 0.93, 0.9309, 0.93, 0.9307, 0.9309, 0.9292, 0.9306, 0.9305, 0.9305, 0.9312, 0.9307, 0.9298, 0.9305, 0.93, 0.9299, 0.9305, 0.9298]]	
Results: 	[[0.9321, 0.932, 0.932, 0.9328, 0.9326, 0.9321, 0.932, 0.9321, 0.9329, 0.9323, 0.9324, 0.9332, 0.9334, 0.9319, 0.9324, 0.9322, 0.9328, 0.9323, 0.9319, 0.9323, 0.9321, 0.9322, 0.9322, 0.9322], [0.8663, 0.8652, 0.8663, 0.8658, 0.8664, 0.8662, 0.8662, 0.8658, 0.8656, 0.8662, 0.8655, 0.8655, 0.8668, 0.8662, 0.8662, 0.8661, 0.8667, 0.866, 0.8657, 0.8658, 0.8658, 0.8658, 0.8666, 0.8661], [0.9298, 0.9307, 0.9308, 0.9306, 0.9304, 0.9309, 0.93, 0.9309, 0.93, 0.9307, 0.9309, 0.9292, 0.9306, 0.9305, 0.9305, 0.9312, 0.9307, 0.9298, 0.9305, 0.93, 0.9299, 0.9305, 0.9298, 0.9293]]	
Results: 	[[0.9321, 0.932, 0.932, 0.9328, 0.9326, 0.9321, 0.932, 0.9321, 0.9329, 0.9323, 0.9324, 0.9332, 0.9334, 0.9319, 0.9324, 0.9322, 0.9328, 0.9323, 0.9319, 0.9323, 0.9321, 0.9322, 0.9322, 0.9322, 0.9327], [0.8663, 0.8652, 0.8663, 0.8658, 0.8664, 0.8662, 0.8662, 0.8658, 0.8656, 0.8662, 0.8655, 0.8655, 0.8668, 0.8662, 0.8662, 0.8661, 0.8667, 0.866, 0.8657, 0.8658, 0.8658, 0.8658, 0.8666, 0.8661, 0.8663], [0.9298, 0.9307, 0.9308, 0.9306, 0.9304, 0.9309, 0.93, 0.9309, 0.93, 0.9307, 0.9309, 0.9292, 0.9306, 0.9305, 0.9305, 0.9312, 0.9307, 0.9298, 0.9305, 0.93, 0.9299, 0.9305, 0.9298, 0.9293, 0.9299]]	
Results: 	[[0.9321, 0.932, 0.932, 0.9328, 0.9326, 0.9321, 0.932, 0.9321, 0.9329, 0.9323, 0.9324, 0.9332, 0.9334, 0.9319, 0.9324, 0.9322, 0.9328, 0.9323, 0.9319, 0.9323, 0.9321, 0.9322, 0.9322, 0.9322, 0.9327, 0.9321], [0.8663, 0.8652, 0.8663, 0.8658, 0.8664, 0.8662, 0.8662, 0.8658, 0.8656, 0.8662, 0.8655, 0.8655, 0.8668, 0.8662, 0.8662, 0.8661, 0.8667, 0.866, 0.8657, 0.8658, 0.8658, 0.8658, 0.8666, 0.8661, 0.8663, 0.8655], [0.9298, 0.9307, 0.9308, 0.9306, 0.9304, 0.9309, 0.93, 0.9309, 0.93, 0.9307, 0.9309, 0.9292, 0.9306, 0.9305, 0.9305, 0.9312, 0.9307, 0.9298, 0.9305, 0.93, 0.9299, 0.9305, 0.9298, 0.9293, 0.9299, 0.9308]]	
Results: 	[[0.9321, 0.932, 0.932, 0.9328, 0.9326, 0.9321, 0.932, 0.9321, 0.9329, 0.9323, 0.9324, 0.9332, 0.9334, 0.9319, 0.9324, 0.9322, 0.9328, 0.9323, 0.9319, 0.9323, 0.9321, 0.9322, 0.9322, 0.9322, 0.9327, 0.9321, 0.9325], [0.8663, 0.8652, 0.8663, 0.8658, 0.8664, 0.8662, 0.8662, 0.8658, 0.8656, 0.8662, 0.8655, 0.8655, 0.8668, 0.8662, 0.8662, 0.8661, 0.8667, 0.866, 0.8657, 0.8658, 0.8658, 0.8658, 0.8666, 0.8661, 0.8663, 0.8655, 0.8659], [0.9298, 0.9307, 0.9308, 0.9306, 0.9304, 0.9309, 0.93, 0.9309, 0.93, 0.9307, 0.9309, 0.9292, 0.9306, 0.9305, 0.9305, 0.9312, 0.9307, 0.9298, 0.9305, 0.93, 0.9299, 0.9305, 0.9298, 0.9293, 0.9299, 0.9308, 0.9303]]	
Results: 	[[0.9321, 0.932, 0.932, 0.9328, 0.9326, 0.9321, 0.932, 0.9321, 0.9329, 0.9323, 0.9324, 0.9332, 0.9334, 0.9319, 0.9324, 0.9322, 0.9328, 0.9323, 0.9319, 0.9323, 0.9321, 0.9322, 0.9322, 0.9322, 0.9327, 0.9321, 0.9325, 0.9335], [0.8663, 0.8652, 0.8663, 0.8658, 0.8664, 0.8662, 0.8662, 0.8658, 0.8656, 0.8662, 0.8655, 0.8655, 0.8668, 0.8662, 0.8662, 0.8661, 0.8667, 0.866, 0.8657, 0.8658, 0.8658, 0.8658, 0.8666, 0.8661, 0.8663, 0.8655, 0.8659, 0.8659], [0.9298, 0.9307, 0.9308, 0.9306, 0.9304, 0.9309, 0.93, 0.9309, 0.93, 0.9307, 0.9309, 0.9292, 0.9306, 0.9305, 0.9305, 0.9312, 0.9307, 0.9298, 0.9305, 0.93, 0.9299, 0.9305, 0.9298, 0.9293, 0.9299, 0.9308, 0.9303, 0.9302]]	
Results: 	[[0.9321, 0.932, 0.932, 0.9328, 0.9326, 0.9321, 0.932, 0.9321, 0.9329, 0.9323, 0.9324, 0.9332, 0.9334, 0.9319, 0.9324, 0.9322, 0.9328, 0.9323, 0.9319, 0.9323, 0.9321, 0.9322, 0.9322, 0.9322, 0.9327, 0.9321, 0.9325, 0.9335, 0.9328], [0.8663, 0.8652, 0.8663, 0.8658, 0.8664, 0.8662, 0.8662, 0.8658, 0.8656, 0.8662, 0.8655, 0.8655, 0.8668, 0.8662, 0.8662, 0.8661, 0.8667, 0.866, 0.8657, 0.8658, 0.8658, 0.8658, 0.8666, 0.8661, 0.8663, 0.8655, 0.8659, 0.8659, 0.8658], [0.9298, 0.9307, 0.9308, 0.9306, 0.9304, 0.9309, 0.93, 0.9309, 0.93, 0.9307, 0.9309, 0.9292, 0.9306, 0.9305, 0.9305, 0.9312, 0.9307, 0.9298, 0.9305, 0.93, 0.9299, 0.9305, 0.9298, 0.9293, 0.9299, 0.9308, 0.9303, 0.9302, 0.9306]]	
Results: 	[[0.9321, 0.932, 0.932, 0.9328, 0.9326, 0.9321, 0.932, 0.9321, 0.9329, 0.9323, 0.9324, 0.9332, 0.9334, 0.9319, 0.9324, 0.9322, 0.9328, 0.9323, 0.9319, 0.9323, 0.9321, 0.9322, 0.9322, 0.9322, 0.9327, 0.9321, 0.9325, 0.9335, 0.9328, 0.9333], [0.8663, 0.8652, 0.8663, 0.8658, 0.8664, 0.8662, 0.8662, 0.8658, 0.8656, 0.8662, 0.8655, 0.8655, 0.8668, 0.8662, 0.8662, 0.8661, 0.8667, 0.866, 0.8657, 0.8658, 0.8658, 0.8658, 0.8666, 0.8661, 0.8663, 0.8655, 0.8659, 0.8659, 0.8658, 0.8654], [0.9298, 0.9307, 0.9308, 0.9306, 0.9304, 0.9309, 0.93, 0.9309, 0.93, 0.9307, 0.9309, 0.9292, 0.9306, 0.9305, 0.9305, 0.9312, 0.9307, 0.9298, 0.9305, 0.93, 0.9299, 0.9305, 0.9298, 0.9293, 0.9299, 0.9308, 0.9303, 0.9302, 0.9306, 0.9307]]
Support Sets: (Mean:0.9324433333333333, SD:0.0004583955025756677) | 	Support Sets: (Mean:0.8659866666666667, SD:0.0003892816844972943) | 	Support Sets: (Mean:0.9303566666666666, SD:0.0004889702997350443) | 	
