Results: 	[[0.661], [0.8993], [0.6992], [0.6351], [0.8936], [0.6873]]	
Results: 	[[0.661, 0.6637], [0.8993, 0.9034], [0.6992, 0.6901], [0.6351, 0.5818], [0.8936, 0.8852], [0.6873, 0.6923]]	
Results: 	[[0.661, 0.6637, 0.6522], [0.8993, 0.9034, 0.8984], [0.6992, 0.6901, 0.6932], [0.6351, 0.5818, 0.5812], [0.8936, 0.8852, 0.896], [0.6873, 0.6923, 0.6911]]	
Results: 	[[0.661, 0.6637, 0.6522, 0.6249], [0.8993, 0.9034, 0.8984, 0.9008], [0.6992, 0.6901, 0.6932, 0.6899], [0.6351, 0.5818, 0.5812, 0.6235], [0.8936, 0.8852, 0.896, 0.8706], [0.6873, 0.6923, 0.6911, 0.6589]]	
Results: 	[[0.661, 0.6637, 0.6522, 0.6249, 0.6319], [0.8993, 0.9034, 0.8984, 0.9008, 0.8954], [0.6992, 0.6901, 0.6932, 0.6899, 0.6949], [0.6351, 0.5818, 0.5812, 0.6235, 0.5858], [0.8936, 0.8852, 0.896, 0.8706, 0.884], [0.6873, 0.6923, 0.6911, 0.6589, 0.6941]]	
Results: 	[[0.661, 0.6637, 0.6522, 0.6249, 0.6319, 0.6559], [0.8993, 0.9034, 0.8984, 0.9008, 0.8954, 0.8982], [0.6992, 0.6901, 0.6932, 0.6899, 0.6949, 0.6649], [0.6351, 0.5818, 0.5812, 0.6235, 0.5858, 0.6454], [0.8936, 0.8852, 0.896, 0.8706, 0.884, 0.8781], [0.6873, 0.6923, 0.6911, 0.6589, 0.6941, 0.692]]	
Results: 	[[0.661, 0.6637, 0.6522, 0.6249, 0.6319, 0.6559, 0.6248], [0.8993, 0.9034, 0.8984, 0.9008, 0.8954, 0.8982, 0.8985], [0.6992, 0.6901, 0.6932, 0.6899, 0.6949, 0.6649, 0.6654], [0.6351, 0.5818, 0.5812, 0.6235, 0.5858, 0.6454, 0.6516], [0.8936, 0.8852, 0.896, 0.8706, 0.884, 0.8781, 0.8841], [0.6873, 0.6923, 0.6911, 0.6589, 0.6941, 0.692, 0.6736]]	
Results: 	[[0.661, 0.6637, 0.6522, 0.6249, 0.6319, 0.6559, 0.6248, 0.6512], [0.8993, 0.9034, 0.8984, 0.9008, 0.8954, 0.8982, 0.8985, 0.9013], [0.6992, 0.6901, 0.6932, 0.6899, 0.6949, 0.6649, 0.6654, 0.6806], [0.6351, 0.5818, 0.5812, 0.6235, 0.5858, 0.6454, 0.6516, 0.5811], [0.8936, 0.8852, 0.896, 0.8706, 0.884, 0.8781, 0.8841, 0.9026], [0.6873, 0.6923, 0.6911, 0.6589, 0.6941, 0.692, 0.6736, 0.694]]	
Results: 	[[0.661, 0.6637, 0.6522, 0.6249, 0.6319, 0.6559, 0.6248, 0.6512, 0.6488], [0.8993, 0.9034, 0.8984, 0.9008, 0.8954, 0.8982, 0.8985, 0.9013, 0.9002], [0.6992, 0.6901, 0.6932, 0.6899, 0.6949, 0.6649, 0.6654, 0.6806, 0.686], [0.6351, 0.5818, 0.5812, 0.6235, 0.5858, 0.6454, 0.6516, 0.5811, 0.656], [0.8936, 0.8852, 0.896, 0.8706, 0.884, 0.8781, 0.8841, 0.9026, 0.8951], [0.6873, 0.6923, 0.6911, 0.6589, 0.6941, 0.692, 0.6736, 0.694, 0.6943]]	
Results: 	[[0.661, 0.6637, 0.6522, 0.6249, 0.6319, 0.6559, 0.6248, 0.6512, 0.6488, 0.6642], [0.8993, 0.9034, 0.8984, 0.9008, 0.8954, 0.8982, 0.8985, 0.9013, 0.9002, 0.8946], [0.6992, 0.6901, 0.6932, 0.6899, 0.6949, 0.6649, 0.6654, 0.6806, 0.686, 0.6593], [0.6351, 0.5818, 0.5812, 0.6235, 0.5858, 0.6454, 0.6516, 0.5811, 0.656, 0.6299], [0.8936, 0.8852, 0.896, 0.8706, 0.884, 0.8781, 0.8841, 0.9026, 0.8951, 0.8891], [0.6873, 0.6923, 0.6911, 0.6589, 0.6941, 0.692, 0.6736, 0.694, 0.6943, 0.6842]]	
Results: 	[[0.661, 0.6637, 0.6522, 0.6249, 0.6319, 0.6559, 0.6248, 0.6512, 0.6488, 0.6642, 0.6352], [0.8993, 0.9034, 0.8984, 0.9008, 0.8954, 0.8982, 0.8985, 0.9013, 0.9002, 0.8946, 0.8999], [0.6992, 0.6901, 0.6932, 0.6899, 0.6949, 0.6649, 0.6654, 0.6806, 0.686, 0.6593, 0.6574], [0.6351, 0.5818, 0.5812, 0.6235, 0.5858, 0.6454, 0.6516, 0.5811, 0.656, 0.6299, 0.5872], [0.8936, 0.8852, 0.896, 0.8706, 0.884, 0.8781, 0.8841, 0.9026, 0.8951, 0.8891, 0.9007], [0.6873, 0.6923, 0.6911, 0.6589, 0.6941, 0.692, 0.6736, 0.694, 0.6943, 0.6842, 0.6888]]	
Results: 	[[0.661, 0.6637, 0.6522, 0.6249, 0.6319, 0.6559, 0.6248, 0.6512, 0.6488, 0.6642, 0.6352, 0.6532], [0.8993, 0.9034, 0.8984, 0.9008, 0.8954, 0.8982, 0.8985, 0.9013, 0.9002, 0.8946, 0.8999, 0.9066], [0.6992, 0.6901, 0.6932, 0.6899, 0.6949, 0.6649, 0.6654, 0.6806, 0.686, 0.6593, 0.6574, 0.6867], [0.6351, 0.5818, 0.5812, 0.6235, 0.5858, 0.6454, 0.6516, 0.5811, 0.656, 0.6299, 0.5872, 0.6254], [0.8936, 0.8852, 0.896, 0.8706, 0.884, 0.8781, 0.8841, 0.9026, 0.8951, 0.8891, 0.9007, 0.8757], [0.6873, 0.6923, 0.6911, 0.6589, 0.6941, 0.692, 0.6736, 0.694, 0.6943, 0.6842, 0.6888, 0.6997]]	
Results: 	[[0.661, 0.6637, 0.6522, 0.6249, 0.6319, 0.6559, 0.6248, 0.6512, 0.6488, 0.6642, 0.6352, 0.6532, 0.6504], [0.8993, 0.9034, 0.8984, 0.9008, 0.8954, 0.8982, 0.8985, 0.9013, 0.9002, 0.8946, 0.8999, 0.9066, 0.9036], [0.6992, 0.6901, 0.6932, 0.6899, 0.6949, 0.6649, 0.6654, 0.6806, 0.686, 0.6593, 0.6574, 0.6867, 0.6881], [0.6351, 0.5818, 0.5812, 0.6235, 0.5858, 0.6454, 0.6516, 0.5811, 0.656, 0.6299, 0.5872, 0.6254, 0.6413], [0.8936, 0.8852, 0.896, 0.8706, 0.884, 0.8781, 0.8841, 0.9026, 0.8951, 0.8891, 0.9007, 0.8757, 0.8794], [0.6873, 0.6923, 0.6911, 0.6589, 0.6941, 0.692, 0.6736, 0.694, 0.6943, 0.6842, 0.6888, 0.6997, 0.7004]]	
Results: 	[[0.661, 0.6637, 0.6522, 0.6249, 0.6319, 0.6559, 0.6248, 0.6512, 0.6488, 0.6642, 0.6352, 0.6532, 0.6504, 0.6513], [0.8993, 0.9034, 0.8984, 0.9008, 0.8954, 0.8982, 0.8985, 0.9013, 0.9002, 0.8946, 0.8999, 0.9066, 0.9036, 0.9032], [0.6992, 0.6901, 0.6932, 0.6899, 0.6949, 0.6649, 0.6654, 0.6806, 0.686, 0.6593, 0.6574, 0.6867, 0.6881, 0.6882], [0.6351, 0.5818, 0.5812, 0.6235, 0.5858, 0.6454, 0.6516, 0.5811, 0.656, 0.6299, 0.5872, 0.6254, 0.6413, 0.6618], [0.8936, 0.8852, 0.896, 0.8706, 0.884, 0.8781, 0.8841, 0.9026, 0.8951, 0.8891, 0.9007, 0.8757, 0.8794, 0.8758], [0.6873, 0.6923, 0.6911, 0.6589, 0.6941, 0.692, 0.6736, 0.694, 0.6943, 0.6842, 0.6888, 0.6997, 0.7004, 0.6999]]	
Results: 	[[0.661, 0.6637, 0.6522, 0.6249, 0.6319, 0.6559, 0.6248, 0.6512, 0.6488, 0.6642, 0.6352, 0.6532, 0.6504, 0.6513, 0.6607], [0.8993, 0.9034, 0.8984, 0.9008, 0.8954, 0.8982, 0.8985, 0.9013, 0.9002, 0.8946, 0.8999, 0.9066, 0.9036, 0.9032, 0.9048], [0.6992, 0.6901, 0.6932, 0.6899, 0.6949, 0.6649, 0.6654, 0.6806, 0.686, 0.6593, 0.6574, 0.6867, 0.6881, 0.6882, 0.672], [0.6351, 0.5818, 0.5812, 0.6235, 0.5858, 0.6454, 0.6516, 0.5811, 0.656, 0.6299, 0.5872, 0.6254, 0.6413, 0.6618, 0.5889], [0.8936, 0.8852, 0.896, 0.8706, 0.884, 0.8781, 0.8841, 0.9026, 0.8951, 0.8891, 0.9007, 0.8757, 0.8794, 0.8758, 0.8905], [0.6873, 0.6923, 0.6911, 0.6589, 0.6941, 0.692, 0.6736, 0.694, 0.6943, 0.6842, 0.6888, 0.6997, 0.7004, 0.6999, 0.6971]]	
Results: 	[[0.661, 0.6637, 0.6522, 0.6249, 0.6319, 0.6559, 0.6248, 0.6512, 0.6488, 0.6642, 0.6352, 0.6532, 0.6504, 0.6513, 0.6607, 0.6475], [0.8993, 0.9034, 0.8984, 0.9008, 0.8954, 0.8982, 0.8985, 0.9013, 0.9002, 0.8946, 0.8999, 0.9066, 0.9036, 0.9032, 0.9048, 0.9044], [0.6992, 0.6901, 0.6932, 0.6899, 0.6949, 0.6649, 0.6654, 0.6806, 0.686, 0.6593, 0.6574, 0.6867, 0.6881, 0.6882, 0.672, 0.7014], [0.6351, 0.5818, 0.5812, 0.6235, 0.5858, 0.6454, 0.6516, 0.5811, 0.656, 0.6299, 0.5872, 0.6254, 0.6413, 0.6618, 0.5889, 0.638], [0.8936, 0.8852, 0.896, 0.8706, 0.884, 0.8781, 0.8841, 0.9026, 0.8951, 0.8891, 0.9007, 0.8757, 0.8794, 0.8758, 0.8905, 0.8797], [0.6873, 0.6923, 0.6911, 0.6589, 0.6941, 0.692, 0.6736, 0.694, 0.6943, 0.6842, 0.6888, 0.6997, 0.7004, 0.6999, 0.6971, 0.7011]]	
Results: 	[[0.661, 0.6637, 0.6522, 0.6249, 0.6319, 0.6559, 0.6248, 0.6512, 0.6488, 0.6642, 0.6352, 0.6532, 0.6504, 0.6513, 0.6607, 0.6475, 0.6482], [0.8993, 0.9034, 0.8984, 0.9008, 0.8954, 0.8982, 0.8985, 0.9013, 0.9002, 0.8946, 0.8999, 0.9066, 0.9036, 0.9032, 0.9048, 0.9044, 0.9003], [0.6992, 0.6901, 0.6932, 0.6899, 0.6949, 0.6649, 0.6654, 0.6806, 0.686, 0.6593, 0.6574, 0.6867, 0.6881, 0.6882, 0.672, 0.7014, 0.6793], [0.6351, 0.5818, 0.5812, 0.6235, 0.5858, 0.6454, 0.6516, 0.5811, 0.656, 0.6299, 0.5872, 0.6254, 0.6413, 0.6618, 0.5889, 0.638, 0.6513], [0.8936, 0.8852, 0.896, 0.8706, 0.884, 0.8781, 0.8841, 0.9026, 0.8951, 0.8891, 0.9007, 0.8757, 0.8794, 0.8758, 0.8905, 0.8797, 0.8953], [0.6873, 0.6923, 0.6911, 0.6589, 0.6941, 0.692, 0.6736, 0.694, 0.6943, 0.6842, 0.6888, 0.6997, 0.7004, 0.6999, 0.6971, 0.7011, 0.6865]]	
Results: 	[[0.661, 0.6637, 0.6522, 0.6249, 0.6319, 0.6559, 0.6248, 0.6512, 0.6488, 0.6642, 0.6352, 0.6532, 0.6504, 0.6513, 0.6607, 0.6475, 0.6482, 0.6396], [0.8993, 0.9034, 0.8984, 0.9008, 0.8954, 0.8982, 0.8985, 0.9013, 0.9002, 0.8946, 0.8999, 0.9066, 0.9036, 0.9032, 0.9048, 0.9044, 0.9003, 0.8979], [0.6992, 0.6901, 0.6932, 0.6899, 0.6949, 0.6649, 0.6654, 0.6806, 0.686, 0.6593, 0.6574, 0.6867, 0.6881, 0.6882, 0.672, 0.7014, 0.6793, 0.6916], [0.6351, 0.5818, 0.5812, 0.6235, 0.5858, 0.6454, 0.6516, 0.5811, 0.656, 0.6299, 0.5872, 0.6254, 0.6413, 0.6618, 0.5889, 0.638, 0.6513, 0.6329], [0.8936, 0.8852, 0.896, 0.8706, 0.884, 0.8781, 0.8841, 0.9026, 0.8951, 0.8891, 0.9007, 0.8757, 0.8794, 0.8758, 0.8905, 0.8797, 0.8953, 0.889], [0.6873, 0.6923, 0.6911, 0.6589, 0.6941, 0.692, 0.6736, 0.694, 0.6943, 0.6842, 0.6888, 0.6997, 0.7004, 0.6999, 0.6971, 0.7011, 0.6865, 0.6751]]	
Results: 	[[0.661, 0.6637, 0.6522, 0.6249, 0.6319, 0.6559, 0.6248, 0.6512, 0.6488, 0.6642, 0.6352, 0.6532, 0.6504, 0.6513, 0.6607, 0.6475, 0.6482, 0.6396, 0.6465], [0.8993, 0.9034, 0.8984, 0.9008, 0.8954, 0.8982, 0.8985, 0.9013, 0.9002, 0.8946, 0.8999, 0.9066, 0.9036, 0.9032, 0.9048, 0.9044, 0.9003, 0.8979, 0.9025], [0.6992, 0.6901, 0.6932, 0.6899, 0.6949, 0.6649, 0.6654, 0.6806, 0.686, 0.6593, 0.6574, 0.6867, 0.6881, 0.6882, 0.672, 0.7014, 0.6793, 0.6916, 0.6847], [0.6351, 0.5818, 0.5812, 0.6235, 0.5858, 0.6454, 0.6516, 0.5811, 0.656, 0.6299, 0.5872, 0.6254, 0.6413, 0.6618, 0.5889, 0.638, 0.6513, 0.6329, 0.6443], [0.8936, 0.8852, 0.896, 0.8706, 0.884, 0.8781, 0.8841, 0.9026, 0.8951, 0.8891, 0.9007, 0.8757, 0.8794, 0.8758, 0.8905, 0.8797, 0.8953, 0.889, 0.8913], [0.6873, 0.6923, 0.6911, 0.6589, 0.6941, 0.692, 0.6736, 0.694, 0.6943, 0.6842, 0.6888, 0.6997, 0.7004, 0.6999, 0.6971, 0.7011, 0.6865, 0.6751, 0.7076]]	
Results: 	[[0.661, 0.6637, 0.6522, 0.6249, 0.6319, 0.6559, 0.6248, 0.6512, 0.6488, 0.6642, 0.6352, 0.6532, 0.6504, 0.6513, 0.6607, 0.6475, 0.6482, 0.6396, 0.6465, 0.6504], [0.8993, 0.9034, 0.8984, 0.9008, 0.8954, 0.8982, 0.8985, 0.9013, 0.9002, 0.8946, 0.8999, 0.9066, 0.9036, 0.9032, 0.9048, 0.9044, 0.9003, 0.8979, 0.9025, 0.8956], [0.6992, 0.6901, 0.6932, 0.6899, 0.6949, 0.6649, 0.6654, 0.6806, 0.686, 0.6593, 0.6574, 0.6867, 0.6881, 0.6882, 0.672, 0.7014, 0.6793, 0.6916, 0.6847, 0.6764], [0.6351, 0.5818, 0.5812, 0.6235, 0.5858, 0.6454, 0.6516, 0.5811, 0.656, 0.6299, 0.5872, 0.6254, 0.6413, 0.6618, 0.5889, 0.638, 0.6513, 0.6329, 0.6443, 0.6273], [0.8936, 0.8852, 0.896, 0.8706, 0.884, 0.8781, 0.8841, 0.9026, 0.8951, 0.8891, 0.9007, 0.8757, 0.8794, 0.8758, 0.8905, 0.8797, 0.8953, 0.889, 0.8913, 0.893], [0.6873, 0.6923, 0.6911, 0.6589, 0.6941, 0.692, 0.6736, 0.694, 0.6943, 0.6842, 0.6888, 0.6997, 0.7004, 0.6999, 0.6971, 0.7011, 0.6865, 0.6751, 0.7076, 0.6949]]	
Results: 	[[0.661, 0.6637, 0.6522, 0.6249, 0.6319, 0.6559, 0.6248, 0.6512, 0.6488, 0.6642, 0.6352, 0.6532, 0.6504, 0.6513, 0.6607, 0.6475, 0.6482, 0.6396, 0.6465, 0.6504, 0.6489], [0.8993, 0.9034, 0.8984, 0.9008, 0.8954, 0.8982, 0.8985, 0.9013, 0.9002, 0.8946, 0.8999, 0.9066, 0.9036, 0.9032, 0.9048, 0.9044, 0.9003, 0.8979, 0.9025, 0.8956, 0.9064], [0.6992, 0.6901, 0.6932, 0.6899, 0.6949, 0.6649, 0.6654, 0.6806, 0.686, 0.6593, 0.6574, 0.6867, 0.6881, 0.6882, 0.672, 0.7014, 0.6793, 0.6916, 0.6847, 0.6764, 0.619], [0.6351, 0.5818, 0.5812, 0.6235, 0.5858, 0.6454, 0.6516, 0.5811, 0.656, 0.6299, 0.5872, 0.6254, 0.6413, 0.6618, 0.5889, 0.638, 0.6513, 0.6329, 0.6443, 0.6273, 0.6456], [0.8936, 0.8852, 0.896, 0.8706, 0.884, 0.8781, 0.8841, 0.9026, 0.8951, 0.8891, 0.9007, 0.8757, 0.8794, 0.8758, 0.8905, 0.8797, 0.8953, 0.889, 0.8913, 0.893, 0.8978], [0.6873, 0.6923, 0.6911, 0.6589, 0.6941, 0.692, 0.6736, 0.694, 0.6943, 0.6842, 0.6888, 0.6997, 0.7004, 0.6999, 0.6971, 0.7011, 0.6865, 0.6751, 0.7076, 0.6949, 0.7009]]	
Results: 	[[0.661, 0.6637, 0.6522, 0.6249, 0.6319, 0.6559, 0.6248, 0.6512, 0.6488, 0.6642, 0.6352, 0.6532, 0.6504, 0.6513, 0.6607, 0.6475, 0.6482, 0.6396, 0.6465, 0.6504, 0.6489, 0.6365], [0.8993, 0.9034, 0.8984, 0.9008, 0.8954, 0.8982, 0.8985, 0.9013, 0.9002, 0.8946, 0.8999, 0.9066, 0.9036, 0.9032, 0.9048, 0.9044, 0.9003, 0.8979, 0.9025, 0.8956, 0.9064, 0.9019], [0.6992, 0.6901, 0.6932, 0.6899, 0.6949, 0.6649, 0.6654, 0.6806, 0.686, 0.6593, 0.6574, 0.6867, 0.6881, 0.6882, 0.672, 0.7014, 0.6793, 0.6916, 0.6847, 0.6764, 0.619, 0.6625], [0.6351, 0.5818, 0.5812, 0.6235, 0.5858, 0.6454, 0.6516, 0.5811, 0.656, 0.6299, 0.5872, 0.6254, 0.6413, 0.6618, 0.5889, 0.638, 0.6513, 0.6329, 0.6443, 0.6273, 0.6456, 0.6301], [0.8936, 0.8852, 0.896, 0.8706, 0.884, 0.8781, 0.8841, 0.9026, 0.8951, 0.8891, 0.9007, 0.8757, 0.8794, 0.8758, 0.8905, 0.8797, 0.8953, 0.889, 0.8913, 0.893, 0.8978, 0.8708], [0.6873, 0.6923, 0.6911, 0.6589, 0.6941, 0.692, 0.6736, 0.694, 0.6943, 0.6842, 0.6888, 0.6997, 0.7004, 0.6999, 0.6971, 0.7011, 0.6865, 0.6751, 0.7076, 0.6949, 0.7009, 0.6776]]	
Results: 	[[0.661, 0.6637, 0.6522, 0.6249, 0.6319, 0.6559, 0.6248, 0.6512, 0.6488, 0.6642, 0.6352, 0.6532, 0.6504, 0.6513, 0.6607, 0.6475, 0.6482, 0.6396, 0.6465, 0.6504, 0.6489, 0.6365, 0.6673], [0.8993, 0.9034, 0.8984, 0.9008, 0.8954, 0.8982, 0.8985, 0.9013, 0.9002, 0.8946, 0.8999, 0.9066, 0.9036, 0.9032, 0.9048, 0.9044, 0.9003, 0.8979, 0.9025, 0.8956, 0.9064, 0.9019, 0.9063], [0.6992, 0.6901, 0.6932, 0.6899, 0.6949, 0.6649, 0.6654, 0.6806, 0.686, 0.6593, 0.6574, 0.6867, 0.6881, 0.6882, 0.672, 0.7014, 0.6793, 0.6916, 0.6847, 0.6764, 0.619, 0.6625, 0.6873], [0.6351, 0.5818, 0.5812, 0.6235, 0.5858, 0.6454, 0.6516, 0.5811, 0.656, 0.6299, 0.5872, 0.6254, 0.6413, 0.6618, 0.5889, 0.638, 0.6513, 0.6329, 0.6443, 0.6273, 0.6456, 0.6301, 0.6114], [0.8936, 0.8852, 0.896, 0.8706, 0.884, 0.8781, 0.8841, 0.9026, 0.8951, 0.8891, 0.9007, 0.8757, 0.8794, 0.8758, 0.8905, 0.8797, 0.8953, 0.889, 0.8913, 0.893, 0.8978, 0.8708, 0.8952], [0.6873, 0.6923, 0.6911, 0.6589, 0.6941, 0.692, 0.6736, 0.694, 0.6943, 0.6842, 0.6888, 0.6997, 0.7004, 0.6999, 0.6971, 0.7011, 0.6865, 0.6751, 0.7076, 0.6949, 0.7009, 0.6776, 0.6853]]	
Results: 	[[0.661, 0.6637, 0.6522, 0.6249, 0.6319, 0.6559, 0.6248, 0.6512, 0.6488, 0.6642, 0.6352, 0.6532, 0.6504, 0.6513, 0.6607, 0.6475, 0.6482, 0.6396, 0.6465, 0.6504, 0.6489, 0.6365, 0.6673, 0.6457], [0.8993, 0.9034, 0.8984, 0.9008, 0.8954, 0.8982, 0.8985, 0.9013, 0.9002, 0.8946, 0.8999, 0.9066, 0.9036, 0.9032, 0.9048, 0.9044, 0.9003, 0.8979, 0.9025, 0.8956, 0.9064, 0.9019, 0.9063, 0.9048], [0.6992, 0.6901, 0.6932, 0.6899, 0.6949, 0.6649, 0.6654, 0.6806, 0.686, 0.6593, 0.6574, 0.6867, 0.6881, 0.6882, 0.672, 0.7014, 0.6793, 0.6916, 0.6847, 0.6764, 0.619, 0.6625, 0.6873, 0.7005], [0.6351, 0.5818, 0.5812, 0.6235, 0.5858, 0.6454, 0.6516, 0.5811, 0.656, 0.6299, 0.5872, 0.6254, 0.6413, 0.6618, 0.5889, 0.638, 0.6513, 0.6329, 0.6443, 0.6273, 0.6456, 0.6301, 0.6114, 0.5786], [0.8936, 0.8852, 0.896, 0.8706, 0.884, 0.8781, 0.8841, 0.9026, 0.8951, 0.8891, 0.9007, 0.8757, 0.8794, 0.8758, 0.8905, 0.8797, 0.8953, 0.889, 0.8913, 0.893, 0.8978, 0.8708, 0.8952, 0.8874], [0.6873, 0.6923, 0.6911, 0.6589, 0.6941, 0.692, 0.6736, 0.694, 0.6943, 0.6842, 0.6888, 0.6997, 0.7004, 0.6999, 0.6971, 0.7011, 0.6865, 0.6751, 0.7076, 0.6949, 0.7009, 0.6776, 0.6853, 0.6579]]	
Results: 	[[0.661, 0.6637, 0.6522, 0.6249, 0.6319, 0.6559, 0.6248, 0.6512, 0.6488, 0.6642, 0.6352, 0.6532, 0.6504, 0.6513, 0.6607, 0.6475, 0.6482, 0.6396, 0.6465, 0.6504, 0.6489, 0.6365, 0.6673, 0.6457, 0.6385], [0.8993, 0.9034, 0.8984, 0.9008, 0.8954, 0.8982, 0.8985, 0.9013, 0.9002, 0.8946, 0.8999, 0.9066, 0.9036, 0.9032, 0.9048, 0.9044, 0.9003, 0.8979, 0.9025, 0.8956, 0.9064, 0.9019, 0.9063, 0.9048, 0.891], [0.6992, 0.6901, 0.6932, 0.6899, 0.6949, 0.6649, 0.6654, 0.6806, 0.686, 0.6593, 0.6574, 0.6867, 0.6881, 0.6882, 0.672, 0.7014, 0.6793, 0.6916, 0.6847, 0.6764, 0.619, 0.6625, 0.6873, 0.7005, 0.6758], [0.6351, 0.5818, 0.5812, 0.6235, 0.5858, 0.6454, 0.6516, 0.5811, 0.656, 0.6299, 0.5872, 0.6254, 0.6413, 0.6618, 0.5889, 0.638, 0.6513, 0.6329, 0.6443, 0.6273, 0.6456, 0.6301, 0.6114, 0.5786, 0.5839], [0.8936, 0.8852, 0.896, 0.8706, 0.884, 0.8781, 0.8841, 0.9026, 0.8951, 0.8891, 0.9007, 0.8757, 0.8794, 0.8758, 0.8905, 0.8797, 0.8953, 0.889, 0.8913, 0.893, 0.8978, 0.8708, 0.8952, 0.8874, 0.8973], [0.6873, 0.6923, 0.6911, 0.6589, 0.6941, 0.692, 0.6736, 0.694, 0.6943, 0.6842, 0.6888, 0.6997, 0.7004, 0.6999, 0.6971, 0.7011, 0.6865, 0.6751, 0.7076, 0.6949, 0.7009, 0.6776, 0.6853, 0.6579, 0.6696]]	
Results: 	[[0.661, 0.6637, 0.6522, 0.6249, 0.6319, 0.6559, 0.6248, 0.6512, 0.6488, 0.6642, 0.6352, 0.6532, 0.6504, 0.6513, 0.6607, 0.6475, 0.6482, 0.6396, 0.6465, 0.6504, 0.6489, 0.6365, 0.6673, 0.6457, 0.6385, 0.6654], [0.8993, 0.9034, 0.8984, 0.9008, 0.8954, 0.8982, 0.8985, 0.9013, 0.9002, 0.8946, 0.8999, 0.9066, 0.9036, 0.9032, 0.9048, 0.9044, 0.9003, 0.8979, 0.9025, 0.8956, 0.9064, 0.9019, 0.9063, 0.9048, 0.891, 0.9004], [0.6992, 0.6901, 0.6932, 0.6899, 0.6949, 0.6649, 0.6654, 0.6806, 0.686, 0.6593, 0.6574, 0.6867, 0.6881, 0.6882, 0.672, 0.7014, 0.6793, 0.6916, 0.6847, 0.6764, 0.619, 0.6625, 0.6873, 0.7005, 0.6758, 0.6979], [0.6351, 0.5818, 0.5812, 0.6235, 0.5858, 0.6454, 0.6516, 0.5811, 0.656, 0.6299, 0.5872, 0.6254, 0.6413, 0.6618, 0.5889, 0.638, 0.6513, 0.6329, 0.6443, 0.6273, 0.6456, 0.6301, 0.6114, 0.5786, 0.5839, 0.6144], [0.8936, 0.8852, 0.896, 0.8706, 0.884, 0.8781, 0.8841, 0.9026, 0.8951, 0.8891, 0.9007, 0.8757, 0.8794, 0.8758, 0.8905, 0.8797, 0.8953, 0.889, 0.8913, 0.893, 0.8978, 0.8708, 0.8952, 0.8874, 0.8973, 0.897], [0.6873, 0.6923, 0.6911, 0.6589, 0.6941, 0.692, 0.6736, 0.694, 0.6943, 0.6842, 0.6888, 0.6997, 0.7004, 0.6999, 0.6971, 0.7011, 0.6865, 0.6751, 0.7076, 0.6949, 0.7009, 0.6776, 0.6853, 0.6579, 0.6696, 0.6992]]	
Results: 	[[0.661, 0.6637, 0.6522, 0.6249, 0.6319, 0.6559, 0.6248, 0.6512, 0.6488, 0.6642, 0.6352, 0.6532, 0.6504, 0.6513, 0.6607, 0.6475, 0.6482, 0.6396, 0.6465, 0.6504, 0.6489, 0.6365, 0.6673, 0.6457, 0.6385, 0.6654, 0.6595], [0.8993, 0.9034, 0.8984, 0.9008, 0.8954, 0.8982, 0.8985, 0.9013, 0.9002, 0.8946, 0.8999, 0.9066, 0.9036, 0.9032, 0.9048, 0.9044, 0.9003, 0.8979, 0.9025, 0.8956, 0.9064, 0.9019, 0.9063, 0.9048, 0.891, 0.9004, 0.9063], [0.6992, 0.6901, 0.6932, 0.6899, 0.6949, 0.6649, 0.6654, 0.6806, 0.686, 0.6593, 0.6574, 0.6867, 0.6881, 0.6882, 0.672, 0.7014, 0.6793, 0.6916, 0.6847, 0.6764, 0.619, 0.6625, 0.6873, 0.7005, 0.6758, 0.6979, 0.696], [0.6351, 0.5818, 0.5812, 0.6235, 0.5858, 0.6454, 0.6516, 0.5811, 0.656, 0.6299, 0.5872, 0.6254, 0.6413, 0.6618, 0.5889, 0.638, 0.6513, 0.6329, 0.6443, 0.6273, 0.6456, 0.6301, 0.6114, 0.5786, 0.5839, 0.6144, 0.6191], [0.8936, 0.8852, 0.896, 0.8706, 0.884, 0.8781, 0.8841, 0.9026, 0.8951, 0.8891, 0.9007, 0.8757, 0.8794, 0.8758, 0.8905, 0.8797, 0.8953, 0.889, 0.8913, 0.893, 0.8978, 0.8708, 0.8952, 0.8874, 0.8973, 0.897, 0.8782], [0.6873, 0.6923, 0.6911, 0.6589, 0.6941, 0.692, 0.6736, 0.694, 0.6943, 0.6842, 0.6888, 0.6997, 0.7004, 0.6999, 0.6971, 0.7011, 0.6865, 0.6751, 0.7076, 0.6949, 0.7009, 0.6776, 0.6853, 0.6579, 0.6696, 0.6992, 0.6874]]	
Results: 	[[0.661, 0.6637, 0.6522, 0.6249, 0.6319, 0.6559, 0.6248, 0.6512, 0.6488, 0.6642, 0.6352, 0.6532, 0.6504, 0.6513, 0.6607, 0.6475, 0.6482, 0.6396, 0.6465, 0.6504, 0.6489, 0.6365, 0.6673, 0.6457, 0.6385, 0.6654, 0.6595, 0.6349], [0.8993, 0.9034, 0.8984, 0.9008, 0.8954, 0.8982, 0.8985, 0.9013, 0.9002, 0.8946, 0.8999, 0.9066, 0.9036, 0.9032, 0.9048, 0.9044, 0.9003, 0.8979, 0.9025, 0.8956, 0.9064, 0.9019, 0.9063, 0.9048, 0.891, 0.9004, 0.9063, 0.897], [0.6992, 0.6901, 0.6932, 0.6899, 0.6949, 0.6649, 0.6654, 0.6806, 0.686, 0.6593, 0.6574, 0.6867, 0.6881, 0.6882, 0.672, 0.7014, 0.6793, 0.6916, 0.6847, 0.6764, 0.619, 0.6625, 0.6873, 0.7005, 0.6758, 0.6979, 0.696, 0.6912], [0.6351, 0.5818, 0.5812, 0.6235, 0.5858, 0.6454, 0.6516, 0.5811, 0.656, 0.6299, 0.5872, 0.6254, 0.6413, 0.6618, 0.5889, 0.638, 0.6513, 0.6329, 0.6443, 0.6273, 0.6456, 0.6301, 0.6114, 0.5786, 0.5839, 0.6144, 0.6191, 0.6338], [0.8936, 0.8852, 0.896, 0.8706, 0.884, 0.8781, 0.8841, 0.9026, 0.8951, 0.8891, 0.9007, 0.8757, 0.8794, 0.8758, 0.8905, 0.8797, 0.8953, 0.889, 0.8913, 0.893, 0.8978, 0.8708, 0.8952, 0.8874, 0.8973, 0.897, 0.8782, 0.901], [0.6873, 0.6923, 0.6911, 0.6589, 0.6941, 0.692, 0.6736, 0.694, 0.6943, 0.6842, 0.6888, 0.6997, 0.7004, 0.6999, 0.6971, 0.7011, 0.6865, 0.6751, 0.7076, 0.6949, 0.7009, 0.6776, 0.6853, 0.6579, 0.6696, 0.6992, 0.6874, 0.6991]]	
Results: 	[[0.661, 0.6637, 0.6522, 0.6249, 0.6319, 0.6559, 0.6248, 0.6512, 0.6488, 0.6642, 0.6352, 0.6532, 0.6504, 0.6513, 0.6607, 0.6475, 0.6482, 0.6396, 0.6465, 0.6504, 0.6489, 0.6365, 0.6673, 0.6457, 0.6385, 0.6654, 0.6595, 0.6349, 0.6552], [0.8993, 0.9034, 0.8984, 0.9008, 0.8954, 0.8982, 0.8985, 0.9013, 0.9002, 0.8946, 0.8999, 0.9066, 0.9036, 0.9032, 0.9048, 0.9044, 0.9003, 0.8979, 0.9025, 0.8956, 0.9064, 0.9019, 0.9063, 0.9048, 0.891, 0.9004, 0.9063, 0.897, 0.904], [0.6992, 0.6901, 0.6932, 0.6899, 0.6949, 0.6649, 0.6654, 0.6806, 0.686, 0.6593, 0.6574, 0.6867, 0.6881, 0.6882, 0.672, 0.7014, 0.6793, 0.6916, 0.6847, 0.6764, 0.619, 0.6625, 0.6873, 0.7005, 0.6758, 0.6979, 0.696, 0.6912, 0.6841], [0.6351, 0.5818, 0.5812, 0.6235, 0.5858, 0.6454, 0.6516, 0.5811, 0.656, 0.6299, 0.5872, 0.6254, 0.6413, 0.6618, 0.5889, 0.638, 0.6513, 0.6329, 0.6443, 0.6273, 0.6456, 0.6301, 0.6114, 0.5786, 0.5839, 0.6144, 0.6191, 0.6338, 0.6206], [0.8936, 0.8852, 0.896, 0.8706, 0.884, 0.8781, 0.8841, 0.9026, 0.8951, 0.8891, 0.9007, 0.8757, 0.8794, 0.8758, 0.8905, 0.8797, 0.8953, 0.889, 0.8913, 0.893, 0.8978, 0.8708, 0.8952, 0.8874, 0.8973, 0.897, 0.8782, 0.901, 0.8929], [0.6873, 0.6923, 0.6911, 0.6589, 0.6941, 0.692, 0.6736, 0.694, 0.6943, 0.6842, 0.6888, 0.6997, 0.7004, 0.6999, 0.6971, 0.7011, 0.6865, 0.6751, 0.7076, 0.6949, 0.7009, 0.6776, 0.6853, 0.6579, 0.6696, 0.6992, 0.6874, 0.6991, 0.6421]]	
Results: 	[[0.661, 0.6637, 0.6522, 0.6249, 0.6319, 0.6559, 0.6248, 0.6512, 0.6488, 0.6642, 0.6352, 0.6532, 0.6504, 0.6513, 0.6607, 0.6475, 0.6482, 0.6396, 0.6465, 0.6504, 0.6489, 0.6365, 0.6673, 0.6457, 0.6385, 0.6654, 0.6595, 0.6349, 0.6552, 0.6492], [0.8993, 0.9034, 0.8984, 0.9008, 0.8954, 0.8982, 0.8985, 0.9013, 0.9002, 0.8946, 0.8999, 0.9066, 0.9036, 0.9032, 0.9048, 0.9044, 0.9003, 0.8979, 0.9025, 0.8956, 0.9064, 0.9019, 0.9063, 0.9048, 0.891, 0.9004, 0.9063, 0.897, 0.904, 0.9031], [0.6992, 0.6901, 0.6932, 0.6899, 0.6949, 0.6649, 0.6654, 0.6806, 0.686, 0.6593, 0.6574, 0.6867, 0.6881, 0.6882, 0.672, 0.7014, 0.6793, 0.6916, 0.6847, 0.6764, 0.619, 0.6625, 0.6873, 0.7005, 0.6758, 0.6979, 0.696, 0.6912, 0.6841, 0.6878], [0.6351, 0.5818, 0.5812, 0.6235, 0.5858, 0.6454, 0.6516, 0.5811, 0.656, 0.6299, 0.5872, 0.6254, 0.6413, 0.6618, 0.5889, 0.638, 0.6513, 0.6329, 0.6443, 0.6273, 0.6456, 0.6301, 0.6114, 0.5786, 0.5839, 0.6144, 0.6191, 0.6338, 0.6206, 0.6193], [0.8936, 0.8852, 0.896, 0.8706, 0.884, 0.8781, 0.8841, 0.9026, 0.8951, 0.8891, 0.9007, 0.8757, 0.8794, 0.8758, 0.8905, 0.8797, 0.8953, 0.889, 0.8913, 0.893, 0.8978, 0.8708, 0.8952, 0.8874, 0.8973, 0.897, 0.8782, 0.901, 0.8929, 0.8853], [0.6873, 0.6923, 0.6911, 0.6589, 0.6941, 0.692, 0.6736, 0.694, 0.6943, 0.6842, 0.6888, 0.6997, 0.7004, 0.6999, 0.6971, 0.7011, 0.6865, 0.6751, 0.7076, 0.6949, 0.7009, 0.6776, 0.6853, 0.6579, 0.6696, 0.6992, 0.6874, 0.6991, 0.6421, 0.6896]]
Support Sets: (Mean:0.6487566666666666, SD:0.011434089482720107) | 	Support Sets: (Mean:0.9010033333333334, SD:0.003915617125213393) | 	Support Sets: (Mean:0.6817133333333334, SD:0.017081301196768144) | 	Support Sets: (Mean:0.6208866666666667, SD:0.025838300004575317) | 	Support Sets: (Mean:0.88839, SD:0.009104767602934638) | 	Support Sets: (Mean:0.6873866666666667, SD:0.014840966910904916) | 	
