Results: 	[[0.9152], [0.8298], [0.9202]]	
Results: 	[[0.9152, 0.9167], [0.8298, 0.8267], [0.9202, 0.9264]]	
Results: 	[[0.9152, 0.9167, 0.913], [0.8298, 0.8267, 0.831], [0.9202, 0.9264, 0.9206]]	
Results: 	[[0.9152, 0.9167, 0.913, 0.9174], [0.8298, 0.8267, 0.831, 0.8289], [0.9202, 0.9264, 0.9206, 0.9142]]	
Results: 	[[0.9152, 0.9167, 0.913, 0.9174, 0.9154], [0.8298, 0.8267, 0.831, 0.8289, 0.8287], [0.9202, 0.9264, 0.9206, 0.9142, 0.9187]]	
Results: 	[[0.9152, 0.9167, 0.913, 0.9174, 0.9154, 0.92], [0.8298, 0.8267, 0.831, 0.8289, 0.8287, 0.8239], [0.9202, 0.9264, 0.9206, 0.9142, 0.9187, 0.9183]]	
Results: 	[[0.9152, 0.9167, 0.913, 0.9174, 0.9154, 0.92, 0.9177], [0.8298, 0.8267, 0.831, 0.8289, 0.8287, 0.8239, 0.8284], [0.9202, 0.9264, 0.9206, 0.9142, 0.9187, 0.9183, 0.9202]]	
Results: 	[[0.9152, 0.9167, 0.913, 0.9174, 0.9154, 0.92, 0.9177, 0.9159], [0.8298, 0.8267, 0.831, 0.8289, 0.8287, 0.8239, 0.8284, 0.8231], [0.9202, 0.9264, 0.9206, 0.9142, 0.9187, 0.9183, 0.9202, 0.9167]]	
Results: 	[[0.9152, 0.9167, 0.913, 0.9174, 0.9154, 0.92, 0.9177, 0.9159, 0.9167], [0.8298, 0.8267, 0.831, 0.8289, 0.8287, 0.8239, 0.8284, 0.8231, 0.8341], [0.9202, 0.9264, 0.9206, 0.9142, 0.9187, 0.9183, 0.9202, 0.9167, 0.9217]]	
Results: 	[[0.9152, 0.9167, 0.913, 0.9174, 0.9154, 0.92, 0.9177, 0.9159, 0.9167, 0.9146], [0.8298, 0.8267, 0.831, 0.8289, 0.8287, 0.8239, 0.8284, 0.8231, 0.8341, 0.8422], [0.9202, 0.9264, 0.9206, 0.9142, 0.9187, 0.9183, 0.9202, 0.9167, 0.9217, 0.9135]]	
Results: 	[[0.9152, 0.9167, 0.913, 0.9174, 0.9154, 0.92, 0.9177, 0.9159, 0.9167, 0.9146, 0.9194], [0.8298, 0.8267, 0.831, 0.8289, 0.8287, 0.8239, 0.8284, 0.8231, 0.8341, 0.8422, 0.8281], [0.9202, 0.9264, 0.9206, 0.9142, 0.9187, 0.9183, 0.9202, 0.9167, 0.9217, 0.9135, 0.9124]]	
Results: 	[[0.9152, 0.9167, 0.913, 0.9174, 0.9154, 0.92, 0.9177, 0.9159, 0.9167, 0.9146, 0.9194, 0.9184], [0.8298, 0.8267, 0.831, 0.8289, 0.8287, 0.8239, 0.8284, 0.8231, 0.8341, 0.8422, 0.8281, 0.836], [0.9202, 0.9264, 0.9206, 0.9142, 0.9187, 0.9183, 0.9202, 0.9167, 0.9217, 0.9135, 0.9124, 0.9228]]	
Results: 	[[0.9152, 0.9167, 0.913, 0.9174, 0.9154, 0.92, 0.9177, 0.9159, 0.9167, 0.9146, 0.9194, 0.9184, 0.9167], [0.8298, 0.8267, 0.831, 0.8289, 0.8287, 0.8239, 0.8284, 0.8231, 0.8341, 0.8422, 0.8281, 0.836, 0.8239], [0.9202, 0.9264, 0.9206, 0.9142, 0.9187, 0.9183, 0.9202, 0.9167, 0.9217, 0.9135, 0.9124, 0.9228, 0.9225]]	
Results: 	[[0.9152, 0.9167, 0.913, 0.9174, 0.9154, 0.92, 0.9177, 0.9159, 0.9167, 0.9146, 0.9194, 0.9184, 0.9167, 0.917], [0.8298, 0.8267, 0.831, 0.8289, 0.8287, 0.8239, 0.8284, 0.8231, 0.8341, 0.8422, 0.8281, 0.836, 0.8239, 0.8298], [0.9202, 0.9264, 0.9206, 0.9142, 0.9187, 0.9183, 0.9202, 0.9167, 0.9217, 0.9135, 0.9124, 0.9228, 0.9225, 0.9192]]	
Results: 	[[0.9152, 0.9167, 0.913, 0.9174, 0.9154, 0.92, 0.9177, 0.9159, 0.9167, 0.9146, 0.9194, 0.9184, 0.9167, 0.917, 0.9165], [0.8298, 0.8267, 0.831, 0.8289, 0.8287, 0.8239, 0.8284, 0.8231, 0.8341, 0.8422, 0.8281, 0.836, 0.8239, 0.8298, 0.8255], [0.9202, 0.9264, 0.9206, 0.9142, 0.9187, 0.9183, 0.9202, 0.9167, 0.9217, 0.9135, 0.9124, 0.9228, 0.9225, 0.9192, 0.9186]]	
Results: 	[[0.9152, 0.9167, 0.913, 0.9174, 0.9154, 0.92, 0.9177, 0.9159, 0.9167, 0.9146, 0.9194, 0.9184, 0.9167, 0.917, 0.9165, 0.916], [0.8298, 0.8267, 0.831, 0.8289, 0.8287, 0.8239, 0.8284, 0.8231, 0.8341, 0.8422, 0.8281, 0.836, 0.8239, 0.8298, 0.8255, 0.8381], [0.9202, 0.9264, 0.9206, 0.9142, 0.9187, 0.9183, 0.9202, 0.9167, 0.9217, 0.9135, 0.9124, 0.9228, 0.9225, 0.9192, 0.9186, 0.9168]]	
Results: 	[[0.9152, 0.9167, 0.913, 0.9174, 0.9154, 0.92, 0.9177, 0.9159, 0.9167, 0.9146, 0.9194, 0.9184, 0.9167, 0.917, 0.9165, 0.916, 0.9165], [0.8298, 0.8267, 0.831, 0.8289, 0.8287, 0.8239, 0.8284, 0.8231, 0.8341, 0.8422, 0.8281, 0.836, 0.8239, 0.8298, 0.8255, 0.8381, 0.8247], [0.9202, 0.9264, 0.9206, 0.9142, 0.9187, 0.9183, 0.9202, 0.9167, 0.9217, 0.9135, 0.9124, 0.9228, 0.9225, 0.9192, 0.9186, 0.9168, 0.9223]]	
Results: 	[[0.9152, 0.9167, 0.913, 0.9174, 0.9154, 0.92, 0.9177, 0.9159, 0.9167, 0.9146, 0.9194, 0.9184, 0.9167, 0.917, 0.9165, 0.916, 0.9165, 0.9161], [0.8298, 0.8267, 0.831, 0.8289, 0.8287, 0.8239, 0.8284, 0.8231, 0.8341, 0.8422, 0.8281, 0.836, 0.8239, 0.8298, 0.8255, 0.8381, 0.8247, 0.8314], [0.9202, 0.9264, 0.9206, 0.9142, 0.9187, 0.9183, 0.9202, 0.9167, 0.9217, 0.9135, 0.9124, 0.9228, 0.9225, 0.9192, 0.9186, 0.9168, 0.9223, 0.92]]	
Results: 	[[0.9152, 0.9167, 0.913, 0.9174, 0.9154, 0.92, 0.9177, 0.9159, 0.9167, 0.9146, 0.9194, 0.9184, 0.9167, 0.917, 0.9165, 0.916, 0.9165, 0.9161, 0.9124], [0.8298, 0.8267, 0.831, 0.8289, 0.8287, 0.8239, 0.8284, 0.8231, 0.8341, 0.8422, 0.8281, 0.836, 0.8239, 0.8298, 0.8255, 0.8381, 0.8247, 0.8314, 0.8264], [0.9202, 0.9264, 0.9206, 0.9142, 0.9187, 0.9183, 0.9202, 0.9167, 0.9217, 0.9135, 0.9124, 0.9228, 0.9225, 0.9192, 0.9186, 0.9168, 0.9223, 0.92, 0.9206]]	
Results: 	[[0.9152, 0.9167, 0.913, 0.9174, 0.9154, 0.92, 0.9177, 0.9159, 0.9167, 0.9146, 0.9194, 0.9184, 0.9167, 0.917, 0.9165, 0.916, 0.9165, 0.9161, 0.9124, 0.9161], [0.8298, 0.8267, 0.831, 0.8289, 0.8287, 0.8239, 0.8284, 0.8231, 0.8341, 0.8422, 0.8281, 0.836, 0.8239, 0.8298, 0.8255, 0.8381, 0.8247, 0.8314, 0.8264, 0.8267], [0.9202, 0.9264, 0.9206, 0.9142, 0.9187, 0.9183, 0.9202, 0.9167, 0.9217, 0.9135, 0.9124, 0.9228, 0.9225, 0.9192, 0.9186, 0.9168, 0.9223, 0.92, 0.9206, 0.9199]]	
Results: 	[[0.9152, 0.9167, 0.913, 0.9174, 0.9154, 0.92, 0.9177, 0.9159, 0.9167, 0.9146, 0.9194, 0.9184, 0.9167, 0.917, 0.9165, 0.916, 0.9165, 0.9161, 0.9124, 0.9161, 0.9148], [0.8298, 0.8267, 0.831, 0.8289, 0.8287, 0.8239, 0.8284, 0.8231, 0.8341, 0.8422, 0.8281, 0.836, 0.8239, 0.8298, 0.8255, 0.8381, 0.8247, 0.8314, 0.8264, 0.8267, 0.8225], [0.9202, 0.9264, 0.9206, 0.9142, 0.9187, 0.9183, 0.9202, 0.9167, 0.9217, 0.9135, 0.9124, 0.9228, 0.9225, 0.9192, 0.9186, 0.9168, 0.9223, 0.92, 0.9206, 0.9199, 0.9168]]	
Results: 	[[0.9152, 0.9167, 0.913, 0.9174, 0.9154, 0.92, 0.9177, 0.9159, 0.9167, 0.9146, 0.9194, 0.9184, 0.9167, 0.917, 0.9165, 0.916, 0.9165, 0.9161, 0.9124, 0.9161, 0.9148, 0.9156], [0.8298, 0.8267, 0.831, 0.8289, 0.8287, 0.8239, 0.8284, 0.8231, 0.8341, 0.8422, 0.8281, 0.836, 0.8239, 0.8298, 0.8255, 0.8381, 0.8247, 0.8314, 0.8264, 0.8267, 0.8225, 0.8339], [0.9202, 0.9264, 0.9206, 0.9142, 0.9187, 0.9183, 0.9202, 0.9167, 0.9217, 0.9135, 0.9124, 0.9228, 0.9225, 0.9192, 0.9186, 0.9168, 0.9223, 0.92, 0.9206, 0.9199, 0.9168, 0.9189]]	
Results: 	[[0.9152, 0.9167, 0.913, 0.9174, 0.9154, 0.92, 0.9177, 0.9159, 0.9167, 0.9146, 0.9194, 0.9184, 0.9167, 0.917, 0.9165, 0.916, 0.9165, 0.9161, 0.9124, 0.9161, 0.9148, 0.9156, 0.9163], [0.8298, 0.8267, 0.831, 0.8289, 0.8287, 0.8239, 0.8284, 0.8231, 0.8341, 0.8422, 0.8281, 0.836, 0.8239, 0.8298, 0.8255, 0.8381, 0.8247, 0.8314, 0.8264, 0.8267, 0.8225, 0.8339, 0.8166], [0.9202, 0.9264, 0.9206, 0.9142, 0.9187, 0.9183, 0.9202, 0.9167, 0.9217, 0.9135, 0.9124, 0.9228, 0.9225, 0.9192, 0.9186, 0.9168, 0.9223, 0.92, 0.9206, 0.9199, 0.9168, 0.9189, 0.9216]]	
Results: 	[[0.9152, 0.9167, 0.913, 0.9174, 0.9154, 0.92, 0.9177, 0.9159, 0.9167, 0.9146, 0.9194, 0.9184, 0.9167, 0.917, 0.9165, 0.916, 0.9165, 0.9161, 0.9124, 0.9161, 0.9148, 0.9156, 0.9163, 0.9184], [0.8298, 0.8267, 0.831, 0.8289, 0.8287, 0.8239, 0.8284, 0.8231, 0.8341, 0.8422, 0.8281, 0.836, 0.8239, 0.8298, 0.8255, 0.8381, 0.8247, 0.8314, 0.8264, 0.8267, 0.8225, 0.8339, 0.8166, 0.8321], [0.9202, 0.9264, 0.9206, 0.9142, 0.9187, 0.9183, 0.9202, 0.9167, 0.9217, 0.9135, 0.9124, 0.9228, 0.9225, 0.9192, 0.9186, 0.9168, 0.9223, 0.92, 0.9206, 0.9199, 0.9168, 0.9189, 0.9216, 0.9209]]	
Results: 	[[0.9152, 0.9167, 0.913, 0.9174, 0.9154, 0.92, 0.9177, 0.9159, 0.9167, 0.9146, 0.9194, 0.9184, 0.9167, 0.917, 0.9165, 0.916, 0.9165, 0.9161, 0.9124, 0.9161, 0.9148, 0.9156, 0.9163, 0.9184, 0.9151], [0.8298, 0.8267, 0.831, 0.8289, 0.8287, 0.8239, 0.8284, 0.8231, 0.8341, 0.8422, 0.8281, 0.836, 0.8239, 0.8298, 0.8255, 0.8381, 0.8247, 0.8314, 0.8264, 0.8267, 0.8225, 0.8339, 0.8166, 0.8321, 0.8204], [0.9202, 0.9264, 0.9206, 0.9142, 0.9187, 0.9183, 0.9202, 0.9167, 0.9217, 0.9135, 0.9124, 0.9228, 0.9225, 0.9192, 0.9186, 0.9168, 0.9223, 0.92, 0.9206, 0.9199, 0.9168, 0.9189, 0.9216, 0.9209, 0.9217]]	
Results: 	[[0.9152, 0.9167, 0.913, 0.9174, 0.9154, 0.92, 0.9177, 0.9159, 0.9167, 0.9146, 0.9194, 0.9184, 0.9167, 0.917, 0.9165, 0.916, 0.9165, 0.9161, 0.9124, 0.9161, 0.9148, 0.9156, 0.9163, 0.9184, 0.9151, 0.9224], [0.8298, 0.8267, 0.831, 0.8289, 0.8287, 0.8239, 0.8284, 0.8231, 0.8341, 0.8422, 0.8281, 0.836, 0.8239, 0.8298, 0.8255, 0.8381, 0.8247, 0.8314, 0.8264, 0.8267, 0.8225, 0.8339, 0.8166, 0.8321, 0.8204, 0.8355], [0.9202, 0.9264, 0.9206, 0.9142, 0.9187, 0.9183, 0.9202, 0.9167, 0.9217, 0.9135, 0.9124, 0.9228, 0.9225, 0.9192, 0.9186, 0.9168, 0.9223, 0.92, 0.9206, 0.9199, 0.9168, 0.9189, 0.9216, 0.9209, 0.9217, 0.9208]]	
Results: 	[[0.9152, 0.9167, 0.913, 0.9174, 0.9154, 0.92, 0.9177, 0.9159, 0.9167, 0.9146, 0.9194, 0.9184, 0.9167, 0.917, 0.9165, 0.916, 0.9165, 0.9161, 0.9124, 0.9161, 0.9148, 0.9156, 0.9163, 0.9184, 0.9151, 0.9224, 0.9099], [0.8298, 0.8267, 0.831, 0.8289, 0.8287, 0.8239, 0.8284, 0.8231, 0.8341, 0.8422, 0.8281, 0.836, 0.8239, 0.8298, 0.8255, 0.8381, 0.8247, 0.8314, 0.8264, 0.8267, 0.8225, 0.8339, 0.8166, 0.8321, 0.8204, 0.8355, 0.8248], [0.9202, 0.9264, 0.9206, 0.9142, 0.9187, 0.9183, 0.9202, 0.9167, 0.9217, 0.9135, 0.9124, 0.9228, 0.9225, 0.9192, 0.9186, 0.9168, 0.9223, 0.92, 0.9206, 0.9199, 0.9168, 0.9189, 0.9216, 0.9209, 0.9217, 0.9208, 0.9217]]	
Results: 	[[0.9152, 0.9167, 0.913, 0.9174, 0.9154, 0.92, 0.9177, 0.9159, 0.9167, 0.9146, 0.9194, 0.9184, 0.9167, 0.917, 0.9165, 0.916, 0.9165, 0.9161, 0.9124, 0.9161, 0.9148, 0.9156, 0.9163, 0.9184, 0.9151, 0.9224, 0.9099, 0.9199], [0.8298, 0.8267, 0.831, 0.8289, 0.8287, 0.8239, 0.8284, 0.8231, 0.8341, 0.8422, 0.8281, 0.836, 0.8239, 0.8298, 0.8255, 0.8381, 0.8247, 0.8314, 0.8264, 0.8267, 0.8225, 0.8339, 0.8166, 0.8321, 0.8204, 0.8355, 0.8248, 0.8339], [0.9202, 0.9264, 0.9206, 0.9142, 0.9187, 0.9183, 0.9202, 0.9167, 0.9217, 0.9135, 0.9124, 0.9228, 0.9225, 0.9192, 0.9186, 0.9168, 0.9223, 0.92, 0.9206, 0.9199, 0.9168, 0.9189, 0.9216, 0.9209, 0.9217, 0.9208, 0.9217, 0.9203]]	
Results: 	[[0.9152, 0.9167, 0.913, 0.9174, 0.9154, 0.92, 0.9177, 0.9159, 0.9167, 0.9146, 0.9194, 0.9184, 0.9167, 0.917, 0.9165, 0.916, 0.9165, 0.9161, 0.9124, 0.9161, 0.9148, 0.9156, 0.9163, 0.9184, 0.9151, 0.9224, 0.9099, 0.9199, 0.9194], [0.8298, 0.8267, 0.831, 0.8289, 0.8287, 0.8239, 0.8284, 0.8231, 0.8341, 0.8422, 0.8281, 0.836, 0.8239, 0.8298, 0.8255, 0.8381, 0.8247, 0.8314, 0.8264, 0.8267, 0.8225, 0.8339, 0.8166, 0.8321, 0.8204, 0.8355, 0.8248, 0.8339, 0.8262], [0.9202, 0.9264, 0.9206, 0.9142, 0.9187, 0.9183, 0.9202, 0.9167, 0.9217, 0.9135, 0.9124, 0.9228, 0.9225, 0.9192, 0.9186, 0.9168, 0.9223, 0.92, 0.9206, 0.9199, 0.9168, 0.9189, 0.9216, 0.9209, 0.9217, 0.9208, 0.9217, 0.9203, 0.9234]]	
Results: 	[[0.9152, 0.9167, 0.913, 0.9174, 0.9154, 0.92, 0.9177, 0.9159, 0.9167, 0.9146, 0.9194, 0.9184, 0.9167, 0.917, 0.9165, 0.916, 0.9165, 0.9161, 0.9124, 0.9161, 0.9148, 0.9156, 0.9163, 0.9184, 0.9151, 0.9224, 0.9099, 0.9199, 0.9194, 0.919], [0.8298, 0.8267, 0.831, 0.8289, 0.8287, 0.8239, 0.8284, 0.8231, 0.8341, 0.8422, 0.8281, 0.836, 0.8239, 0.8298, 0.8255, 0.8381, 0.8247, 0.8314, 0.8264, 0.8267, 0.8225, 0.8339, 0.8166, 0.8321, 0.8204, 0.8355, 0.8248, 0.8339, 0.8262, 0.8213], [0.9202, 0.9264, 0.9206, 0.9142, 0.9187, 0.9183, 0.9202, 0.9167, 0.9217, 0.9135, 0.9124, 0.9228, 0.9225, 0.9192, 0.9186, 0.9168, 0.9223, 0.92, 0.9206, 0.9199, 0.9168, 0.9189, 0.9216, 0.9209, 0.9217, 0.9208, 0.9217, 0.9203, 0.9234, 0.9224]]
Support Sets: (Mean:0.9166166666666666, SD:0.0024696898218383528) | 	Support Sets: (Mean:0.8284866666666667, SD:0.005650738940591087) | 	Support Sets: (Mean:0.9198033333333333, SD:0.003014274469041042) | 	
