Results: 	[[0.8971], [0.8182], [0.9169]]	
Results: 	[[0.8971, 0.9146], [0.8182, 0.8176], [0.9169, 0.9176]]	
Results: 	[[0.8971, 0.9146, 0.9132], [0.8182, 0.8176, 0.8275], [0.9169, 0.9176, 0.9167]]	
Results: 	[[0.8971, 0.9146, 0.9132, 0.9088], [0.8182, 0.8176, 0.8275, 0.8098], [0.9169, 0.9176, 0.9167, 0.9162]]	
Results: 	[[0.8971, 0.9146, 0.9132, 0.9088, 0.9134], [0.8182, 0.8176, 0.8275, 0.8098, 0.8124], [0.9169, 0.9176, 0.9167, 0.9162, 0.9197]]	
Results: 	[[0.8971, 0.9146, 0.9132, 0.9088, 0.9134, 0.9137], [0.8182, 0.8176, 0.8275, 0.8098, 0.8124, 0.811], [0.9169, 0.9176, 0.9167, 0.9162, 0.9197, 0.9192]]	
Results: 	[[0.8971, 0.9146, 0.9132, 0.9088, 0.9134, 0.9137, 0.9122], [0.8182, 0.8176, 0.8275, 0.8098, 0.8124, 0.811, 0.8046], [0.9169, 0.9176, 0.9167, 0.9162, 0.9197, 0.9192, 0.9192]]	
Results: 	[[0.8971, 0.9146, 0.9132, 0.9088, 0.9134, 0.9137, 0.9122, 0.9144], [0.8182, 0.8176, 0.8275, 0.8098, 0.8124, 0.811, 0.8046, 0.8144], [0.9169, 0.9176, 0.9167, 0.9162, 0.9197, 0.9192, 0.9192, 0.9219]]	
Results: 	[[0.8971, 0.9146, 0.9132, 0.9088, 0.9134, 0.9137, 0.9122, 0.9144, 0.9203], [0.8182, 0.8176, 0.8275, 0.8098, 0.8124, 0.811, 0.8046, 0.8144, 0.8127], [0.9169, 0.9176, 0.9167, 0.9162, 0.9197, 0.9192, 0.9192, 0.9219, 0.9223]]	
Results: 	[[0.8971, 0.9146, 0.9132, 0.9088, 0.9134, 0.9137, 0.9122, 0.9144, 0.9203, 0.9158], [0.8182, 0.8176, 0.8275, 0.8098, 0.8124, 0.811, 0.8046, 0.8144, 0.8127, 0.8131], [0.9169, 0.9176, 0.9167, 0.9162, 0.9197, 0.9192, 0.9192, 0.9219, 0.9223, 0.9185]]	
Results: 	[[0.8971, 0.9146, 0.9132, 0.9088, 0.9134, 0.9137, 0.9122, 0.9144, 0.9203, 0.9158, 0.915], [0.8182, 0.8176, 0.8275, 0.8098, 0.8124, 0.811, 0.8046, 0.8144, 0.8127, 0.8131, 0.8192], [0.9169, 0.9176, 0.9167, 0.9162, 0.9197, 0.9192, 0.9192, 0.9219, 0.9223, 0.9185, 0.92]]	
Results: 	[[0.8971, 0.9146, 0.9132, 0.9088, 0.9134, 0.9137, 0.9122, 0.9144, 0.9203, 0.9158, 0.915, 0.914], [0.8182, 0.8176, 0.8275, 0.8098, 0.8124, 0.811, 0.8046, 0.8144, 0.8127, 0.8131, 0.8192, 0.8081], [0.9169, 0.9176, 0.9167, 0.9162, 0.9197, 0.9192, 0.9192, 0.9219, 0.9223, 0.9185, 0.92, 0.9222]]	
Results: 	[[0.8971, 0.9146, 0.9132, 0.9088, 0.9134, 0.9137, 0.9122, 0.9144, 0.9203, 0.9158, 0.915, 0.914, 0.9204], [0.8182, 0.8176, 0.8275, 0.8098, 0.8124, 0.811, 0.8046, 0.8144, 0.8127, 0.8131, 0.8192, 0.8081, 0.8075], [0.9169, 0.9176, 0.9167, 0.9162, 0.9197, 0.9192, 0.9192, 0.9219, 0.9223, 0.9185, 0.92, 0.9222, 0.9199]]	
Results: 	[[0.8971, 0.9146, 0.9132, 0.9088, 0.9134, 0.9137, 0.9122, 0.9144, 0.9203, 0.9158, 0.915, 0.914, 0.9204, 0.9172], [0.8182, 0.8176, 0.8275, 0.8098, 0.8124, 0.811, 0.8046, 0.8144, 0.8127, 0.8131, 0.8192, 0.8081, 0.8075, 0.8077], [0.9169, 0.9176, 0.9167, 0.9162, 0.9197, 0.9192, 0.9192, 0.9219, 0.9223, 0.9185, 0.92, 0.9222, 0.9199, 0.9162]]	
Results: 	[[0.8971, 0.9146, 0.9132, 0.9088, 0.9134, 0.9137, 0.9122, 0.9144, 0.9203, 0.9158, 0.915, 0.914, 0.9204, 0.9172, 0.9175], [0.8182, 0.8176, 0.8275, 0.8098, 0.8124, 0.811, 0.8046, 0.8144, 0.8127, 0.8131, 0.8192, 0.8081, 0.8075, 0.8077, 0.8047], [0.9169, 0.9176, 0.9167, 0.9162, 0.9197, 0.9192, 0.9192, 0.9219, 0.9223, 0.9185, 0.92, 0.9222, 0.9199, 0.9162, 0.919]]	
Results: 	[[0.8971, 0.9146, 0.9132, 0.9088, 0.9134, 0.9137, 0.9122, 0.9144, 0.9203, 0.9158, 0.915, 0.914, 0.9204, 0.9172, 0.9175, 0.9165], [0.8182, 0.8176, 0.8275, 0.8098, 0.8124, 0.811, 0.8046, 0.8144, 0.8127, 0.8131, 0.8192, 0.8081, 0.8075, 0.8077, 0.8047, 0.8204], [0.9169, 0.9176, 0.9167, 0.9162, 0.9197, 0.9192, 0.9192, 0.9219, 0.9223, 0.9185, 0.92, 0.9222, 0.9199, 0.9162, 0.919, 0.9172]]	
Results: 	[[0.8971, 0.9146, 0.9132, 0.9088, 0.9134, 0.9137, 0.9122, 0.9144, 0.9203, 0.9158, 0.915, 0.914, 0.9204, 0.9172, 0.9175, 0.9165, 0.9139], [0.8182, 0.8176, 0.8275, 0.8098, 0.8124, 0.811, 0.8046, 0.8144, 0.8127, 0.8131, 0.8192, 0.8081, 0.8075, 0.8077, 0.8047, 0.8204, 0.7996], [0.9169, 0.9176, 0.9167, 0.9162, 0.9197, 0.9192, 0.9192, 0.9219, 0.9223, 0.9185, 0.92, 0.9222, 0.9199, 0.9162, 0.919, 0.9172, 0.9134]]	
Results: 	[[0.8971, 0.9146, 0.9132, 0.9088, 0.9134, 0.9137, 0.9122, 0.9144, 0.9203, 0.9158, 0.915, 0.914, 0.9204, 0.9172, 0.9175, 0.9165, 0.9139, 0.9169], [0.8182, 0.8176, 0.8275, 0.8098, 0.8124, 0.811, 0.8046, 0.8144, 0.8127, 0.8131, 0.8192, 0.8081, 0.8075, 0.8077, 0.8047, 0.8204, 0.7996, 0.829], [0.9169, 0.9176, 0.9167, 0.9162, 0.9197, 0.9192, 0.9192, 0.9219, 0.9223, 0.9185, 0.92, 0.9222, 0.9199, 0.9162, 0.919, 0.9172, 0.9134, 0.9165]]	
Results: 	[[0.8971, 0.9146, 0.9132, 0.9088, 0.9134, 0.9137, 0.9122, 0.9144, 0.9203, 0.9158, 0.915, 0.914, 0.9204, 0.9172, 0.9175, 0.9165, 0.9139, 0.9169, 0.9132], [0.8182, 0.8176, 0.8275, 0.8098, 0.8124, 0.811, 0.8046, 0.8144, 0.8127, 0.8131, 0.8192, 0.8081, 0.8075, 0.8077, 0.8047, 0.8204, 0.7996, 0.829, 0.8059], [0.9169, 0.9176, 0.9167, 0.9162, 0.9197, 0.9192, 0.9192, 0.9219, 0.9223, 0.9185, 0.92, 0.9222, 0.9199, 0.9162, 0.919, 0.9172, 0.9134, 0.9165, 0.916]]	
Results: 	[[0.8971, 0.9146, 0.9132, 0.9088, 0.9134, 0.9137, 0.9122, 0.9144, 0.9203, 0.9158, 0.915, 0.914, 0.9204, 0.9172, 0.9175, 0.9165, 0.9139, 0.9169, 0.9132, 0.9096], [0.8182, 0.8176, 0.8275, 0.8098, 0.8124, 0.811, 0.8046, 0.8144, 0.8127, 0.8131, 0.8192, 0.8081, 0.8075, 0.8077, 0.8047, 0.8204, 0.7996, 0.829, 0.8059, 0.8338], [0.9169, 0.9176, 0.9167, 0.9162, 0.9197, 0.9192, 0.9192, 0.9219, 0.9223, 0.9185, 0.92, 0.9222, 0.9199, 0.9162, 0.919, 0.9172, 0.9134, 0.9165, 0.916, 0.9113]]	
Results: 	[[0.8971, 0.9146, 0.9132, 0.9088, 0.9134, 0.9137, 0.9122, 0.9144, 0.9203, 0.9158, 0.915, 0.914, 0.9204, 0.9172, 0.9175, 0.9165, 0.9139, 0.9169, 0.9132, 0.9096, 0.9226], [0.8182, 0.8176, 0.8275, 0.8098, 0.8124, 0.811, 0.8046, 0.8144, 0.8127, 0.8131, 0.8192, 0.8081, 0.8075, 0.8077, 0.8047, 0.8204, 0.7996, 0.829, 0.8059, 0.8338, 0.8119], [0.9169, 0.9176, 0.9167, 0.9162, 0.9197, 0.9192, 0.9192, 0.9219, 0.9223, 0.9185, 0.92, 0.9222, 0.9199, 0.9162, 0.919, 0.9172, 0.9134, 0.9165, 0.916, 0.9113, 0.914]]	
Results: 	[[0.8971, 0.9146, 0.9132, 0.9088, 0.9134, 0.9137, 0.9122, 0.9144, 0.9203, 0.9158, 0.915, 0.914, 0.9204, 0.9172, 0.9175, 0.9165, 0.9139, 0.9169, 0.9132, 0.9096, 0.9226, 0.9182], [0.8182, 0.8176, 0.8275, 0.8098, 0.8124, 0.811, 0.8046, 0.8144, 0.8127, 0.8131, 0.8192, 0.8081, 0.8075, 0.8077, 0.8047, 0.8204, 0.7996, 0.829, 0.8059, 0.8338, 0.8119, 0.8144], [0.9169, 0.9176, 0.9167, 0.9162, 0.9197, 0.9192, 0.9192, 0.9219, 0.9223, 0.9185, 0.92, 0.9222, 0.9199, 0.9162, 0.919, 0.9172, 0.9134, 0.9165, 0.916, 0.9113, 0.914, 0.913]]	
Results: 	[[0.8971, 0.9146, 0.9132, 0.9088, 0.9134, 0.9137, 0.9122, 0.9144, 0.9203, 0.9158, 0.915, 0.914, 0.9204, 0.9172, 0.9175, 0.9165, 0.9139, 0.9169, 0.9132, 0.9096, 0.9226, 0.9182, 0.9123], [0.8182, 0.8176, 0.8275, 0.8098, 0.8124, 0.811, 0.8046, 0.8144, 0.8127, 0.8131, 0.8192, 0.8081, 0.8075, 0.8077, 0.8047, 0.8204, 0.7996, 0.829, 0.8059, 0.8338, 0.8119, 0.8144, 0.8164], [0.9169, 0.9176, 0.9167, 0.9162, 0.9197, 0.9192, 0.9192, 0.9219, 0.9223, 0.9185, 0.92, 0.9222, 0.9199, 0.9162, 0.919, 0.9172, 0.9134, 0.9165, 0.916, 0.9113, 0.914, 0.913, 0.9157]]	
Results: 	[[0.8971, 0.9146, 0.9132, 0.9088, 0.9134, 0.9137, 0.9122, 0.9144, 0.9203, 0.9158, 0.915, 0.914, 0.9204, 0.9172, 0.9175, 0.9165, 0.9139, 0.9169, 0.9132, 0.9096, 0.9226, 0.9182, 0.9123, 0.9183], [0.8182, 0.8176, 0.8275, 0.8098, 0.8124, 0.811, 0.8046, 0.8144, 0.8127, 0.8131, 0.8192, 0.8081, 0.8075, 0.8077, 0.8047, 0.8204, 0.7996, 0.829, 0.8059, 0.8338, 0.8119, 0.8144, 0.8164, 0.8246], [0.9169, 0.9176, 0.9167, 0.9162, 0.9197, 0.9192, 0.9192, 0.9219, 0.9223, 0.9185, 0.92, 0.9222, 0.9199, 0.9162, 0.919, 0.9172, 0.9134, 0.9165, 0.916, 0.9113, 0.914, 0.913, 0.9157, 0.9158]]	
Results: 	[[0.8971, 0.9146, 0.9132, 0.9088, 0.9134, 0.9137, 0.9122, 0.9144, 0.9203, 0.9158, 0.915, 0.914, 0.9204, 0.9172, 0.9175, 0.9165, 0.9139, 0.9169, 0.9132, 0.9096, 0.9226, 0.9182, 0.9123, 0.9183, 0.9102], [0.8182, 0.8176, 0.8275, 0.8098, 0.8124, 0.811, 0.8046, 0.8144, 0.8127, 0.8131, 0.8192, 0.8081, 0.8075, 0.8077, 0.8047, 0.8204, 0.7996, 0.829, 0.8059, 0.8338, 0.8119, 0.8144, 0.8164, 0.8246, 0.7886], [0.9169, 0.9176, 0.9167, 0.9162, 0.9197, 0.9192, 0.9192, 0.9219, 0.9223, 0.9185, 0.92, 0.9222, 0.9199, 0.9162, 0.919, 0.9172, 0.9134, 0.9165, 0.916, 0.9113, 0.914, 0.913, 0.9157, 0.9158, 0.923]]	
Results: 	[[0.8971, 0.9146, 0.9132, 0.9088, 0.9134, 0.9137, 0.9122, 0.9144, 0.9203, 0.9158, 0.915, 0.914, 0.9204, 0.9172, 0.9175, 0.9165, 0.9139, 0.9169, 0.9132, 0.9096, 0.9226, 0.9182, 0.9123, 0.9183, 0.9102, 0.9141], [0.8182, 0.8176, 0.8275, 0.8098, 0.8124, 0.811, 0.8046, 0.8144, 0.8127, 0.8131, 0.8192, 0.8081, 0.8075, 0.8077, 0.8047, 0.8204, 0.7996, 0.829, 0.8059, 0.8338, 0.8119, 0.8144, 0.8164, 0.8246, 0.7886, 0.8079], [0.9169, 0.9176, 0.9167, 0.9162, 0.9197, 0.9192, 0.9192, 0.9219, 0.9223, 0.9185, 0.92, 0.9222, 0.9199, 0.9162, 0.919, 0.9172, 0.9134, 0.9165, 0.916, 0.9113, 0.914, 0.913, 0.9157, 0.9158, 0.923, 0.9142]]	
Results: 	[[0.8971, 0.9146, 0.9132, 0.9088, 0.9134, 0.9137, 0.9122, 0.9144, 0.9203, 0.9158, 0.915, 0.914, 0.9204, 0.9172, 0.9175, 0.9165, 0.9139, 0.9169, 0.9132, 0.9096, 0.9226, 0.9182, 0.9123, 0.9183, 0.9102, 0.9141, 0.9091], [0.8182, 0.8176, 0.8275, 0.8098, 0.8124, 0.811, 0.8046, 0.8144, 0.8127, 0.8131, 0.8192, 0.8081, 0.8075, 0.8077, 0.8047, 0.8204, 0.7996, 0.829, 0.8059, 0.8338, 0.8119, 0.8144, 0.8164, 0.8246, 0.7886, 0.8079, 0.8198], [0.9169, 0.9176, 0.9167, 0.9162, 0.9197, 0.9192, 0.9192, 0.9219, 0.9223, 0.9185, 0.92, 0.9222, 0.9199, 0.9162, 0.919, 0.9172, 0.9134, 0.9165, 0.916, 0.9113, 0.914, 0.913, 0.9157, 0.9158, 0.923, 0.9142, 0.9148]]	
Results: 	[[0.8971, 0.9146, 0.9132, 0.9088, 0.9134, 0.9137, 0.9122, 0.9144, 0.9203, 0.9158, 0.915, 0.914, 0.9204, 0.9172, 0.9175, 0.9165, 0.9139, 0.9169, 0.9132, 0.9096, 0.9226, 0.9182, 0.9123, 0.9183, 0.9102, 0.9141, 0.9091, 0.9142], [0.8182, 0.8176, 0.8275, 0.8098, 0.8124, 0.811, 0.8046, 0.8144, 0.8127, 0.8131, 0.8192, 0.8081, 0.8075, 0.8077, 0.8047, 0.8204, 0.7996, 0.829, 0.8059, 0.8338, 0.8119, 0.8144, 0.8164, 0.8246, 0.7886, 0.8079, 0.8198, 0.817], [0.9169, 0.9176, 0.9167, 0.9162, 0.9197, 0.9192, 0.9192, 0.9219, 0.9223, 0.9185, 0.92, 0.9222, 0.9199, 0.9162, 0.919, 0.9172, 0.9134, 0.9165, 0.916, 0.9113, 0.914, 0.913, 0.9157, 0.9158, 0.923, 0.9142, 0.9148, 0.9139]]	
Results: 	[[0.8971, 0.9146, 0.9132, 0.9088, 0.9134, 0.9137, 0.9122, 0.9144, 0.9203, 0.9158, 0.915, 0.914, 0.9204, 0.9172, 0.9175, 0.9165, 0.9139, 0.9169, 0.9132, 0.9096, 0.9226, 0.9182, 0.9123, 0.9183, 0.9102, 0.9141, 0.9091, 0.9142, 0.9147], [0.8182, 0.8176, 0.8275, 0.8098, 0.8124, 0.811, 0.8046, 0.8144, 0.8127, 0.8131, 0.8192, 0.8081, 0.8075, 0.8077, 0.8047, 0.8204, 0.7996, 0.829, 0.8059, 0.8338, 0.8119, 0.8144, 0.8164, 0.8246, 0.7886, 0.8079, 0.8198, 0.817, 0.8293], [0.9169, 0.9176, 0.9167, 0.9162, 0.9197, 0.9192, 0.9192, 0.9219, 0.9223, 0.9185, 0.92, 0.9222, 0.9199, 0.9162, 0.919, 0.9172, 0.9134, 0.9165, 0.916, 0.9113, 0.914, 0.913, 0.9157, 0.9158, 0.923, 0.9142, 0.9148, 0.9139, 0.9165]]	
Results: 	[[0.8971, 0.9146, 0.9132, 0.9088, 0.9134, 0.9137, 0.9122, 0.9144, 0.9203, 0.9158, 0.915, 0.914, 0.9204, 0.9172, 0.9175, 0.9165, 0.9139, 0.9169, 0.9132, 0.9096, 0.9226, 0.9182, 0.9123, 0.9183, 0.9102, 0.9141, 0.9091, 0.9142, 0.9147, 0.9152], [0.8182, 0.8176, 0.8275, 0.8098, 0.8124, 0.811, 0.8046, 0.8144, 0.8127, 0.8131, 0.8192, 0.8081, 0.8075, 0.8077, 0.8047, 0.8204, 0.7996, 0.829, 0.8059, 0.8338, 0.8119, 0.8144, 0.8164, 0.8246, 0.7886, 0.8079, 0.8198, 0.817, 0.8293, 0.8134], [0.9169, 0.9176, 0.9167, 0.9162, 0.9197, 0.9192, 0.9192, 0.9219, 0.9223, 0.9185, 0.92, 0.9222, 0.9199, 0.9162, 0.919, 0.9172, 0.9134, 0.9165, 0.916, 0.9113, 0.914, 0.913, 0.9157, 0.9158, 0.923, 0.9142, 0.9148, 0.9139, 0.9165, 0.9173]]
Support Sets: (Mean:0.91422, SD:0.004592002042532282) | 	Support Sets: (Mean:0.8140166666666666, SD:0.00942568330399057) | 	Support Sets: (Mean:0.91727, SD:0.0029526317892278188) | 	
