Results: 	[[0.7157], [0.7613], [0.7303], [0.7242], [0.6486], [0.7517]]	
Results: 	[[0.7157, 0.7157], [0.7613, 0.7638], [0.7303, 0.7273], [0.7242, 0.7256], [0.6486, 0.655], [0.7517, 0.7534]]	
Results: 	[[0.7157, 0.7157, 0.7168], [0.7613, 0.7638, 0.7569], [0.7303, 0.7273, 0.7256], [0.7242, 0.7256, 0.726], [0.6486, 0.655, 0.6504], [0.7517, 0.7534, 0.7462]]	
Results: 	[[0.7157, 0.7157, 0.7168, 0.7168], [0.7613, 0.7638, 0.7569, 0.759], [0.7303, 0.7273, 0.7256, 0.7275], [0.7242, 0.7256, 0.726, 0.7263], [0.6486, 0.655, 0.6504, 0.6628], [0.7517, 0.7534, 0.7462, 0.7465]]	
Results: 	[[0.7157, 0.7157, 0.7168, 0.7168, 0.7177], [0.7613, 0.7638, 0.7569, 0.759, 0.755], [0.7303, 0.7273, 0.7256, 0.7275, 0.7291], [0.7242, 0.7256, 0.726, 0.7263, 0.7231], [0.6486, 0.655, 0.6504, 0.6628, 0.6454], [0.7517, 0.7534, 0.7462, 0.7465, 0.751]]	
Results: 	[[0.7157, 0.7157, 0.7168, 0.7168, 0.7177, 0.7182], [0.7613, 0.7638, 0.7569, 0.759, 0.755, 0.7543], [0.7303, 0.7273, 0.7256, 0.7275, 0.7291, 0.7266], [0.7242, 0.7256, 0.726, 0.7263, 0.7231, 0.7252], [0.6486, 0.655, 0.6504, 0.6628, 0.6454, 0.6481], [0.7517, 0.7534, 0.7462, 0.7465, 0.751, 0.7505]]	
Results: 	[[0.7157, 0.7157, 0.7168, 0.7168, 0.7177, 0.7182, 0.721], [0.7613, 0.7638, 0.7569, 0.759, 0.755, 0.7543, 0.7469], [0.7303, 0.7273, 0.7256, 0.7275, 0.7291, 0.7266, 0.724], [0.7242, 0.7256, 0.726, 0.7263, 0.7231, 0.7252, 0.7237], [0.6486, 0.655, 0.6504, 0.6628, 0.6454, 0.6481, 0.6567], [0.7517, 0.7534, 0.7462, 0.7465, 0.751, 0.7505, 0.7467]]	
Results: 	[[0.7157, 0.7157, 0.7168, 0.7168, 0.7177, 0.7182, 0.721, 0.7183], [0.7613, 0.7638, 0.7569, 0.759, 0.755, 0.7543, 0.7469, 0.7519], [0.7303, 0.7273, 0.7256, 0.7275, 0.7291, 0.7266, 0.724, 0.7267], [0.7242, 0.7256, 0.726, 0.7263, 0.7231, 0.7252, 0.7237, 0.7258], [0.6486, 0.655, 0.6504, 0.6628, 0.6454, 0.6481, 0.6567, 0.6484], [0.7517, 0.7534, 0.7462, 0.7465, 0.751, 0.7505, 0.7467, 0.7536]]	
Results: 	[[0.7157, 0.7157, 0.7168, 0.7168, 0.7177, 0.7182, 0.721, 0.7183, 0.7193], [0.7613, 0.7638, 0.7569, 0.759, 0.755, 0.7543, 0.7469, 0.7519, 0.7634], [0.7303, 0.7273, 0.7256, 0.7275, 0.7291, 0.7266, 0.724, 0.7267, 0.7214], [0.7242, 0.7256, 0.726, 0.7263, 0.7231, 0.7252, 0.7237, 0.7258, 0.7238], [0.6486, 0.655, 0.6504, 0.6628, 0.6454, 0.6481, 0.6567, 0.6484, 0.6625], [0.7517, 0.7534, 0.7462, 0.7465, 0.751, 0.7505, 0.7467, 0.7536, 0.7517]]	
Results: 	[[0.7157, 0.7157, 0.7168, 0.7168, 0.7177, 0.7182, 0.721, 0.7183, 0.7193, 0.7156], [0.7613, 0.7638, 0.7569, 0.759, 0.755, 0.7543, 0.7469, 0.7519, 0.7634, 0.7587], [0.7303, 0.7273, 0.7256, 0.7275, 0.7291, 0.7266, 0.724, 0.7267, 0.7214, 0.7249], [0.7242, 0.7256, 0.726, 0.7263, 0.7231, 0.7252, 0.7237, 0.7258, 0.7238, 0.7206], [0.6486, 0.655, 0.6504, 0.6628, 0.6454, 0.6481, 0.6567, 0.6484, 0.6625, 0.6552], [0.7517, 0.7534, 0.7462, 0.7465, 0.751, 0.7505, 0.7467, 0.7536, 0.7517, 0.7474]]	
Results: 	[[0.7157, 0.7157, 0.7168, 0.7168, 0.7177, 0.7182, 0.721, 0.7183, 0.7193, 0.7156, 0.7151], [0.7613, 0.7638, 0.7569, 0.759, 0.755, 0.7543, 0.7469, 0.7519, 0.7634, 0.7587, 0.7636], [0.7303, 0.7273, 0.7256, 0.7275, 0.7291, 0.7266, 0.724, 0.7267, 0.7214, 0.7249, 0.7302], [0.7242, 0.7256, 0.726, 0.7263, 0.7231, 0.7252, 0.7237, 0.7258, 0.7238, 0.7206, 0.7262], [0.6486, 0.655, 0.6504, 0.6628, 0.6454, 0.6481, 0.6567, 0.6484, 0.6625, 0.6552, 0.6497], [0.7517, 0.7534, 0.7462, 0.7465, 0.751, 0.7505, 0.7467, 0.7536, 0.7517, 0.7474, 0.75]]	
Results: 	[[0.7157, 0.7157, 0.7168, 0.7168, 0.7177, 0.7182, 0.721, 0.7183, 0.7193, 0.7156, 0.7151, 0.7158], [0.7613, 0.7638, 0.7569, 0.759, 0.755, 0.7543, 0.7469, 0.7519, 0.7634, 0.7587, 0.7636, 0.7547], [0.7303, 0.7273, 0.7256, 0.7275, 0.7291, 0.7266, 0.724, 0.7267, 0.7214, 0.7249, 0.7302, 0.7257], [0.7242, 0.7256, 0.726, 0.7263, 0.7231, 0.7252, 0.7237, 0.7258, 0.7238, 0.7206, 0.7262, 0.7254], [0.6486, 0.655, 0.6504, 0.6628, 0.6454, 0.6481, 0.6567, 0.6484, 0.6625, 0.6552, 0.6497, 0.6469], [0.7517, 0.7534, 0.7462, 0.7465, 0.751, 0.7505, 0.7467, 0.7536, 0.7517, 0.7474, 0.75, 0.7462]]	
Results: 	[[0.7157, 0.7157, 0.7168, 0.7168, 0.7177, 0.7182, 0.721, 0.7183, 0.7193, 0.7156, 0.7151, 0.7158, 0.721], [0.7613, 0.7638, 0.7569, 0.759, 0.755, 0.7543, 0.7469, 0.7519, 0.7634, 0.7587, 0.7636, 0.7547, 0.7582], [0.7303, 0.7273, 0.7256, 0.7275, 0.7291, 0.7266, 0.724, 0.7267, 0.7214, 0.7249, 0.7302, 0.7257, 0.7251], [0.7242, 0.7256, 0.726, 0.7263, 0.7231, 0.7252, 0.7237, 0.7258, 0.7238, 0.7206, 0.7262, 0.7254, 0.7261], [0.6486, 0.655, 0.6504, 0.6628, 0.6454, 0.6481, 0.6567, 0.6484, 0.6625, 0.6552, 0.6497, 0.6469, 0.6612], [0.7517, 0.7534, 0.7462, 0.7465, 0.751, 0.7505, 0.7467, 0.7536, 0.7517, 0.7474, 0.75, 0.7462, 0.7496]]	
Results: 	[[0.7157, 0.7157, 0.7168, 0.7168, 0.7177, 0.7182, 0.721, 0.7183, 0.7193, 0.7156, 0.7151, 0.7158, 0.721, 0.7233], [0.7613, 0.7638, 0.7569, 0.759, 0.755, 0.7543, 0.7469, 0.7519, 0.7634, 0.7587, 0.7636, 0.7547, 0.7582, 0.7539], [0.7303, 0.7273, 0.7256, 0.7275, 0.7291, 0.7266, 0.724, 0.7267, 0.7214, 0.7249, 0.7302, 0.7257, 0.7251, 0.7256], [0.7242, 0.7256, 0.726, 0.7263, 0.7231, 0.7252, 0.7237, 0.7258, 0.7238, 0.7206, 0.7262, 0.7254, 0.7261, 0.7259], [0.6486, 0.655, 0.6504, 0.6628, 0.6454, 0.6481, 0.6567, 0.6484, 0.6625, 0.6552, 0.6497, 0.6469, 0.6612, 0.6513], [0.7517, 0.7534, 0.7462, 0.7465, 0.751, 0.7505, 0.7467, 0.7536, 0.7517, 0.7474, 0.75, 0.7462, 0.7496, 0.7478]]	
Results: 	[[0.7157, 0.7157, 0.7168, 0.7168, 0.7177, 0.7182, 0.721, 0.7183, 0.7193, 0.7156, 0.7151, 0.7158, 0.721, 0.7233, 0.7205], [0.7613, 0.7638, 0.7569, 0.759, 0.755, 0.7543, 0.7469, 0.7519, 0.7634, 0.7587, 0.7636, 0.7547, 0.7582, 0.7539, 0.7553], [0.7303, 0.7273, 0.7256, 0.7275, 0.7291, 0.7266, 0.724, 0.7267, 0.7214, 0.7249, 0.7302, 0.7257, 0.7251, 0.7256, 0.7261], [0.7242, 0.7256, 0.726, 0.7263, 0.7231, 0.7252, 0.7237, 0.7258, 0.7238, 0.7206, 0.7262, 0.7254, 0.7261, 0.7259, 0.727], [0.6486, 0.655, 0.6504, 0.6628, 0.6454, 0.6481, 0.6567, 0.6484, 0.6625, 0.6552, 0.6497, 0.6469, 0.6612, 0.6513, 0.6449], [0.7517, 0.7534, 0.7462, 0.7465, 0.751, 0.7505, 0.7467, 0.7536, 0.7517, 0.7474, 0.75, 0.7462, 0.7496, 0.7478, 0.7471]]	
Results: 	[[0.7157, 0.7157, 0.7168, 0.7168, 0.7177, 0.7182, 0.721, 0.7183, 0.7193, 0.7156, 0.7151, 0.7158, 0.721, 0.7233, 0.7205, 0.7201], [0.7613, 0.7638, 0.7569, 0.759, 0.755, 0.7543, 0.7469, 0.7519, 0.7634, 0.7587, 0.7636, 0.7547, 0.7582, 0.7539, 0.7553, 0.7505], [0.7303, 0.7273, 0.7256, 0.7275, 0.7291, 0.7266, 0.724, 0.7267, 0.7214, 0.7249, 0.7302, 0.7257, 0.7251, 0.7256, 0.7261, 0.7297], [0.7242, 0.7256, 0.726, 0.7263, 0.7231, 0.7252, 0.7237, 0.7258, 0.7238, 0.7206, 0.7262, 0.7254, 0.7261, 0.7259, 0.727, 0.7207], [0.6486, 0.655, 0.6504, 0.6628, 0.6454, 0.6481, 0.6567, 0.6484, 0.6625, 0.6552, 0.6497, 0.6469, 0.6612, 0.6513, 0.6449, 0.6517], [0.7517, 0.7534, 0.7462, 0.7465, 0.751, 0.7505, 0.7467, 0.7536, 0.7517, 0.7474, 0.75, 0.7462, 0.7496, 0.7478, 0.7471, 0.7473]]	
Results: 	[[0.7157, 0.7157, 0.7168, 0.7168, 0.7177, 0.7182, 0.721, 0.7183, 0.7193, 0.7156, 0.7151, 0.7158, 0.721, 0.7233, 0.7205, 0.7201, 0.7194], [0.7613, 0.7638, 0.7569, 0.759, 0.755, 0.7543, 0.7469, 0.7519, 0.7634, 0.7587, 0.7636, 0.7547, 0.7582, 0.7539, 0.7553, 0.7505, 0.7497], [0.7303, 0.7273, 0.7256, 0.7275, 0.7291, 0.7266, 0.724, 0.7267, 0.7214, 0.7249, 0.7302, 0.7257, 0.7251, 0.7256, 0.7261, 0.7297, 0.7273], [0.7242, 0.7256, 0.726, 0.7263, 0.7231, 0.7252, 0.7237, 0.7258, 0.7238, 0.7206, 0.7262, 0.7254, 0.7261, 0.7259, 0.727, 0.7207, 0.7249], [0.6486, 0.655, 0.6504, 0.6628, 0.6454, 0.6481, 0.6567, 0.6484, 0.6625, 0.6552, 0.6497, 0.6469, 0.6612, 0.6513, 0.6449, 0.6517, 0.6516], [0.7517, 0.7534, 0.7462, 0.7465, 0.751, 0.7505, 0.7467, 0.7536, 0.7517, 0.7474, 0.75, 0.7462, 0.7496, 0.7478, 0.7471, 0.7473, 0.7528]]	
Results: 	[[0.7157, 0.7157, 0.7168, 0.7168, 0.7177, 0.7182, 0.721, 0.7183, 0.7193, 0.7156, 0.7151, 0.7158, 0.721, 0.7233, 0.7205, 0.7201, 0.7194, 0.7198], [0.7613, 0.7638, 0.7569, 0.759, 0.755, 0.7543, 0.7469, 0.7519, 0.7634, 0.7587, 0.7636, 0.7547, 0.7582, 0.7539, 0.7553, 0.7505, 0.7497, 0.7533], [0.7303, 0.7273, 0.7256, 0.7275, 0.7291, 0.7266, 0.724, 0.7267, 0.7214, 0.7249, 0.7302, 0.7257, 0.7251, 0.7256, 0.7261, 0.7297, 0.7273, 0.7282], [0.7242, 0.7256, 0.726, 0.7263, 0.7231, 0.7252, 0.7237, 0.7258, 0.7238, 0.7206, 0.7262, 0.7254, 0.7261, 0.7259, 0.727, 0.7207, 0.7249, 0.7225], [0.6486, 0.655, 0.6504, 0.6628, 0.6454, 0.6481, 0.6567, 0.6484, 0.6625, 0.6552, 0.6497, 0.6469, 0.6612, 0.6513, 0.6449, 0.6517, 0.6516, 0.6514], [0.7517, 0.7534, 0.7462, 0.7465, 0.751, 0.7505, 0.7467, 0.7536, 0.7517, 0.7474, 0.75, 0.7462, 0.7496, 0.7478, 0.7471, 0.7473, 0.7528, 0.7474]]	
Results: 	[[0.7157, 0.7157, 0.7168, 0.7168, 0.7177, 0.7182, 0.721, 0.7183, 0.7193, 0.7156, 0.7151, 0.7158, 0.721, 0.7233, 0.7205, 0.7201, 0.7194, 0.7198, 0.7182], [0.7613, 0.7638, 0.7569, 0.759, 0.755, 0.7543, 0.7469, 0.7519, 0.7634, 0.7587, 0.7636, 0.7547, 0.7582, 0.7539, 0.7553, 0.7505, 0.7497, 0.7533, 0.7572], [0.7303, 0.7273, 0.7256, 0.7275, 0.7291, 0.7266, 0.724, 0.7267, 0.7214, 0.7249, 0.7302, 0.7257, 0.7251, 0.7256, 0.7261, 0.7297, 0.7273, 0.7282, 0.7263], [0.7242, 0.7256, 0.726, 0.7263, 0.7231, 0.7252, 0.7237, 0.7258, 0.7238, 0.7206, 0.7262, 0.7254, 0.7261, 0.7259, 0.727, 0.7207, 0.7249, 0.7225, 0.7232], [0.6486, 0.655, 0.6504, 0.6628, 0.6454, 0.6481, 0.6567, 0.6484, 0.6625, 0.6552, 0.6497, 0.6469, 0.6612, 0.6513, 0.6449, 0.6517, 0.6516, 0.6514, 0.6584], [0.7517, 0.7534, 0.7462, 0.7465, 0.751, 0.7505, 0.7467, 0.7536, 0.7517, 0.7474, 0.75, 0.7462, 0.7496, 0.7478, 0.7471, 0.7473, 0.7528, 0.7474, 0.7482]]	
Results: 	[[0.7157, 0.7157, 0.7168, 0.7168, 0.7177, 0.7182, 0.721, 0.7183, 0.7193, 0.7156, 0.7151, 0.7158, 0.721, 0.7233, 0.7205, 0.7201, 0.7194, 0.7198, 0.7182, 0.7195], [0.7613, 0.7638, 0.7569, 0.759, 0.755, 0.7543, 0.7469, 0.7519, 0.7634, 0.7587, 0.7636, 0.7547, 0.7582, 0.7539, 0.7553, 0.7505, 0.7497, 0.7533, 0.7572, 0.7626], [0.7303, 0.7273, 0.7256, 0.7275, 0.7291, 0.7266, 0.724, 0.7267, 0.7214, 0.7249, 0.7302, 0.7257, 0.7251, 0.7256, 0.7261, 0.7297, 0.7273, 0.7282, 0.7263, 0.7231], [0.7242, 0.7256, 0.726, 0.7263, 0.7231, 0.7252, 0.7237, 0.7258, 0.7238, 0.7206, 0.7262, 0.7254, 0.7261, 0.7259, 0.727, 0.7207, 0.7249, 0.7225, 0.7232, 0.7269], [0.6486, 0.655, 0.6504, 0.6628, 0.6454, 0.6481, 0.6567, 0.6484, 0.6625, 0.6552, 0.6497, 0.6469, 0.6612, 0.6513, 0.6449, 0.6517, 0.6516, 0.6514, 0.6584, 0.6532], [0.7517, 0.7534, 0.7462, 0.7465, 0.751, 0.7505, 0.7467, 0.7536, 0.7517, 0.7474, 0.75, 0.7462, 0.7496, 0.7478, 0.7471, 0.7473, 0.7528, 0.7474, 0.7482, 0.7478]]	
Results: 	[[0.7157, 0.7157, 0.7168, 0.7168, 0.7177, 0.7182, 0.721, 0.7183, 0.7193, 0.7156, 0.7151, 0.7158, 0.721, 0.7233, 0.7205, 0.7201, 0.7194, 0.7198, 0.7182, 0.7195, 0.7168], [0.7613, 0.7638, 0.7569, 0.759, 0.755, 0.7543, 0.7469, 0.7519, 0.7634, 0.7587, 0.7636, 0.7547, 0.7582, 0.7539, 0.7553, 0.7505, 0.7497, 0.7533, 0.7572, 0.7626, 0.7539], [0.7303, 0.7273, 0.7256, 0.7275, 0.7291, 0.7266, 0.724, 0.7267, 0.7214, 0.7249, 0.7302, 0.7257, 0.7251, 0.7256, 0.7261, 0.7297, 0.7273, 0.7282, 0.7263, 0.7231, 0.7271], [0.7242, 0.7256, 0.726, 0.7263, 0.7231, 0.7252, 0.7237, 0.7258, 0.7238, 0.7206, 0.7262, 0.7254, 0.7261, 0.7259, 0.727, 0.7207, 0.7249, 0.7225, 0.7232, 0.7269, 0.7238], [0.6486, 0.655, 0.6504, 0.6628, 0.6454, 0.6481, 0.6567, 0.6484, 0.6625, 0.6552, 0.6497, 0.6469, 0.6612, 0.6513, 0.6449, 0.6517, 0.6516, 0.6514, 0.6584, 0.6532, 0.6615], [0.7517, 0.7534, 0.7462, 0.7465, 0.751, 0.7505, 0.7467, 0.7536, 0.7517, 0.7474, 0.75, 0.7462, 0.7496, 0.7478, 0.7471, 0.7473, 0.7528, 0.7474, 0.7482, 0.7478, 0.7535]]	
Results: 	[[0.7157, 0.7157, 0.7168, 0.7168, 0.7177, 0.7182, 0.721, 0.7183, 0.7193, 0.7156, 0.7151, 0.7158, 0.721, 0.7233, 0.7205, 0.7201, 0.7194, 0.7198, 0.7182, 0.7195, 0.7168, 0.7168], [0.7613, 0.7638, 0.7569, 0.759, 0.755, 0.7543, 0.7469, 0.7519, 0.7634, 0.7587, 0.7636, 0.7547, 0.7582, 0.7539, 0.7553, 0.7505, 0.7497, 0.7533, 0.7572, 0.7626, 0.7539, 0.7547], [0.7303, 0.7273, 0.7256, 0.7275, 0.7291, 0.7266, 0.724, 0.7267, 0.7214, 0.7249, 0.7302, 0.7257, 0.7251, 0.7256, 0.7261, 0.7297, 0.7273, 0.7282, 0.7263, 0.7231, 0.7271, 0.7268], [0.7242, 0.7256, 0.726, 0.7263, 0.7231, 0.7252, 0.7237, 0.7258, 0.7238, 0.7206, 0.7262, 0.7254, 0.7261, 0.7259, 0.727, 0.7207, 0.7249, 0.7225, 0.7232, 0.7269, 0.7238, 0.7313], [0.6486, 0.655, 0.6504, 0.6628, 0.6454, 0.6481, 0.6567, 0.6484, 0.6625, 0.6552, 0.6497, 0.6469, 0.6612, 0.6513, 0.6449, 0.6517, 0.6516, 0.6514, 0.6584, 0.6532, 0.6615, 0.6473], [0.7517, 0.7534, 0.7462, 0.7465, 0.751, 0.7505, 0.7467, 0.7536, 0.7517, 0.7474, 0.75, 0.7462, 0.7496, 0.7478, 0.7471, 0.7473, 0.7528, 0.7474, 0.7482, 0.7478, 0.7535, 0.753]]	
Results: 	[[0.7157, 0.7157, 0.7168, 0.7168, 0.7177, 0.7182, 0.721, 0.7183, 0.7193, 0.7156, 0.7151, 0.7158, 0.721, 0.7233, 0.7205, 0.7201, 0.7194, 0.7198, 0.7182, 0.7195, 0.7168, 0.7168, 0.7237], [0.7613, 0.7638, 0.7569, 0.759, 0.755, 0.7543, 0.7469, 0.7519, 0.7634, 0.7587, 0.7636, 0.7547, 0.7582, 0.7539, 0.7553, 0.7505, 0.7497, 0.7533, 0.7572, 0.7626, 0.7539, 0.7547, 0.7554], [0.7303, 0.7273, 0.7256, 0.7275, 0.7291, 0.7266, 0.724, 0.7267, 0.7214, 0.7249, 0.7302, 0.7257, 0.7251, 0.7256, 0.7261, 0.7297, 0.7273, 0.7282, 0.7263, 0.7231, 0.7271, 0.7268, 0.7236], [0.7242, 0.7256, 0.726, 0.7263, 0.7231, 0.7252, 0.7237, 0.7258, 0.7238, 0.7206, 0.7262, 0.7254, 0.7261, 0.7259, 0.727, 0.7207, 0.7249, 0.7225, 0.7232, 0.7269, 0.7238, 0.7313, 0.7262], [0.6486, 0.655, 0.6504, 0.6628, 0.6454, 0.6481, 0.6567, 0.6484, 0.6625, 0.6552, 0.6497, 0.6469, 0.6612, 0.6513, 0.6449, 0.6517, 0.6516, 0.6514, 0.6584, 0.6532, 0.6615, 0.6473, 0.6445], [0.7517, 0.7534, 0.7462, 0.7465, 0.751, 0.7505, 0.7467, 0.7536, 0.7517, 0.7474, 0.75, 0.7462, 0.7496, 0.7478, 0.7471, 0.7473, 0.7528, 0.7474, 0.7482, 0.7478, 0.7535, 0.753, 0.7488]]	
Results: 	[[0.7157, 0.7157, 0.7168, 0.7168, 0.7177, 0.7182, 0.721, 0.7183, 0.7193, 0.7156, 0.7151, 0.7158, 0.721, 0.7233, 0.7205, 0.7201, 0.7194, 0.7198, 0.7182, 0.7195, 0.7168, 0.7168, 0.7237, 0.7189], [0.7613, 0.7638, 0.7569, 0.759, 0.755, 0.7543, 0.7469, 0.7519, 0.7634, 0.7587, 0.7636, 0.7547, 0.7582, 0.7539, 0.7553, 0.7505, 0.7497, 0.7533, 0.7572, 0.7626, 0.7539, 0.7547, 0.7554, 0.7594], [0.7303, 0.7273, 0.7256, 0.7275, 0.7291, 0.7266, 0.724, 0.7267, 0.7214, 0.7249, 0.7302, 0.7257, 0.7251, 0.7256, 0.7261, 0.7297, 0.7273, 0.7282, 0.7263, 0.7231, 0.7271, 0.7268, 0.7236, 0.7322], [0.7242, 0.7256, 0.726, 0.7263, 0.7231, 0.7252, 0.7237, 0.7258, 0.7238, 0.7206, 0.7262, 0.7254, 0.7261, 0.7259, 0.727, 0.7207, 0.7249, 0.7225, 0.7232, 0.7269, 0.7238, 0.7313, 0.7262, 0.7297], [0.6486, 0.655, 0.6504, 0.6628, 0.6454, 0.6481, 0.6567, 0.6484, 0.6625, 0.6552, 0.6497, 0.6469, 0.6612, 0.6513, 0.6449, 0.6517, 0.6516, 0.6514, 0.6584, 0.6532, 0.6615, 0.6473, 0.6445, 0.656], [0.7517, 0.7534, 0.7462, 0.7465, 0.751, 0.7505, 0.7467, 0.7536, 0.7517, 0.7474, 0.75, 0.7462, 0.7496, 0.7478, 0.7471, 0.7473, 0.7528, 0.7474, 0.7482, 0.7478, 0.7535, 0.753, 0.7488, 0.7502]]	
Results: 	[[0.7157, 0.7157, 0.7168, 0.7168, 0.7177, 0.7182, 0.721, 0.7183, 0.7193, 0.7156, 0.7151, 0.7158, 0.721, 0.7233, 0.7205, 0.7201, 0.7194, 0.7198, 0.7182, 0.7195, 0.7168, 0.7168, 0.7237, 0.7189, 0.7184], [0.7613, 0.7638, 0.7569, 0.759, 0.755, 0.7543, 0.7469, 0.7519, 0.7634, 0.7587, 0.7636, 0.7547, 0.7582, 0.7539, 0.7553, 0.7505, 0.7497, 0.7533, 0.7572, 0.7626, 0.7539, 0.7547, 0.7554, 0.7594, 0.7555], [0.7303, 0.7273, 0.7256, 0.7275, 0.7291, 0.7266, 0.724, 0.7267, 0.7214, 0.7249, 0.7302, 0.7257, 0.7251, 0.7256, 0.7261, 0.7297, 0.7273, 0.7282, 0.7263, 0.7231, 0.7271, 0.7268, 0.7236, 0.7322, 0.7234], [0.7242, 0.7256, 0.726, 0.7263, 0.7231, 0.7252, 0.7237, 0.7258, 0.7238, 0.7206, 0.7262, 0.7254, 0.7261, 0.7259, 0.727, 0.7207, 0.7249, 0.7225, 0.7232, 0.7269, 0.7238, 0.7313, 0.7262, 0.7297, 0.7198], [0.6486, 0.655, 0.6504, 0.6628, 0.6454, 0.6481, 0.6567, 0.6484, 0.6625, 0.6552, 0.6497, 0.6469, 0.6612, 0.6513, 0.6449, 0.6517, 0.6516, 0.6514, 0.6584, 0.6532, 0.6615, 0.6473, 0.6445, 0.656, 0.654], [0.7517, 0.7534, 0.7462, 0.7465, 0.751, 0.7505, 0.7467, 0.7536, 0.7517, 0.7474, 0.75, 0.7462, 0.7496, 0.7478, 0.7471, 0.7473, 0.7528, 0.7474, 0.7482, 0.7478, 0.7535, 0.753, 0.7488, 0.7502, 0.7479]]	
Results: 	[[0.7157, 0.7157, 0.7168, 0.7168, 0.7177, 0.7182, 0.721, 0.7183, 0.7193, 0.7156, 0.7151, 0.7158, 0.721, 0.7233, 0.7205, 0.7201, 0.7194, 0.7198, 0.7182, 0.7195, 0.7168, 0.7168, 0.7237, 0.7189, 0.7184, 0.7163], [0.7613, 0.7638, 0.7569, 0.759, 0.755, 0.7543, 0.7469, 0.7519, 0.7634, 0.7587, 0.7636, 0.7547, 0.7582, 0.7539, 0.7553, 0.7505, 0.7497, 0.7533, 0.7572, 0.7626, 0.7539, 0.7547, 0.7554, 0.7594, 0.7555, 0.7501], [0.7303, 0.7273, 0.7256, 0.7275, 0.7291, 0.7266, 0.724, 0.7267, 0.7214, 0.7249, 0.7302, 0.7257, 0.7251, 0.7256, 0.7261, 0.7297, 0.7273, 0.7282, 0.7263, 0.7231, 0.7271, 0.7268, 0.7236, 0.7322, 0.7234, 0.725], [0.7242, 0.7256, 0.726, 0.7263, 0.7231, 0.7252, 0.7237, 0.7258, 0.7238, 0.7206, 0.7262, 0.7254, 0.7261, 0.7259, 0.727, 0.7207, 0.7249, 0.7225, 0.7232, 0.7269, 0.7238, 0.7313, 0.7262, 0.7297, 0.7198, 0.722], [0.6486, 0.655, 0.6504, 0.6628, 0.6454, 0.6481, 0.6567, 0.6484, 0.6625, 0.6552, 0.6497, 0.6469, 0.6612, 0.6513, 0.6449, 0.6517, 0.6516, 0.6514, 0.6584, 0.6532, 0.6615, 0.6473, 0.6445, 0.656, 0.654, 0.6535], [0.7517, 0.7534, 0.7462, 0.7465, 0.751, 0.7505, 0.7467, 0.7536, 0.7517, 0.7474, 0.75, 0.7462, 0.7496, 0.7478, 0.7471, 0.7473, 0.7528, 0.7474, 0.7482, 0.7478, 0.7535, 0.753, 0.7488, 0.7502, 0.7479, 0.7485]]	
Results: 	[[0.7157, 0.7157, 0.7168, 0.7168, 0.7177, 0.7182, 0.721, 0.7183, 0.7193, 0.7156, 0.7151, 0.7158, 0.721, 0.7233, 0.7205, 0.7201, 0.7194, 0.7198, 0.7182, 0.7195, 0.7168, 0.7168, 0.7237, 0.7189, 0.7184, 0.7163, 0.7179], [0.7613, 0.7638, 0.7569, 0.759, 0.755, 0.7543, 0.7469, 0.7519, 0.7634, 0.7587, 0.7636, 0.7547, 0.7582, 0.7539, 0.7553, 0.7505, 0.7497, 0.7533, 0.7572, 0.7626, 0.7539, 0.7547, 0.7554, 0.7594, 0.7555, 0.7501, 0.7601], [0.7303, 0.7273, 0.7256, 0.7275, 0.7291, 0.7266, 0.724, 0.7267, 0.7214, 0.7249, 0.7302, 0.7257, 0.7251, 0.7256, 0.7261, 0.7297, 0.7273, 0.7282, 0.7263, 0.7231, 0.7271, 0.7268, 0.7236, 0.7322, 0.7234, 0.725, 0.7257], [0.7242, 0.7256, 0.726, 0.7263, 0.7231, 0.7252, 0.7237, 0.7258, 0.7238, 0.7206, 0.7262, 0.7254, 0.7261, 0.7259, 0.727, 0.7207, 0.7249, 0.7225, 0.7232, 0.7269, 0.7238, 0.7313, 0.7262, 0.7297, 0.7198, 0.722, 0.726], [0.6486, 0.655, 0.6504, 0.6628, 0.6454, 0.6481, 0.6567, 0.6484, 0.6625, 0.6552, 0.6497, 0.6469, 0.6612, 0.6513, 0.6449, 0.6517, 0.6516, 0.6514, 0.6584, 0.6532, 0.6615, 0.6473, 0.6445, 0.656, 0.654, 0.6535, 0.654], [0.7517, 0.7534, 0.7462, 0.7465, 0.751, 0.7505, 0.7467, 0.7536, 0.7517, 0.7474, 0.75, 0.7462, 0.7496, 0.7478, 0.7471, 0.7473, 0.7528, 0.7474, 0.7482, 0.7478, 0.7535, 0.753, 0.7488, 0.7502, 0.7479, 0.7485, 0.7476]]	
Results: 	[[0.7157, 0.7157, 0.7168, 0.7168, 0.7177, 0.7182, 0.721, 0.7183, 0.7193, 0.7156, 0.7151, 0.7158, 0.721, 0.7233, 0.7205, 0.7201, 0.7194, 0.7198, 0.7182, 0.7195, 0.7168, 0.7168, 0.7237, 0.7189, 0.7184, 0.7163, 0.7179, 0.715], [0.7613, 0.7638, 0.7569, 0.759, 0.755, 0.7543, 0.7469, 0.7519, 0.7634, 0.7587, 0.7636, 0.7547, 0.7582, 0.7539, 0.7553, 0.7505, 0.7497, 0.7533, 0.7572, 0.7626, 0.7539, 0.7547, 0.7554, 0.7594, 0.7555, 0.7501, 0.7601, 0.7523], [0.7303, 0.7273, 0.7256, 0.7275, 0.7291, 0.7266, 0.724, 0.7267, 0.7214, 0.7249, 0.7302, 0.7257, 0.7251, 0.7256, 0.7261, 0.7297, 0.7273, 0.7282, 0.7263, 0.7231, 0.7271, 0.7268, 0.7236, 0.7322, 0.7234, 0.725, 0.7257, 0.7238], [0.7242, 0.7256, 0.726, 0.7263, 0.7231, 0.7252, 0.7237, 0.7258, 0.7238, 0.7206, 0.7262, 0.7254, 0.7261, 0.7259, 0.727, 0.7207, 0.7249, 0.7225, 0.7232, 0.7269, 0.7238, 0.7313, 0.7262, 0.7297, 0.7198, 0.722, 0.726, 0.7273], [0.6486, 0.655, 0.6504, 0.6628, 0.6454, 0.6481, 0.6567, 0.6484, 0.6625, 0.6552, 0.6497, 0.6469, 0.6612, 0.6513, 0.6449, 0.6517, 0.6516, 0.6514, 0.6584, 0.6532, 0.6615, 0.6473, 0.6445, 0.656, 0.654, 0.6535, 0.654, 0.6469], [0.7517, 0.7534, 0.7462, 0.7465, 0.751, 0.7505, 0.7467, 0.7536, 0.7517, 0.7474, 0.75, 0.7462, 0.7496, 0.7478, 0.7471, 0.7473, 0.7528, 0.7474, 0.7482, 0.7478, 0.7535, 0.753, 0.7488, 0.7502, 0.7479, 0.7485, 0.7476, 0.7502]]	
Results: 	[[0.7157, 0.7157, 0.7168, 0.7168, 0.7177, 0.7182, 0.721, 0.7183, 0.7193, 0.7156, 0.7151, 0.7158, 0.721, 0.7233, 0.7205, 0.7201, 0.7194, 0.7198, 0.7182, 0.7195, 0.7168, 0.7168, 0.7237, 0.7189, 0.7184, 0.7163, 0.7179, 0.715, 0.7152], [0.7613, 0.7638, 0.7569, 0.759, 0.755, 0.7543, 0.7469, 0.7519, 0.7634, 0.7587, 0.7636, 0.7547, 0.7582, 0.7539, 0.7553, 0.7505, 0.7497, 0.7533, 0.7572, 0.7626, 0.7539, 0.7547, 0.7554, 0.7594, 0.7555, 0.7501, 0.7601, 0.7523, 0.7524], [0.7303, 0.7273, 0.7256, 0.7275, 0.7291, 0.7266, 0.724, 0.7267, 0.7214, 0.7249, 0.7302, 0.7257, 0.7251, 0.7256, 0.7261, 0.7297, 0.7273, 0.7282, 0.7263, 0.7231, 0.7271, 0.7268, 0.7236, 0.7322, 0.7234, 0.725, 0.7257, 0.7238, 0.7278], [0.7242, 0.7256, 0.726, 0.7263, 0.7231, 0.7252, 0.7237, 0.7258, 0.7238, 0.7206, 0.7262, 0.7254, 0.7261, 0.7259, 0.727, 0.7207, 0.7249, 0.7225, 0.7232, 0.7269, 0.7238, 0.7313, 0.7262, 0.7297, 0.7198, 0.722, 0.726, 0.7273, 0.7272], [0.6486, 0.655, 0.6504, 0.6628, 0.6454, 0.6481, 0.6567, 0.6484, 0.6625, 0.6552, 0.6497, 0.6469, 0.6612, 0.6513, 0.6449, 0.6517, 0.6516, 0.6514, 0.6584, 0.6532, 0.6615, 0.6473, 0.6445, 0.656, 0.654, 0.6535, 0.654, 0.6469, 0.645], [0.7517, 0.7534, 0.7462, 0.7465, 0.751, 0.7505, 0.7467, 0.7536, 0.7517, 0.7474, 0.75, 0.7462, 0.7496, 0.7478, 0.7471, 0.7473, 0.7528, 0.7474, 0.7482, 0.7478, 0.7535, 0.753, 0.7488, 0.7502, 0.7479, 0.7485, 0.7476, 0.7502, 0.7489]]	
Results: 	[[0.7157, 0.7157, 0.7168, 0.7168, 0.7177, 0.7182, 0.721, 0.7183, 0.7193, 0.7156, 0.7151, 0.7158, 0.721, 0.7233, 0.7205, 0.7201, 0.7194, 0.7198, 0.7182, 0.7195, 0.7168, 0.7168, 0.7237, 0.7189, 0.7184, 0.7163, 0.7179, 0.715, 0.7152, 0.7179], [0.7613, 0.7638, 0.7569, 0.759, 0.755, 0.7543, 0.7469, 0.7519, 0.7634, 0.7587, 0.7636, 0.7547, 0.7582, 0.7539, 0.7553, 0.7505, 0.7497, 0.7533, 0.7572, 0.7626, 0.7539, 0.7547, 0.7554, 0.7594, 0.7555, 0.7501, 0.7601, 0.7523, 0.7524, 0.7543], [0.7303, 0.7273, 0.7256, 0.7275, 0.7291, 0.7266, 0.724, 0.7267, 0.7214, 0.7249, 0.7302, 0.7257, 0.7251, 0.7256, 0.7261, 0.7297, 0.7273, 0.7282, 0.7263, 0.7231, 0.7271, 0.7268, 0.7236, 0.7322, 0.7234, 0.725, 0.7257, 0.7238, 0.7278, 0.7238], [0.7242, 0.7256, 0.726, 0.7263, 0.7231, 0.7252, 0.7237, 0.7258, 0.7238, 0.7206, 0.7262, 0.7254, 0.7261, 0.7259, 0.727, 0.7207, 0.7249, 0.7225, 0.7232, 0.7269, 0.7238, 0.7313, 0.7262, 0.7297, 0.7198, 0.722, 0.726, 0.7273, 0.7272, 0.7278], [0.6486, 0.655, 0.6504, 0.6628, 0.6454, 0.6481, 0.6567, 0.6484, 0.6625, 0.6552, 0.6497, 0.6469, 0.6612, 0.6513, 0.6449, 0.6517, 0.6516, 0.6514, 0.6584, 0.6532, 0.6615, 0.6473, 0.6445, 0.656, 0.654, 0.6535, 0.654, 0.6469, 0.645, 0.6471], [0.7517, 0.7534, 0.7462, 0.7465, 0.751, 0.7505, 0.7467, 0.7536, 0.7517, 0.7474, 0.75, 0.7462, 0.7496, 0.7478, 0.7471, 0.7473, 0.7528, 0.7474, 0.7482, 0.7478, 0.7535, 0.753, 0.7488, 0.7502, 0.7479, 0.7485, 0.7476, 0.7502, 0.7489, 0.7472]]
30 Support Sets: (Mean:0.7181566666666667, SD:0.0023042215131382745) | 	30 Support Sets: (Mean:0.7559433333333333, SD:0.004374903611417669) | 	30 Support Sets: (Mean:0.72633, SD:0.0024240390915249935) | 	30 Support Sets: (Mean:0.72514, SD:0.0025513485278073605) | 	30 Support Sets: (Mean:0.6521066666666666, SD:0.005437540857291334) | 	30 Support Sets: (Mean:0.74929, SD:0.00236954091290508) | 	
 	
