Results: 	[[0.717], [0.7319], [0.7314], [0.7319], [0.6711], [0.7414]]	
Results: 	[[0.717, 0.7138], [0.7319, 0.7327], [0.7314, 0.7335], [0.7319, 0.7388], [0.6711, 0.6606], [0.7414, 0.7382]]	
Results: 	[[0.717, 0.7138, 0.7158], [0.7319, 0.7327, 0.7335], [0.7314, 0.7335, 0.7338], [0.7319, 0.7388, 0.7338], [0.6711, 0.6606, 0.6589], [0.7414, 0.7382, 0.7445]]	
Results: 	[[0.717, 0.7138, 0.7158, 0.7153], [0.7319, 0.7327, 0.7335, 0.7284], [0.7314, 0.7335, 0.7338, 0.7329], [0.7319, 0.7388, 0.7338, 0.732], [0.6711, 0.6606, 0.6589, 0.6689], [0.7414, 0.7382, 0.7445, 0.7411]]	
Results: 	[[0.717, 0.7138, 0.7158, 0.7153, 0.7191], [0.7319, 0.7327, 0.7335, 0.7284, 0.7296], [0.7314, 0.7335, 0.7338, 0.7329, 0.7345], [0.7319, 0.7388, 0.7338, 0.732, 0.7327], [0.6711, 0.6606, 0.6589, 0.6689, 0.6573], [0.7414, 0.7382, 0.7445, 0.7411, 0.7416]]	
Results: 	[[0.717, 0.7138, 0.7158, 0.7153, 0.7191, 0.7218], [0.7319, 0.7327, 0.7335, 0.7284, 0.7296, 0.7319], [0.7314, 0.7335, 0.7338, 0.7329, 0.7345, 0.7307], [0.7319, 0.7388, 0.7338, 0.732, 0.7327, 0.739], [0.6711, 0.6606, 0.6589, 0.6689, 0.6573, 0.6643], [0.7414, 0.7382, 0.7445, 0.7411, 0.7416, 0.7389]]	
Results: 	[[0.717, 0.7138, 0.7158, 0.7153, 0.7191, 0.7218, 0.7154], [0.7319, 0.7327, 0.7335, 0.7284, 0.7296, 0.7319, 0.734], [0.7314, 0.7335, 0.7338, 0.7329, 0.7345, 0.7307, 0.7351], [0.7319, 0.7388, 0.7338, 0.732, 0.7327, 0.739, 0.7341], [0.6711, 0.6606, 0.6589, 0.6689, 0.6573, 0.6643, 0.6621], [0.7414, 0.7382, 0.7445, 0.7411, 0.7416, 0.7389, 0.7419]]	
Results: 	[[0.717, 0.7138, 0.7158, 0.7153, 0.7191, 0.7218, 0.7154, 0.7185], [0.7319, 0.7327, 0.7335, 0.7284, 0.7296, 0.7319, 0.734, 0.7296], [0.7314, 0.7335, 0.7338, 0.7329, 0.7345, 0.7307, 0.7351, 0.7336], [0.7319, 0.7388, 0.7338, 0.732, 0.7327, 0.739, 0.7341, 0.733], [0.6711, 0.6606, 0.6589, 0.6689, 0.6573, 0.6643, 0.6621, 0.6591], [0.7414, 0.7382, 0.7445, 0.7411, 0.7416, 0.7389, 0.7419, 0.7421]]	
Results: 	[[0.717, 0.7138, 0.7158, 0.7153, 0.7191, 0.7218, 0.7154, 0.7185, 0.7196], [0.7319, 0.7327, 0.7335, 0.7284, 0.7296, 0.7319, 0.734, 0.7296, 0.73], [0.7314, 0.7335, 0.7338, 0.7329, 0.7345, 0.7307, 0.7351, 0.7336, 0.7319], [0.7319, 0.7388, 0.7338, 0.732, 0.7327, 0.739, 0.7341, 0.733, 0.7369], [0.6711, 0.6606, 0.6589, 0.6689, 0.6573, 0.6643, 0.6621, 0.6591, 0.6617], [0.7414, 0.7382, 0.7445, 0.7411, 0.7416, 0.7389, 0.7419, 0.7421, 0.7409]]	
Results: 	[[0.717, 0.7138, 0.7158, 0.7153, 0.7191, 0.7218, 0.7154, 0.7185, 0.7196, 0.7148], [0.7319, 0.7327, 0.7335, 0.7284, 0.7296, 0.7319, 0.734, 0.7296, 0.73, 0.7354], [0.7314, 0.7335, 0.7338, 0.7329, 0.7345, 0.7307, 0.7351, 0.7336, 0.7319, 0.7304], [0.7319, 0.7388, 0.7338, 0.732, 0.7327, 0.739, 0.7341, 0.733, 0.7369, 0.7383], [0.6711, 0.6606, 0.6589, 0.6689, 0.6573, 0.6643, 0.6621, 0.6591, 0.6617, 0.6712], [0.7414, 0.7382, 0.7445, 0.7411, 0.7416, 0.7389, 0.7419, 0.7421, 0.7409, 0.7388]]	
Results: 	[[0.717, 0.7138, 0.7158, 0.7153, 0.7191, 0.7218, 0.7154, 0.7185, 0.7196, 0.7148, 0.7164], [0.7319, 0.7327, 0.7335, 0.7284, 0.7296, 0.7319, 0.734, 0.7296, 0.73, 0.7354, 0.7315], [0.7314, 0.7335, 0.7338, 0.7329, 0.7345, 0.7307, 0.7351, 0.7336, 0.7319, 0.7304, 0.729], [0.7319, 0.7388, 0.7338, 0.732, 0.7327, 0.739, 0.7341, 0.733, 0.7369, 0.7383, 0.7341], [0.6711, 0.6606, 0.6589, 0.6689, 0.6573, 0.6643, 0.6621, 0.6591, 0.6617, 0.6712, 0.6586], [0.7414, 0.7382, 0.7445, 0.7411, 0.7416, 0.7389, 0.7419, 0.7421, 0.7409, 0.7388, 0.7398]]	
Results: 	[[0.717, 0.7138, 0.7158, 0.7153, 0.7191, 0.7218, 0.7154, 0.7185, 0.7196, 0.7148, 0.7164, 0.7137], [0.7319, 0.7327, 0.7335, 0.7284, 0.7296, 0.7319, 0.734, 0.7296, 0.73, 0.7354, 0.7315, 0.7284], [0.7314, 0.7335, 0.7338, 0.7329, 0.7345, 0.7307, 0.7351, 0.7336, 0.7319, 0.7304, 0.729, 0.7345], [0.7319, 0.7388, 0.7338, 0.732, 0.7327, 0.739, 0.7341, 0.733, 0.7369, 0.7383, 0.7341, 0.7352], [0.6711, 0.6606, 0.6589, 0.6689, 0.6573, 0.6643, 0.6621, 0.6591, 0.6617, 0.6712, 0.6586, 0.6644], [0.7414, 0.7382, 0.7445, 0.7411, 0.7416, 0.7389, 0.7419, 0.7421, 0.7409, 0.7388, 0.7398, 0.7399]]	
Results: 	[[0.717, 0.7138, 0.7158, 0.7153, 0.7191, 0.7218, 0.7154, 0.7185, 0.7196, 0.7148, 0.7164, 0.7137, 0.718], [0.7319, 0.7327, 0.7335, 0.7284, 0.7296, 0.7319, 0.734, 0.7296, 0.73, 0.7354, 0.7315, 0.7284, 0.7319], [0.7314, 0.7335, 0.7338, 0.7329, 0.7345, 0.7307, 0.7351, 0.7336, 0.7319, 0.7304, 0.729, 0.7345, 0.7334], [0.7319, 0.7388, 0.7338, 0.732, 0.7327, 0.739, 0.7341, 0.733, 0.7369, 0.7383, 0.7341, 0.7352, 0.7366], [0.6711, 0.6606, 0.6589, 0.6689, 0.6573, 0.6643, 0.6621, 0.6591, 0.6617, 0.6712, 0.6586, 0.6644, 0.6643], [0.7414, 0.7382, 0.7445, 0.7411, 0.7416, 0.7389, 0.7419, 0.7421, 0.7409, 0.7388, 0.7398, 0.7399, 0.7421]]	
Results: 	[[0.717, 0.7138, 0.7158, 0.7153, 0.7191, 0.7218, 0.7154, 0.7185, 0.7196, 0.7148, 0.7164, 0.7137, 0.718, 0.7153], [0.7319, 0.7327, 0.7335, 0.7284, 0.7296, 0.7319, 0.734, 0.7296, 0.73, 0.7354, 0.7315, 0.7284, 0.7319, 0.7273], [0.7314, 0.7335, 0.7338, 0.7329, 0.7345, 0.7307, 0.7351, 0.7336, 0.7319, 0.7304, 0.729, 0.7345, 0.7334, 0.7344], [0.7319, 0.7388, 0.7338, 0.732, 0.7327, 0.739, 0.7341, 0.733, 0.7369, 0.7383, 0.7341, 0.7352, 0.7366, 0.7354], [0.6711, 0.6606, 0.6589, 0.6689, 0.6573, 0.6643, 0.6621, 0.6591, 0.6617, 0.6712, 0.6586, 0.6644, 0.6643, 0.6613], [0.7414, 0.7382, 0.7445, 0.7411, 0.7416, 0.7389, 0.7419, 0.7421, 0.7409, 0.7388, 0.7398, 0.7399, 0.7421, 0.7385]]	
Results: 	[[0.717, 0.7138, 0.7158, 0.7153, 0.7191, 0.7218, 0.7154, 0.7185, 0.7196, 0.7148, 0.7164, 0.7137, 0.718, 0.7153, 0.718], [0.7319, 0.7327, 0.7335, 0.7284, 0.7296, 0.7319, 0.734, 0.7296, 0.73, 0.7354, 0.7315, 0.7284, 0.7319, 0.7273, 0.7319], [0.7314, 0.7335, 0.7338, 0.7329, 0.7345, 0.7307, 0.7351, 0.7336, 0.7319, 0.7304, 0.729, 0.7345, 0.7334, 0.7344, 0.7333], [0.7319, 0.7388, 0.7338, 0.732, 0.7327, 0.739, 0.7341, 0.733, 0.7369, 0.7383, 0.7341, 0.7352, 0.7366, 0.7354, 0.737], [0.6711, 0.6606, 0.6589, 0.6689, 0.6573, 0.6643, 0.6621, 0.6591, 0.6617, 0.6712, 0.6586, 0.6644, 0.6643, 0.6613, 0.6586], [0.7414, 0.7382, 0.7445, 0.7411, 0.7416, 0.7389, 0.7419, 0.7421, 0.7409, 0.7388, 0.7398, 0.7399, 0.7421, 0.7385, 0.7435]]	
Results: 	[[0.717, 0.7138, 0.7158, 0.7153, 0.7191, 0.7218, 0.7154, 0.7185, 0.7196, 0.7148, 0.7164, 0.7137, 0.718, 0.7153, 0.718, 0.717], [0.7319, 0.7327, 0.7335, 0.7284, 0.7296, 0.7319, 0.734, 0.7296, 0.73, 0.7354, 0.7315, 0.7284, 0.7319, 0.7273, 0.7319, 0.7304], [0.7314, 0.7335, 0.7338, 0.7329, 0.7345, 0.7307, 0.7351, 0.7336, 0.7319, 0.7304, 0.729, 0.7345, 0.7334, 0.7344, 0.7333, 0.7349], [0.7319, 0.7388, 0.7338, 0.732, 0.7327, 0.739, 0.7341, 0.733, 0.7369, 0.7383, 0.7341, 0.7352, 0.7366, 0.7354, 0.737, 0.7352], [0.6711, 0.6606, 0.6589, 0.6689, 0.6573, 0.6643, 0.6621, 0.6591, 0.6617, 0.6712, 0.6586, 0.6644, 0.6643, 0.6613, 0.6586, 0.6557], [0.7414, 0.7382, 0.7445, 0.7411, 0.7416, 0.7389, 0.7419, 0.7421, 0.7409, 0.7388, 0.7398, 0.7399, 0.7421, 0.7385, 0.7435, 0.7372]]	
Results: 	[[0.717, 0.7138, 0.7158, 0.7153, 0.7191, 0.7218, 0.7154, 0.7185, 0.7196, 0.7148, 0.7164, 0.7137, 0.718, 0.7153, 0.718, 0.717, 0.7142], [0.7319, 0.7327, 0.7335, 0.7284, 0.7296, 0.7319, 0.734, 0.7296, 0.73, 0.7354, 0.7315, 0.7284, 0.7319, 0.7273, 0.7319, 0.7304, 0.7319], [0.7314, 0.7335, 0.7338, 0.7329, 0.7345, 0.7307, 0.7351, 0.7336, 0.7319, 0.7304, 0.729, 0.7345, 0.7334, 0.7344, 0.7333, 0.7349, 0.7326], [0.7319, 0.7388, 0.7338, 0.732, 0.7327, 0.739, 0.7341, 0.733, 0.7369, 0.7383, 0.7341, 0.7352, 0.7366, 0.7354, 0.737, 0.7352, 0.7369], [0.6711, 0.6606, 0.6589, 0.6689, 0.6573, 0.6643, 0.6621, 0.6591, 0.6617, 0.6712, 0.6586, 0.6644, 0.6643, 0.6613, 0.6586, 0.6557, 0.6606], [0.7414, 0.7382, 0.7445, 0.7411, 0.7416, 0.7389, 0.7419, 0.7421, 0.7409, 0.7388, 0.7398, 0.7399, 0.7421, 0.7385, 0.7435, 0.7372, 0.7417]]	
Results: 	[[0.717, 0.7138, 0.7158, 0.7153, 0.7191, 0.7218, 0.7154, 0.7185, 0.7196, 0.7148, 0.7164, 0.7137, 0.718, 0.7153, 0.718, 0.717, 0.7142, 0.7154], [0.7319, 0.7327, 0.7335, 0.7284, 0.7296, 0.7319, 0.734, 0.7296, 0.73, 0.7354, 0.7315, 0.7284, 0.7319, 0.7273, 0.7319, 0.7304, 0.7319, 0.7269], [0.7314, 0.7335, 0.7338, 0.7329, 0.7345, 0.7307, 0.7351, 0.7336, 0.7319, 0.7304, 0.729, 0.7345, 0.7334, 0.7344, 0.7333, 0.7349, 0.7326, 0.7316], [0.7319, 0.7388, 0.7338, 0.732, 0.7327, 0.739, 0.7341, 0.733, 0.7369, 0.7383, 0.7341, 0.7352, 0.7366, 0.7354, 0.737, 0.7352, 0.7369, 0.7397], [0.6711, 0.6606, 0.6589, 0.6689, 0.6573, 0.6643, 0.6621, 0.6591, 0.6617, 0.6712, 0.6586, 0.6644, 0.6643, 0.6613, 0.6586, 0.6557, 0.6606, 0.6646], [0.7414, 0.7382, 0.7445, 0.7411, 0.7416, 0.7389, 0.7419, 0.7421, 0.7409, 0.7388, 0.7398, 0.7399, 0.7421, 0.7385, 0.7435, 0.7372, 0.7417, 0.7389]]	
Results: 	[[0.717, 0.7138, 0.7158, 0.7153, 0.7191, 0.7218, 0.7154, 0.7185, 0.7196, 0.7148, 0.7164, 0.7137, 0.718, 0.7153, 0.718, 0.717, 0.7142, 0.7154, 0.718], [0.7319, 0.7327, 0.7335, 0.7284, 0.7296, 0.7319, 0.734, 0.7296, 0.73, 0.7354, 0.7315, 0.7284, 0.7319, 0.7273, 0.7319, 0.7304, 0.7319, 0.7269, 0.7323], [0.7314, 0.7335, 0.7338, 0.7329, 0.7345, 0.7307, 0.7351, 0.7336, 0.7319, 0.7304, 0.729, 0.7345, 0.7334, 0.7344, 0.7333, 0.7349, 0.7326, 0.7316, 0.7354], [0.7319, 0.7388, 0.7338, 0.732, 0.7327, 0.739, 0.7341, 0.733, 0.7369, 0.7383, 0.7341, 0.7352, 0.7366, 0.7354, 0.737, 0.7352, 0.7369, 0.7397, 0.7345], [0.6711, 0.6606, 0.6589, 0.6689, 0.6573, 0.6643, 0.6621, 0.6591, 0.6617, 0.6712, 0.6586, 0.6644, 0.6643, 0.6613, 0.6586, 0.6557, 0.6606, 0.6646, 0.6594], [0.7414, 0.7382, 0.7445, 0.7411, 0.7416, 0.7389, 0.7419, 0.7421, 0.7409, 0.7388, 0.7398, 0.7399, 0.7421, 0.7385, 0.7435, 0.7372, 0.7417, 0.7389, 0.7441]]	
Results: 	[[0.717, 0.7138, 0.7158, 0.7153, 0.7191, 0.7218, 0.7154, 0.7185, 0.7196, 0.7148, 0.7164, 0.7137, 0.718, 0.7153, 0.718, 0.717, 0.7142, 0.7154, 0.718, 0.7175], [0.7319, 0.7327, 0.7335, 0.7284, 0.7296, 0.7319, 0.734, 0.7296, 0.73, 0.7354, 0.7315, 0.7284, 0.7319, 0.7273, 0.7319, 0.7304, 0.7319, 0.7269, 0.7323, 0.7296], [0.7314, 0.7335, 0.7338, 0.7329, 0.7345, 0.7307, 0.7351, 0.7336, 0.7319, 0.7304, 0.729, 0.7345, 0.7334, 0.7344, 0.7333, 0.7349, 0.7326, 0.7316, 0.7354, 0.7317], [0.7319, 0.7388, 0.7338, 0.732, 0.7327, 0.739, 0.7341, 0.733, 0.7369, 0.7383, 0.7341, 0.7352, 0.7366, 0.7354, 0.737, 0.7352, 0.7369, 0.7397, 0.7345, 0.7354], [0.6711, 0.6606, 0.6589, 0.6689, 0.6573, 0.6643, 0.6621, 0.6591, 0.6617, 0.6712, 0.6586, 0.6644, 0.6643, 0.6613, 0.6586, 0.6557, 0.6606, 0.6646, 0.6594, 0.6639], [0.7414, 0.7382, 0.7445, 0.7411, 0.7416, 0.7389, 0.7419, 0.7421, 0.7409, 0.7388, 0.7398, 0.7399, 0.7421, 0.7385, 0.7435, 0.7372, 0.7417, 0.7389, 0.7441, 0.7425]]	
Results: 	[[0.717, 0.7138, 0.7158, 0.7153, 0.7191, 0.7218, 0.7154, 0.7185, 0.7196, 0.7148, 0.7164, 0.7137, 0.718, 0.7153, 0.718, 0.717, 0.7142, 0.7154, 0.718, 0.7175, 0.718], [0.7319, 0.7327, 0.7335, 0.7284, 0.7296, 0.7319, 0.734, 0.7296, 0.73, 0.7354, 0.7315, 0.7284, 0.7319, 0.7273, 0.7319, 0.7304, 0.7319, 0.7269, 0.7323, 0.7296, 0.7296], [0.7314, 0.7335, 0.7338, 0.7329, 0.7345, 0.7307, 0.7351, 0.7336, 0.7319, 0.7304, 0.729, 0.7345, 0.7334, 0.7344, 0.7333, 0.7349, 0.7326, 0.7316, 0.7354, 0.7317, 0.7304], [0.7319, 0.7388, 0.7338, 0.732, 0.7327, 0.739, 0.7341, 0.733, 0.7369, 0.7383, 0.7341, 0.7352, 0.7366, 0.7354, 0.737, 0.7352, 0.7369, 0.7397, 0.7345, 0.7354, 0.7406], [0.6711, 0.6606, 0.6589, 0.6689, 0.6573, 0.6643, 0.6621, 0.6591, 0.6617, 0.6712, 0.6586, 0.6644, 0.6643, 0.6613, 0.6586, 0.6557, 0.6606, 0.6646, 0.6594, 0.6639, 0.6565], [0.7414, 0.7382, 0.7445, 0.7411, 0.7416, 0.7389, 0.7419, 0.7421, 0.7409, 0.7388, 0.7398, 0.7399, 0.7421, 0.7385, 0.7435, 0.7372, 0.7417, 0.7389, 0.7441, 0.7425, 0.7404]]	
Results: 	[[0.717, 0.7138, 0.7158, 0.7153, 0.7191, 0.7218, 0.7154, 0.7185, 0.7196, 0.7148, 0.7164, 0.7137, 0.718, 0.7153, 0.718, 0.717, 0.7142, 0.7154, 0.718, 0.7175, 0.718, 0.7127], [0.7319, 0.7327, 0.7335, 0.7284, 0.7296, 0.7319, 0.734, 0.7296, 0.73, 0.7354, 0.7315, 0.7284, 0.7319, 0.7273, 0.7319, 0.7304, 0.7319, 0.7269, 0.7323, 0.7296, 0.7296, 0.7296], [0.7314, 0.7335, 0.7338, 0.7329, 0.7345, 0.7307, 0.7351, 0.7336, 0.7319, 0.7304, 0.729, 0.7345, 0.7334, 0.7344, 0.7333, 0.7349, 0.7326, 0.7316, 0.7354, 0.7317, 0.7304, 0.7327], [0.7319, 0.7388, 0.7338, 0.732, 0.7327, 0.739, 0.7341, 0.733, 0.7369, 0.7383, 0.7341, 0.7352, 0.7366, 0.7354, 0.737, 0.7352, 0.7369, 0.7397, 0.7345, 0.7354, 0.7406, 0.7345], [0.6711, 0.6606, 0.6589, 0.6689, 0.6573, 0.6643, 0.6621, 0.6591, 0.6617, 0.6712, 0.6586, 0.6644, 0.6643, 0.6613, 0.6586, 0.6557, 0.6606, 0.6646, 0.6594, 0.6639, 0.6565, 0.6579], [0.7414, 0.7382, 0.7445, 0.7411, 0.7416, 0.7389, 0.7419, 0.7421, 0.7409, 0.7388, 0.7398, 0.7399, 0.7421, 0.7385, 0.7435, 0.7372, 0.7417, 0.7389, 0.7441, 0.7425, 0.7404, 0.7406]]	
Results: 	[[0.717, 0.7138, 0.7158, 0.7153, 0.7191, 0.7218, 0.7154, 0.7185, 0.7196, 0.7148, 0.7164, 0.7137, 0.718, 0.7153, 0.718, 0.717, 0.7142, 0.7154, 0.718, 0.7175, 0.718, 0.7127, 0.7159], [0.7319, 0.7327, 0.7335, 0.7284, 0.7296, 0.7319, 0.734, 0.7296, 0.73, 0.7354, 0.7315, 0.7284, 0.7319, 0.7273, 0.7319, 0.7304, 0.7319, 0.7269, 0.7323, 0.7296, 0.7296, 0.7296, 0.7323], [0.7314, 0.7335, 0.7338, 0.7329, 0.7345, 0.7307, 0.7351, 0.7336, 0.7319, 0.7304, 0.729, 0.7345, 0.7334, 0.7344, 0.7333, 0.7349, 0.7326, 0.7316, 0.7354, 0.7317, 0.7304, 0.7327, 0.733], [0.7319, 0.7388, 0.7338, 0.732, 0.7327, 0.739, 0.7341, 0.733, 0.7369, 0.7383, 0.7341, 0.7352, 0.7366, 0.7354, 0.737, 0.7352, 0.7369, 0.7397, 0.7345, 0.7354, 0.7406, 0.7345, 0.734], [0.6711, 0.6606, 0.6589, 0.6689, 0.6573, 0.6643, 0.6621, 0.6591, 0.6617, 0.6712, 0.6586, 0.6644, 0.6643, 0.6613, 0.6586, 0.6557, 0.6606, 0.6646, 0.6594, 0.6639, 0.6565, 0.6579, 0.6575], [0.7414, 0.7382, 0.7445, 0.7411, 0.7416, 0.7389, 0.7419, 0.7421, 0.7409, 0.7388, 0.7398, 0.7399, 0.7421, 0.7385, 0.7435, 0.7372, 0.7417, 0.7389, 0.7441, 0.7425, 0.7404, 0.7406, 0.7394]]	
Results: 	[[0.717, 0.7138, 0.7158, 0.7153, 0.7191, 0.7218, 0.7154, 0.7185, 0.7196, 0.7148, 0.7164, 0.7137, 0.718, 0.7153, 0.718, 0.717, 0.7142, 0.7154, 0.718, 0.7175, 0.718, 0.7127, 0.7159, 0.7175], [0.7319, 0.7327, 0.7335, 0.7284, 0.7296, 0.7319, 0.734, 0.7296, 0.73, 0.7354, 0.7315, 0.7284, 0.7319, 0.7273, 0.7319, 0.7304, 0.7319, 0.7269, 0.7323, 0.7296, 0.7296, 0.7296, 0.7323, 0.7315], [0.7314, 0.7335, 0.7338, 0.7329, 0.7345, 0.7307, 0.7351, 0.7336, 0.7319, 0.7304, 0.729, 0.7345, 0.7334, 0.7344, 0.7333, 0.7349, 0.7326, 0.7316, 0.7354, 0.7317, 0.7304, 0.7327, 0.733, 0.729], [0.7319, 0.7388, 0.7338, 0.732, 0.7327, 0.739, 0.7341, 0.733, 0.7369, 0.7383, 0.7341, 0.7352, 0.7366, 0.7354, 0.737, 0.7352, 0.7369, 0.7397, 0.7345, 0.7354, 0.7406, 0.7345, 0.734, 0.7421], [0.6711, 0.6606, 0.6589, 0.6689, 0.6573, 0.6643, 0.6621, 0.6591, 0.6617, 0.6712, 0.6586, 0.6644, 0.6643, 0.6613, 0.6586, 0.6557, 0.6606, 0.6646, 0.6594, 0.6639, 0.6565, 0.6579, 0.6575, 0.6579], [0.7414, 0.7382, 0.7445, 0.7411, 0.7416, 0.7389, 0.7419, 0.7421, 0.7409, 0.7388, 0.7398, 0.7399, 0.7421, 0.7385, 0.7435, 0.7372, 0.7417, 0.7389, 0.7441, 0.7425, 0.7404, 0.7406, 0.7394, 0.7394]]	
Results: 	[[0.717, 0.7138, 0.7158, 0.7153, 0.7191, 0.7218, 0.7154, 0.7185, 0.7196, 0.7148, 0.7164, 0.7137, 0.718, 0.7153, 0.718, 0.717, 0.7142, 0.7154, 0.718, 0.7175, 0.718, 0.7127, 0.7159, 0.7175, 0.7153], [0.7319, 0.7327, 0.7335, 0.7284, 0.7296, 0.7319, 0.734, 0.7296, 0.73, 0.7354, 0.7315, 0.7284, 0.7319, 0.7273, 0.7319, 0.7304, 0.7319, 0.7269, 0.7323, 0.7296, 0.7296, 0.7296, 0.7323, 0.7315, 0.7319], [0.7314, 0.7335, 0.7338, 0.7329, 0.7345, 0.7307, 0.7351, 0.7336, 0.7319, 0.7304, 0.729, 0.7345, 0.7334, 0.7344, 0.7333, 0.7349, 0.7326, 0.7316, 0.7354, 0.7317, 0.7304, 0.7327, 0.733, 0.729, 0.7329], [0.7319, 0.7388, 0.7338, 0.732, 0.7327, 0.739, 0.7341, 0.733, 0.7369, 0.7383, 0.7341, 0.7352, 0.7366, 0.7354, 0.737, 0.7352, 0.7369, 0.7397, 0.7345, 0.7354, 0.7406, 0.7345, 0.734, 0.7421, 0.7341], [0.6711, 0.6606, 0.6589, 0.6689, 0.6573, 0.6643, 0.6621, 0.6591, 0.6617, 0.6712, 0.6586, 0.6644, 0.6643, 0.6613, 0.6586, 0.6557, 0.6606, 0.6646, 0.6594, 0.6639, 0.6565, 0.6579, 0.6575, 0.6579, 0.6629], [0.7414, 0.7382, 0.7445, 0.7411, 0.7416, 0.7389, 0.7419, 0.7421, 0.7409, 0.7388, 0.7398, 0.7399, 0.7421, 0.7385, 0.7435, 0.7372, 0.7417, 0.7389, 0.7441, 0.7425, 0.7404, 0.7406, 0.7394, 0.7394, 0.7375]]	
Results: 	[[0.717, 0.7138, 0.7158, 0.7153, 0.7191, 0.7218, 0.7154, 0.7185, 0.7196, 0.7148, 0.7164, 0.7137, 0.718, 0.7153, 0.718, 0.717, 0.7142, 0.7154, 0.718, 0.7175, 0.718, 0.7127, 0.7159, 0.7175, 0.7153, 0.7164], [0.7319, 0.7327, 0.7335, 0.7284, 0.7296, 0.7319, 0.734, 0.7296, 0.73, 0.7354, 0.7315, 0.7284, 0.7319, 0.7273, 0.7319, 0.7304, 0.7319, 0.7269, 0.7323, 0.7296, 0.7296, 0.7296, 0.7323, 0.7315, 0.7319, 0.7365], [0.7314, 0.7335, 0.7338, 0.7329, 0.7345, 0.7307, 0.7351, 0.7336, 0.7319, 0.7304, 0.729, 0.7345, 0.7334, 0.7344, 0.7333, 0.7349, 0.7326, 0.7316, 0.7354, 0.7317, 0.7304, 0.7327, 0.733, 0.729, 0.7329, 0.7312], [0.7319, 0.7388, 0.7338, 0.732, 0.7327, 0.739, 0.7341, 0.733, 0.7369, 0.7383, 0.7341, 0.7352, 0.7366, 0.7354, 0.737, 0.7352, 0.7369, 0.7397, 0.7345, 0.7354, 0.7406, 0.7345, 0.734, 0.7421, 0.7341, 0.7392], [0.6711, 0.6606, 0.6589, 0.6689, 0.6573, 0.6643, 0.6621, 0.6591, 0.6617, 0.6712, 0.6586, 0.6644, 0.6643, 0.6613, 0.6586, 0.6557, 0.6606, 0.6646, 0.6594, 0.6639, 0.6565, 0.6579, 0.6575, 0.6579, 0.6629, 0.6639], [0.7414, 0.7382, 0.7445, 0.7411, 0.7416, 0.7389, 0.7419, 0.7421, 0.7409, 0.7388, 0.7398, 0.7399, 0.7421, 0.7385, 0.7435, 0.7372, 0.7417, 0.7389, 0.7441, 0.7425, 0.7404, 0.7406, 0.7394, 0.7394, 0.7375, 0.7418]]	
Results: 	[[0.717, 0.7138, 0.7158, 0.7153, 0.7191, 0.7218, 0.7154, 0.7185, 0.7196, 0.7148, 0.7164, 0.7137, 0.718, 0.7153, 0.718, 0.717, 0.7142, 0.7154, 0.718, 0.7175, 0.718, 0.7127, 0.7159, 0.7175, 0.7153, 0.7164, 0.7153], [0.7319, 0.7327, 0.7335, 0.7284, 0.7296, 0.7319, 0.734, 0.7296, 0.73, 0.7354, 0.7315, 0.7284, 0.7319, 0.7273, 0.7319, 0.7304, 0.7319, 0.7269, 0.7323, 0.7296, 0.7296, 0.7296, 0.7323, 0.7315, 0.7319, 0.7365, 0.7284], [0.7314, 0.7335, 0.7338, 0.7329, 0.7345, 0.7307, 0.7351, 0.7336, 0.7319, 0.7304, 0.729, 0.7345, 0.7334, 0.7344, 0.7333, 0.7349, 0.7326, 0.7316, 0.7354, 0.7317, 0.7304, 0.7327, 0.733, 0.729, 0.7329, 0.7312, 0.7367], [0.7319, 0.7388, 0.7338, 0.732, 0.7327, 0.739, 0.7341, 0.733, 0.7369, 0.7383, 0.7341, 0.7352, 0.7366, 0.7354, 0.737, 0.7352, 0.7369, 0.7397, 0.7345, 0.7354, 0.7406, 0.7345, 0.734, 0.7421, 0.7341, 0.7392, 0.735], [0.6711, 0.6606, 0.6589, 0.6689, 0.6573, 0.6643, 0.6621, 0.6591, 0.6617, 0.6712, 0.6586, 0.6644, 0.6643, 0.6613, 0.6586, 0.6557, 0.6606, 0.6646, 0.6594, 0.6639, 0.6565, 0.6579, 0.6575, 0.6579, 0.6629, 0.6639, 0.6697], [0.7414, 0.7382, 0.7445, 0.7411, 0.7416, 0.7389, 0.7419, 0.7421, 0.7409, 0.7388, 0.7398, 0.7399, 0.7421, 0.7385, 0.7435, 0.7372, 0.7417, 0.7389, 0.7441, 0.7425, 0.7404, 0.7406, 0.7394, 0.7394, 0.7375, 0.7418, 0.7406]]	
Results: 	[[0.717, 0.7138, 0.7158, 0.7153, 0.7191, 0.7218, 0.7154, 0.7185, 0.7196, 0.7148, 0.7164, 0.7137, 0.718, 0.7153, 0.718, 0.717, 0.7142, 0.7154, 0.718, 0.7175, 0.718, 0.7127, 0.7159, 0.7175, 0.7153, 0.7164, 0.7153, 0.7179], [0.7319, 0.7327, 0.7335, 0.7284, 0.7296, 0.7319, 0.734, 0.7296, 0.73, 0.7354, 0.7315, 0.7284, 0.7319, 0.7273, 0.7319, 0.7304, 0.7319, 0.7269, 0.7323, 0.7296, 0.7296, 0.7296, 0.7323, 0.7315, 0.7319, 0.7365, 0.7284, 0.7257], [0.7314, 0.7335, 0.7338, 0.7329, 0.7345, 0.7307, 0.7351, 0.7336, 0.7319, 0.7304, 0.729, 0.7345, 0.7334, 0.7344, 0.7333, 0.7349, 0.7326, 0.7316, 0.7354, 0.7317, 0.7304, 0.7327, 0.733, 0.729, 0.7329, 0.7312, 0.7367, 0.732], [0.7319, 0.7388, 0.7338, 0.732, 0.7327, 0.739, 0.7341, 0.733, 0.7369, 0.7383, 0.7341, 0.7352, 0.7366, 0.7354, 0.737, 0.7352, 0.7369, 0.7397, 0.7345, 0.7354, 0.7406, 0.7345, 0.734, 0.7421, 0.7341, 0.7392, 0.735, 0.7324], [0.6711, 0.6606, 0.6589, 0.6689, 0.6573, 0.6643, 0.6621, 0.6591, 0.6617, 0.6712, 0.6586, 0.6644, 0.6643, 0.6613, 0.6586, 0.6557, 0.6606, 0.6646, 0.6594, 0.6639, 0.6565, 0.6579, 0.6575, 0.6579, 0.6629, 0.6639, 0.6697, 0.6628], [0.7414, 0.7382, 0.7445, 0.7411, 0.7416, 0.7389, 0.7419, 0.7421, 0.7409, 0.7388, 0.7398, 0.7399, 0.7421, 0.7385, 0.7435, 0.7372, 0.7417, 0.7389, 0.7441, 0.7425, 0.7404, 0.7406, 0.7394, 0.7394, 0.7375, 0.7418, 0.7406, 0.7414]]	
Results: 	[[0.717, 0.7138, 0.7158, 0.7153, 0.7191, 0.7218, 0.7154, 0.7185, 0.7196, 0.7148, 0.7164, 0.7137, 0.718, 0.7153, 0.718, 0.717, 0.7142, 0.7154, 0.718, 0.7175, 0.718, 0.7127, 0.7159, 0.7175, 0.7153, 0.7164, 0.7153, 0.7179, 0.7148], [0.7319, 0.7327, 0.7335, 0.7284, 0.7296, 0.7319, 0.734, 0.7296, 0.73, 0.7354, 0.7315, 0.7284, 0.7319, 0.7273, 0.7319, 0.7304, 0.7319, 0.7269, 0.7323, 0.7296, 0.7296, 0.7296, 0.7323, 0.7315, 0.7319, 0.7365, 0.7284, 0.7257, 0.7311], [0.7314, 0.7335, 0.7338, 0.7329, 0.7345, 0.7307, 0.7351, 0.7336, 0.7319, 0.7304, 0.729, 0.7345, 0.7334, 0.7344, 0.7333, 0.7349, 0.7326, 0.7316, 0.7354, 0.7317, 0.7304, 0.7327, 0.733, 0.729, 0.7329, 0.7312, 0.7367, 0.732, 0.7338], [0.7319, 0.7388, 0.7338, 0.732, 0.7327, 0.739, 0.7341, 0.733, 0.7369, 0.7383, 0.7341, 0.7352, 0.7366, 0.7354, 0.737, 0.7352, 0.7369, 0.7397, 0.7345, 0.7354, 0.7406, 0.7345, 0.734, 0.7421, 0.7341, 0.7392, 0.735, 0.7324, 0.7353], [0.6711, 0.6606, 0.6589, 0.6689, 0.6573, 0.6643, 0.6621, 0.6591, 0.6617, 0.6712, 0.6586, 0.6644, 0.6643, 0.6613, 0.6586, 0.6557, 0.6606, 0.6646, 0.6594, 0.6639, 0.6565, 0.6579, 0.6575, 0.6579, 0.6629, 0.6639, 0.6697, 0.6628, 0.6605], [0.7414, 0.7382, 0.7445, 0.7411, 0.7416, 0.7389, 0.7419, 0.7421, 0.7409, 0.7388, 0.7398, 0.7399, 0.7421, 0.7385, 0.7435, 0.7372, 0.7417, 0.7389, 0.7441, 0.7425, 0.7404, 0.7406, 0.7394, 0.7394, 0.7375, 0.7418, 0.7406, 0.7414, 0.7408]]	
Results: 	[[0.717, 0.7138, 0.7158, 0.7153, 0.7191, 0.7218, 0.7154, 0.7185, 0.7196, 0.7148, 0.7164, 0.7137, 0.718, 0.7153, 0.718, 0.717, 0.7142, 0.7154, 0.718, 0.7175, 0.718, 0.7127, 0.7159, 0.7175, 0.7153, 0.7164, 0.7153, 0.7179, 0.7148, 0.7191], [0.7319, 0.7327, 0.7335, 0.7284, 0.7296, 0.7319, 0.734, 0.7296, 0.73, 0.7354, 0.7315, 0.7284, 0.7319, 0.7273, 0.7319, 0.7304, 0.7319, 0.7269, 0.7323, 0.7296, 0.7296, 0.7296, 0.7323, 0.7315, 0.7319, 0.7365, 0.7284, 0.7257, 0.7311, 0.7304], [0.7314, 0.7335, 0.7338, 0.7329, 0.7345, 0.7307, 0.7351, 0.7336, 0.7319, 0.7304, 0.729, 0.7345, 0.7334, 0.7344, 0.7333, 0.7349, 0.7326, 0.7316, 0.7354, 0.7317, 0.7304, 0.7327, 0.733, 0.729, 0.7329, 0.7312, 0.7367, 0.732, 0.7338, 0.7327], [0.7319, 0.7388, 0.7338, 0.732, 0.7327, 0.739, 0.7341, 0.733, 0.7369, 0.7383, 0.7341, 0.7352, 0.7366, 0.7354, 0.737, 0.7352, 0.7369, 0.7397, 0.7345, 0.7354, 0.7406, 0.7345, 0.734, 0.7421, 0.7341, 0.7392, 0.735, 0.7324, 0.7353, 0.7335], [0.6711, 0.6606, 0.6589, 0.6689, 0.6573, 0.6643, 0.6621, 0.6591, 0.6617, 0.6712, 0.6586, 0.6644, 0.6643, 0.6613, 0.6586, 0.6557, 0.6606, 0.6646, 0.6594, 0.6639, 0.6565, 0.6579, 0.6575, 0.6579, 0.6629, 0.6639, 0.6697, 0.6628, 0.6605, 0.675], [0.7414, 0.7382, 0.7445, 0.7411, 0.7416, 0.7389, 0.7419, 0.7421, 0.7409, 0.7388, 0.7398, 0.7399, 0.7421, 0.7385, 0.7435, 0.7372, 0.7417, 0.7389, 0.7441, 0.7425, 0.7404, 0.7406, 0.7394, 0.7394, 0.7375, 0.7418, 0.7406, 0.7414, 0.7408, 0.7385]]
30 Support Sets: (Mean:0.7165833333333333, SD:0.0020185490407431347) | 	30 Support Sets: (Mean:0.73087, SD:0.0023952755222700814) | 	30 Support Sets: (Mean:0.7327666666666667, SD:0.0018313991887367886) | 	30 Support Sets: (Mean:0.7357066666666666, SD:0.0026548502566166436) | 	30 Support Sets: (Mean:0.6623733333333334, SD:0.00481197739362746) | 	30 Support Sets: (Mean:0.7406, SD:0.0018550954989824237) | 	

