Results: 	[[0.9165], [0.8289], [0.909]]	
Results: 	[[0.9165, 0.9177], [0.8289, 0.8356], [0.909, 0.9129]]	
Results: 	[[0.9165, 0.9177, 0.9191], [0.8289, 0.8356, 0.8351], [0.909, 0.9129, 0.9139]]	
Results: 	[[0.9165, 0.9177, 0.9191, 0.9153], [0.8289, 0.8356, 0.8351, 0.8338], [0.909, 0.9129, 0.9139, 0.9125]]	
Results: 	[[0.9165, 0.9177, 0.9191, 0.9153, 0.9157], [0.8289, 0.8356, 0.8351, 0.8338, 0.8319], [0.909, 0.9129, 0.9139, 0.9125, 0.9125]]	
Results: 	[[0.9165, 0.9177, 0.9191, 0.9153, 0.9157, 0.9166], [0.8289, 0.8356, 0.8351, 0.8338, 0.8319, 0.8361], [0.909, 0.9129, 0.9139, 0.9125, 0.9125, 0.9134]]	
Results: 	[[0.9165, 0.9177, 0.9191, 0.9153, 0.9157, 0.9166, 0.9169], [0.8289, 0.8356, 0.8351, 0.8338, 0.8319, 0.8361, 0.8314], [0.909, 0.9129, 0.9139, 0.9125, 0.9125, 0.9134, 0.9144]]	
Results: 	[[0.9165, 0.9177, 0.9191, 0.9153, 0.9157, 0.9166, 0.9169, 0.9137], [0.8289, 0.8356, 0.8351, 0.8338, 0.8319, 0.8361, 0.8314, 0.8292], [0.909, 0.9129, 0.9139, 0.9125, 0.9125, 0.9134, 0.9144, 0.9101]]	
Results: 	[[0.9165, 0.9177, 0.9191, 0.9153, 0.9157, 0.9166, 0.9169, 0.9137, 0.9152], [0.8289, 0.8356, 0.8351, 0.8338, 0.8319, 0.8361, 0.8314, 0.8292, 0.8309], [0.909, 0.9129, 0.9139, 0.9125, 0.9125, 0.9134, 0.9144, 0.9101, 0.9165]]	
Results: 	[[0.9165, 0.9177, 0.9191, 0.9153, 0.9157, 0.9166, 0.9169, 0.9137, 0.9152, 0.9141], [0.8289, 0.8356, 0.8351, 0.8338, 0.8319, 0.8361, 0.8314, 0.8292, 0.8309, 0.8349], [0.909, 0.9129, 0.9139, 0.9125, 0.9125, 0.9134, 0.9144, 0.9101, 0.9165, 0.9148]]	
Results: 	[[0.9165, 0.9177, 0.9191, 0.9153, 0.9157, 0.9166, 0.9169, 0.9137, 0.9152, 0.9141, 0.9148], [0.8289, 0.8356, 0.8351, 0.8338, 0.8319, 0.8361, 0.8314, 0.8292, 0.8309, 0.8349, 0.8351], [0.909, 0.9129, 0.9139, 0.9125, 0.9125, 0.9134, 0.9144, 0.9101, 0.9165, 0.9148, 0.9146]]	
Results: 	[[0.9165, 0.9177, 0.9191, 0.9153, 0.9157, 0.9166, 0.9169, 0.9137, 0.9152, 0.9141, 0.9148, 0.9191], [0.8289, 0.8356, 0.8351, 0.8338, 0.8319, 0.8361, 0.8314, 0.8292, 0.8309, 0.8349, 0.8351, 0.8349], [0.909, 0.9129, 0.9139, 0.9125, 0.9125, 0.9134, 0.9144, 0.9101, 0.9165, 0.9148, 0.9146, 0.915]]	
Results: 	[[0.9165, 0.9177, 0.9191, 0.9153, 0.9157, 0.9166, 0.9169, 0.9137, 0.9152, 0.9141, 0.9148, 0.9191, 0.9156], [0.8289, 0.8356, 0.8351, 0.8338, 0.8319, 0.8361, 0.8314, 0.8292, 0.8309, 0.8349, 0.8351, 0.8349, 0.8399], [0.909, 0.9129, 0.9139, 0.9125, 0.9125, 0.9134, 0.9144, 0.9101, 0.9165, 0.9148, 0.9146, 0.915, 0.915]]	
Results: 	[[0.9165, 0.9177, 0.9191, 0.9153, 0.9157, 0.9166, 0.9169, 0.9137, 0.9152, 0.9141, 0.9148, 0.9191, 0.9156, 0.9131], [0.8289, 0.8356, 0.8351, 0.8338, 0.8319, 0.8361, 0.8314, 0.8292, 0.8309, 0.8349, 0.8351, 0.8349, 0.8399, 0.8269], [0.909, 0.9129, 0.9139, 0.9125, 0.9125, 0.9134, 0.9144, 0.9101, 0.9165, 0.9148, 0.9146, 0.915, 0.915, 0.9155]]	
Results: 	[[0.9165, 0.9177, 0.9191, 0.9153, 0.9157, 0.9166, 0.9169, 0.9137, 0.9152, 0.9141, 0.9148, 0.9191, 0.9156, 0.9131, 0.9155], [0.8289, 0.8356, 0.8351, 0.8338, 0.8319, 0.8361, 0.8314, 0.8292, 0.8309, 0.8349, 0.8351, 0.8349, 0.8399, 0.8269, 0.8329], [0.909, 0.9129, 0.9139, 0.9125, 0.9125, 0.9134, 0.9144, 0.9101, 0.9165, 0.9148, 0.9146, 0.915, 0.915, 0.9155, 0.9073]]	
Results: 	[[0.9165, 0.9177, 0.9191, 0.9153, 0.9157, 0.9166, 0.9169, 0.9137, 0.9152, 0.9141, 0.9148, 0.9191, 0.9156, 0.9131, 0.9155, 0.9157], [0.8289, 0.8356, 0.8351, 0.8338, 0.8319, 0.8361, 0.8314, 0.8292, 0.8309, 0.8349, 0.8351, 0.8349, 0.8399, 0.8269, 0.8329, 0.8376], [0.909, 0.9129, 0.9139, 0.9125, 0.9125, 0.9134, 0.9144, 0.9101, 0.9165, 0.9148, 0.9146, 0.915, 0.915, 0.9155, 0.9073, 0.9148]]	
Results: 	[[0.9165, 0.9177, 0.9191, 0.9153, 0.9157, 0.9166, 0.9169, 0.9137, 0.9152, 0.9141, 0.9148, 0.9191, 0.9156, 0.9131, 0.9155, 0.9157, 0.9212], [0.8289, 0.8356, 0.8351, 0.8338, 0.8319, 0.8361, 0.8314, 0.8292, 0.8309, 0.8349, 0.8351, 0.8349, 0.8399, 0.8269, 0.8329, 0.8376, 0.837], [0.909, 0.9129, 0.9139, 0.9125, 0.9125, 0.9134, 0.9144, 0.9101, 0.9165, 0.9148, 0.9146, 0.915, 0.915, 0.9155, 0.9073, 0.9148, 0.9107]]	
Results: 	[[0.9165, 0.9177, 0.9191, 0.9153, 0.9157, 0.9166, 0.9169, 0.9137, 0.9152, 0.9141, 0.9148, 0.9191, 0.9156, 0.9131, 0.9155, 0.9157, 0.9212, 0.917], [0.8289, 0.8356, 0.8351, 0.8338, 0.8319, 0.8361, 0.8314, 0.8292, 0.8309, 0.8349, 0.8351, 0.8349, 0.8399, 0.8269, 0.8329, 0.8376, 0.837, 0.8441], [0.909, 0.9129, 0.9139, 0.9125, 0.9125, 0.9134, 0.9144, 0.9101, 0.9165, 0.9148, 0.9146, 0.915, 0.915, 0.9155, 0.9073, 0.9148, 0.9107, 0.9139]]	
Results: 	[[0.9165, 0.9177, 0.9191, 0.9153, 0.9157, 0.9166, 0.9169, 0.9137, 0.9152, 0.9141, 0.9148, 0.9191, 0.9156, 0.9131, 0.9155, 0.9157, 0.9212, 0.917, 0.9176], [0.8289, 0.8356, 0.8351, 0.8338, 0.8319, 0.8361, 0.8314, 0.8292, 0.8309, 0.8349, 0.8351, 0.8349, 0.8399, 0.8269, 0.8329, 0.8376, 0.837, 0.8441, 0.834], [0.909, 0.9129, 0.9139, 0.9125, 0.9125, 0.9134, 0.9144, 0.9101, 0.9165, 0.9148, 0.9146, 0.915, 0.915, 0.9155, 0.9073, 0.9148, 0.9107, 0.9139, 0.9105]]	
Results: 	[[0.9165, 0.9177, 0.9191, 0.9153, 0.9157, 0.9166, 0.9169, 0.9137, 0.9152, 0.9141, 0.9148, 0.9191, 0.9156, 0.9131, 0.9155, 0.9157, 0.9212, 0.917, 0.9176, 0.9182], [0.8289, 0.8356, 0.8351, 0.8338, 0.8319, 0.8361, 0.8314, 0.8292, 0.8309, 0.8349, 0.8351, 0.8349, 0.8399, 0.8269, 0.8329, 0.8376, 0.837, 0.8441, 0.834, 0.8353], [0.909, 0.9129, 0.9139, 0.9125, 0.9125, 0.9134, 0.9144, 0.9101, 0.9165, 0.9148, 0.9146, 0.915, 0.915, 0.9155, 0.9073, 0.9148, 0.9107, 0.9139, 0.9105, 0.9066]]	
Results: 	[[0.9165, 0.9177, 0.9191, 0.9153, 0.9157, 0.9166, 0.9169, 0.9137, 0.9152, 0.9141, 0.9148, 0.9191, 0.9156, 0.9131, 0.9155, 0.9157, 0.9212, 0.917, 0.9176, 0.9182, 0.9139], [0.8289, 0.8356, 0.8351, 0.8338, 0.8319, 0.8361, 0.8314, 0.8292, 0.8309, 0.8349, 0.8351, 0.8349, 0.8399, 0.8269, 0.8329, 0.8376, 0.837, 0.8441, 0.834, 0.8353, 0.8333], [0.909, 0.9129, 0.9139, 0.9125, 0.9125, 0.9134, 0.9144, 0.9101, 0.9165, 0.9148, 0.9146, 0.915, 0.915, 0.9155, 0.9073, 0.9148, 0.9107, 0.9139, 0.9105, 0.9066, 0.9132]]	
Results: 	[[0.9165, 0.9177, 0.9191, 0.9153, 0.9157, 0.9166, 0.9169, 0.9137, 0.9152, 0.9141, 0.9148, 0.9191, 0.9156, 0.9131, 0.9155, 0.9157, 0.9212, 0.917, 0.9176, 0.9182, 0.9139, 0.9173], [0.8289, 0.8356, 0.8351, 0.8338, 0.8319, 0.8361, 0.8314, 0.8292, 0.8309, 0.8349, 0.8351, 0.8349, 0.8399, 0.8269, 0.8329, 0.8376, 0.837, 0.8441, 0.834, 0.8353, 0.8333, 0.8343], [0.909, 0.9129, 0.9139, 0.9125, 0.9125, 0.9134, 0.9144, 0.9101, 0.9165, 0.9148, 0.9146, 0.915, 0.915, 0.9155, 0.9073, 0.9148, 0.9107, 0.9139, 0.9105, 0.9066, 0.9132, 0.9129]]	
Results: 	[[0.9165, 0.9177, 0.9191, 0.9153, 0.9157, 0.9166, 0.9169, 0.9137, 0.9152, 0.9141, 0.9148, 0.9191, 0.9156, 0.9131, 0.9155, 0.9157, 0.9212, 0.917, 0.9176, 0.9182, 0.9139, 0.9173, 0.915], [0.8289, 0.8356, 0.8351, 0.8338, 0.8319, 0.8361, 0.8314, 0.8292, 0.8309, 0.8349, 0.8351, 0.8349, 0.8399, 0.8269, 0.8329, 0.8376, 0.837, 0.8441, 0.834, 0.8353, 0.8333, 0.8343, 0.832], [0.909, 0.9129, 0.9139, 0.9125, 0.9125, 0.9134, 0.9144, 0.9101, 0.9165, 0.9148, 0.9146, 0.915, 0.915, 0.9155, 0.9073, 0.9148, 0.9107, 0.9139, 0.9105, 0.9066, 0.9132, 0.9129, 0.9141]]	
Results: 	[[0.9165, 0.9177, 0.9191, 0.9153, 0.9157, 0.9166, 0.9169, 0.9137, 0.9152, 0.9141, 0.9148, 0.9191, 0.9156, 0.9131, 0.9155, 0.9157, 0.9212, 0.917, 0.9176, 0.9182, 0.9139, 0.9173, 0.915, 0.9161], [0.8289, 0.8356, 0.8351, 0.8338, 0.8319, 0.8361, 0.8314, 0.8292, 0.8309, 0.8349, 0.8351, 0.8349, 0.8399, 0.8269, 0.8329, 0.8376, 0.837, 0.8441, 0.834, 0.8353, 0.8333, 0.8343, 0.832, 0.835], [0.909, 0.9129, 0.9139, 0.9125, 0.9125, 0.9134, 0.9144, 0.9101, 0.9165, 0.9148, 0.9146, 0.915, 0.915, 0.9155, 0.9073, 0.9148, 0.9107, 0.9139, 0.9105, 0.9066, 0.9132, 0.9129, 0.9141, 0.9138]]	
Results: 	[[0.9165, 0.9177, 0.9191, 0.9153, 0.9157, 0.9166, 0.9169, 0.9137, 0.9152, 0.9141, 0.9148, 0.9191, 0.9156, 0.9131, 0.9155, 0.9157, 0.9212, 0.917, 0.9176, 0.9182, 0.9139, 0.9173, 0.915, 0.9161, 0.9159], [0.8289, 0.8356, 0.8351, 0.8338, 0.8319, 0.8361, 0.8314, 0.8292, 0.8309, 0.8349, 0.8351, 0.8349, 0.8399, 0.8269, 0.8329, 0.8376, 0.837, 0.8441, 0.834, 0.8353, 0.8333, 0.8343, 0.832, 0.835, 0.8338], [0.909, 0.9129, 0.9139, 0.9125, 0.9125, 0.9134, 0.9144, 0.9101, 0.9165, 0.9148, 0.9146, 0.915, 0.915, 0.9155, 0.9073, 0.9148, 0.9107, 0.9139, 0.9105, 0.9066, 0.9132, 0.9129, 0.9141, 0.9138, 0.913]]	
Results: 	[[0.9165, 0.9177, 0.9191, 0.9153, 0.9157, 0.9166, 0.9169, 0.9137, 0.9152, 0.9141, 0.9148, 0.9191, 0.9156, 0.9131, 0.9155, 0.9157, 0.9212, 0.917, 0.9176, 0.9182, 0.9139, 0.9173, 0.915, 0.9161, 0.9159, 0.9142], [0.8289, 0.8356, 0.8351, 0.8338, 0.8319, 0.8361, 0.8314, 0.8292, 0.8309, 0.8349, 0.8351, 0.8349, 0.8399, 0.8269, 0.8329, 0.8376, 0.837, 0.8441, 0.834, 0.8353, 0.8333, 0.8343, 0.832, 0.835, 0.8338, 0.8304], [0.909, 0.9129, 0.9139, 0.9125, 0.9125, 0.9134, 0.9144, 0.9101, 0.9165, 0.9148, 0.9146, 0.915, 0.915, 0.9155, 0.9073, 0.9148, 0.9107, 0.9139, 0.9105, 0.9066, 0.9132, 0.9129, 0.9141, 0.9138, 0.913, 0.9092]]	
Results: 	[[0.9165, 0.9177, 0.9191, 0.9153, 0.9157, 0.9166, 0.9169, 0.9137, 0.9152, 0.9141, 0.9148, 0.9191, 0.9156, 0.9131, 0.9155, 0.9157, 0.9212, 0.917, 0.9176, 0.9182, 0.9139, 0.9173, 0.915, 0.9161, 0.9159, 0.9142, 0.9174], [0.8289, 0.8356, 0.8351, 0.8338, 0.8319, 0.8361, 0.8314, 0.8292, 0.8309, 0.8349, 0.8351, 0.8349, 0.8399, 0.8269, 0.8329, 0.8376, 0.837, 0.8441, 0.834, 0.8353, 0.8333, 0.8343, 0.832, 0.835, 0.8338, 0.8304, 0.8329], [0.909, 0.9129, 0.9139, 0.9125, 0.9125, 0.9134, 0.9144, 0.9101, 0.9165, 0.9148, 0.9146, 0.915, 0.915, 0.9155, 0.9073, 0.9148, 0.9107, 0.9139, 0.9105, 0.9066, 0.9132, 0.9129, 0.9141, 0.9138, 0.913, 0.9092, 0.9132]]	
Results: 	[[0.9165, 0.9177, 0.9191, 0.9153, 0.9157, 0.9166, 0.9169, 0.9137, 0.9152, 0.9141, 0.9148, 0.9191, 0.9156, 0.9131, 0.9155, 0.9157, 0.9212, 0.917, 0.9176, 0.9182, 0.9139, 0.9173, 0.915, 0.9161, 0.9159, 0.9142, 0.9174, 0.9166], [0.8289, 0.8356, 0.8351, 0.8338, 0.8319, 0.8361, 0.8314, 0.8292, 0.8309, 0.8349, 0.8351, 0.8349, 0.8399, 0.8269, 0.8329, 0.8376, 0.837, 0.8441, 0.834, 0.8353, 0.8333, 0.8343, 0.832, 0.835, 0.8338, 0.8304, 0.8329, 0.8367], [0.909, 0.9129, 0.9139, 0.9125, 0.9125, 0.9134, 0.9144, 0.9101, 0.9165, 0.9148, 0.9146, 0.915, 0.915, 0.9155, 0.9073, 0.9148, 0.9107, 0.9139, 0.9105, 0.9066, 0.9132, 0.9129, 0.9141, 0.9138, 0.913, 0.9092, 0.9132, 0.915]]	
Results: 	[[0.9165, 0.9177, 0.9191, 0.9153, 0.9157, 0.9166, 0.9169, 0.9137, 0.9152, 0.9141, 0.9148, 0.9191, 0.9156, 0.9131, 0.9155, 0.9157, 0.9212, 0.917, 0.9176, 0.9182, 0.9139, 0.9173, 0.915, 0.9161, 0.9159, 0.9142, 0.9174, 0.9166, 0.9167], [0.8289, 0.8356, 0.8351, 0.8338, 0.8319, 0.8361, 0.8314, 0.8292, 0.8309, 0.8349, 0.8351, 0.8349, 0.8399, 0.8269, 0.8329, 0.8376, 0.837, 0.8441, 0.834, 0.8353, 0.8333, 0.8343, 0.832, 0.835, 0.8338, 0.8304, 0.8329, 0.8367, 0.8372], [0.909, 0.9129, 0.9139, 0.9125, 0.9125, 0.9134, 0.9144, 0.9101, 0.9165, 0.9148, 0.9146, 0.915, 0.915, 0.9155, 0.9073, 0.9148, 0.9107, 0.9139, 0.9105, 0.9066, 0.9132, 0.9129, 0.9141, 0.9138, 0.913, 0.9092, 0.9132, 0.915, 0.9121]]	
Results: 	[[0.9165, 0.9177, 0.9191, 0.9153, 0.9157, 0.9166, 0.9169, 0.9137, 0.9152, 0.9141, 0.9148, 0.9191, 0.9156, 0.9131, 0.9155, 0.9157, 0.9212, 0.917, 0.9176, 0.9182, 0.9139, 0.9173, 0.915, 0.9161, 0.9159, 0.9142, 0.9174, 0.9166, 0.9167, 0.919], [0.8289, 0.8356, 0.8351, 0.8338, 0.8319, 0.8361, 0.8314, 0.8292, 0.8309, 0.8349, 0.8351, 0.8349, 0.8399, 0.8269, 0.8329, 0.8376, 0.837, 0.8441, 0.834, 0.8353, 0.8333, 0.8343, 0.832, 0.835, 0.8338, 0.8304, 0.8329, 0.8367, 0.8372, 0.8342], [0.909, 0.9129, 0.9139, 0.9125, 0.9125, 0.9134, 0.9144, 0.9101, 0.9165, 0.9148, 0.9146, 0.915, 0.915, 0.9155, 0.9073, 0.9148, 0.9107, 0.9139, 0.9105, 0.9066, 0.9132, 0.9129, 0.9141, 0.9138, 0.913, 0.9092, 0.9132, 0.915, 0.9121, 0.9117]]
Support Sets: (Mean:0.9163566666666667, SD:0.0018363538336330684) | 	Support Sets: (Mean:0.8341766666666667, SD:0.003370222885633909) | 	Support Sets: (Mean:0.9127366666666666, SD:0.0024210974048307463) | 	
