Results: 	[[0.9145], [0.8147], [0.9143]]	
Results: 	[[0.9145, 0.915], [0.8147, 0.8153], [0.9143, 0.9137]]	
Results: 	[[0.9145, 0.915, 0.9153], [0.8147, 0.8153, 0.8055], [0.9143, 0.9137, 0.9139]]	
Results: 	[[0.9145, 0.915, 0.9153, 0.9147], [0.8147, 0.8153, 0.8055, 0.8144], [0.9143, 0.9137, 0.9139, 0.914]]	
Results: 	[[0.9145, 0.915, 0.9153, 0.9147, 0.9149], [0.8147, 0.8153, 0.8055, 0.8144, 0.8152], [0.9143, 0.9137, 0.9139, 0.914, 0.914]]	
Results: 	[[0.9145, 0.915, 0.9153, 0.9147, 0.9149, 0.9155], [0.8147, 0.8153, 0.8055, 0.8144, 0.8152, 0.8109], [0.9143, 0.9137, 0.9139, 0.914, 0.914, 0.9139]]	
Results: 	[[0.9145, 0.915, 0.9153, 0.9147, 0.9149, 0.9155, 0.9148], [0.8147, 0.8153, 0.8055, 0.8144, 0.8152, 0.8109, 0.8115], [0.9143, 0.9137, 0.9139, 0.914, 0.914, 0.9139, 0.9141]]	
Results: 	[[0.9145, 0.915, 0.9153, 0.9147, 0.9149, 0.9155, 0.9148, 0.9165], [0.8147, 0.8153, 0.8055, 0.8144, 0.8152, 0.8109, 0.8115, 0.8133], [0.9143, 0.9137, 0.9139, 0.914, 0.914, 0.9139, 0.9141, 0.9139]]	
Results: 	[[0.9145, 0.915, 0.9153, 0.9147, 0.9149, 0.9155, 0.9148, 0.9165, 0.9142], [0.8147, 0.8153, 0.8055, 0.8144, 0.8152, 0.8109, 0.8115, 0.8133, 0.8094], [0.9143, 0.9137, 0.9139, 0.914, 0.914, 0.9139, 0.9141, 0.9139, 0.9138]]	
Results: 	[[0.9145, 0.915, 0.9153, 0.9147, 0.9149, 0.9155, 0.9148, 0.9165, 0.9142, 0.9143], [0.8147, 0.8153, 0.8055, 0.8144, 0.8152, 0.8109, 0.8115, 0.8133, 0.8094, 0.82], [0.9143, 0.9137, 0.9139, 0.914, 0.914, 0.9139, 0.9141, 0.9139, 0.9138, 0.9145]]	
Results: 	[[0.9145, 0.915, 0.9153, 0.9147, 0.9149, 0.9155, 0.9148, 0.9165, 0.9142, 0.9143, 0.9144], [0.8147, 0.8153, 0.8055, 0.8144, 0.8152, 0.8109, 0.8115, 0.8133, 0.8094, 0.82, 0.8162], [0.9143, 0.9137, 0.9139, 0.914, 0.914, 0.9139, 0.9141, 0.9139, 0.9138, 0.9145, 0.9138]]	
Results: 	[[0.9145, 0.915, 0.9153, 0.9147, 0.9149, 0.9155, 0.9148, 0.9165, 0.9142, 0.9143, 0.9144, 0.9144], [0.8147, 0.8153, 0.8055, 0.8144, 0.8152, 0.8109, 0.8115, 0.8133, 0.8094, 0.82, 0.8162, 0.8134], [0.9143, 0.9137, 0.9139, 0.914, 0.914, 0.9139, 0.9141, 0.9139, 0.9138, 0.9145, 0.9138, 0.9142]]	
Results: 	[[0.9145, 0.915, 0.9153, 0.9147, 0.9149, 0.9155, 0.9148, 0.9165, 0.9142, 0.9143, 0.9144, 0.9144, 0.9151], [0.8147, 0.8153, 0.8055, 0.8144, 0.8152, 0.8109, 0.8115, 0.8133, 0.8094, 0.82, 0.8162, 0.8134, 0.8179], [0.9143, 0.9137, 0.9139, 0.914, 0.914, 0.9139, 0.9141, 0.9139, 0.9138, 0.9145, 0.9138, 0.9142, 0.9133]]	
Results: 	[[0.9145, 0.915, 0.9153, 0.9147, 0.9149, 0.9155, 0.9148, 0.9165, 0.9142, 0.9143, 0.9144, 0.9144, 0.9151, 0.9148], [0.8147, 0.8153, 0.8055, 0.8144, 0.8152, 0.8109, 0.8115, 0.8133, 0.8094, 0.82, 0.8162, 0.8134, 0.8179, 0.8114], [0.9143, 0.9137, 0.9139, 0.914, 0.914, 0.9139, 0.9141, 0.9139, 0.9138, 0.9145, 0.9138, 0.9142, 0.9133, 0.9145]]	
Results: 	[[0.9145, 0.915, 0.9153, 0.9147, 0.9149, 0.9155, 0.9148, 0.9165, 0.9142, 0.9143, 0.9144, 0.9144, 0.9151, 0.9148, 0.9152], [0.8147, 0.8153, 0.8055, 0.8144, 0.8152, 0.8109, 0.8115, 0.8133, 0.8094, 0.82, 0.8162, 0.8134, 0.8179, 0.8114, 0.8125], [0.9143, 0.9137, 0.9139, 0.914, 0.914, 0.9139, 0.9141, 0.9139, 0.9138, 0.9145, 0.9138, 0.9142, 0.9133, 0.9145, 0.9145]]	
Results: 	[[0.9145, 0.915, 0.9153, 0.9147, 0.9149, 0.9155, 0.9148, 0.9165, 0.9142, 0.9143, 0.9144, 0.9144, 0.9151, 0.9148, 0.9152, 0.9155], [0.8147, 0.8153, 0.8055, 0.8144, 0.8152, 0.8109, 0.8115, 0.8133, 0.8094, 0.82, 0.8162, 0.8134, 0.8179, 0.8114, 0.8125, 0.8124], [0.9143, 0.9137, 0.9139, 0.914, 0.914, 0.9139, 0.9141, 0.9139, 0.9138, 0.9145, 0.9138, 0.9142, 0.9133, 0.9145, 0.9145, 0.9145]]	
Results: 	[[0.9145, 0.915, 0.9153, 0.9147, 0.9149, 0.9155, 0.9148, 0.9165, 0.9142, 0.9143, 0.9144, 0.9144, 0.9151, 0.9148, 0.9152, 0.9155, 0.9147], [0.8147, 0.8153, 0.8055, 0.8144, 0.8152, 0.8109, 0.8115, 0.8133, 0.8094, 0.82, 0.8162, 0.8134, 0.8179, 0.8114, 0.8125, 0.8124, 0.8096], [0.9143, 0.9137, 0.9139, 0.914, 0.914, 0.9139, 0.9141, 0.9139, 0.9138, 0.9145, 0.9138, 0.9142, 0.9133, 0.9145, 0.9145, 0.9145, 0.9142]]	
Results: 	[[0.9145, 0.915, 0.9153, 0.9147, 0.9149, 0.9155, 0.9148, 0.9165, 0.9142, 0.9143, 0.9144, 0.9144, 0.9151, 0.9148, 0.9152, 0.9155, 0.9147, 0.915], [0.8147, 0.8153, 0.8055, 0.8144, 0.8152, 0.8109, 0.8115, 0.8133, 0.8094, 0.82, 0.8162, 0.8134, 0.8179, 0.8114, 0.8125, 0.8124, 0.8096, 0.8128], [0.9143, 0.9137, 0.9139, 0.914, 0.914, 0.9139, 0.9141, 0.9139, 0.9138, 0.9145, 0.9138, 0.9142, 0.9133, 0.9145, 0.9145, 0.9145, 0.9142, 0.9147]]	
Results: 	[[0.9145, 0.915, 0.9153, 0.9147, 0.9149, 0.9155, 0.9148, 0.9165, 0.9142, 0.9143, 0.9144, 0.9144, 0.9151, 0.9148, 0.9152, 0.9155, 0.9147, 0.915, 0.916], [0.8147, 0.8153, 0.8055, 0.8144, 0.8152, 0.8109, 0.8115, 0.8133, 0.8094, 0.82, 0.8162, 0.8134, 0.8179, 0.8114, 0.8125, 0.8124, 0.8096, 0.8128, 0.8096], [0.9143, 0.9137, 0.9139, 0.914, 0.914, 0.9139, 0.9141, 0.9139, 0.9138, 0.9145, 0.9138, 0.9142, 0.9133, 0.9145, 0.9145, 0.9145, 0.9142, 0.9147, 0.915]]	
Results: 	[[0.9145, 0.915, 0.9153, 0.9147, 0.9149, 0.9155, 0.9148, 0.9165, 0.9142, 0.9143, 0.9144, 0.9144, 0.9151, 0.9148, 0.9152, 0.9155, 0.9147, 0.915, 0.916, 0.9144], [0.8147, 0.8153, 0.8055, 0.8144, 0.8152, 0.8109, 0.8115, 0.8133, 0.8094, 0.82, 0.8162, 0.8134, 0.8179, 0.8114, 0.8125, 0.8124, 0.8096, 0.8128, 0.8096, 0.8146], [0.9143, 0.9137, 0.9139, 0.914, 0.914, 0.9139, 0.9141, 0.9139, 0.9138, 0.9145, 0.9138, 0.9142, 0.9133, 0.9145, 0.9145, 0.9145, 0.9142, 0.9147, 0.915, 0.9143]]	
Results: 	[[0.9145, 0.915, 0.9153, 0.9147, 0.9149, 0.9155, 0.9148, 0.9165, 0.9142, 0.9143, 0.9144, 0.9144, 0.9151, 0.9148, 0.9152, 0.9155, 0.9147, 0.915, 0.916, 0.9144, 0.9137], [0.8147, 0.8153, 0.8055, 0.8144, 0.8152, 0.8109, 0.8115, 0.8133, 0.8094, 0.82, 0.8162, 0.8134, 0.8179, 0.8114, 0.8125, 0.8124, 0.8096, 0.8128, 0.8096, 0.8146, 0.8175], [0.9143, 0.9137, 0.9139, 0.914, 0.914, 0.9139, 0.9141, 0.9139, 0.9138, 0.9145, 0.9138, 0.9142, 0.9133, 0.9145, 0.9145, 0.9145, 0.9142, 0.9147, 0.915, 0.9143, 0.9141]]	
Results: 	[[0.9145, 0.915, 0.9153, 0.9147, 0.9149, 0.9155, 0.9148, 0.9165, 0.9142, 0.9143, 0.9144, 0.9144, 0.9151, 0.9148, 0.9152, 0.9155, 0.9147, 0.915, 0.916, 0.9144, 0.9137, 0.9155], [0.8147, 0.8153, 0.8055, 0.8144, 0.8152, 0.8109, 0.8115, 0.8133, 0.8094, 0.82, 0.8162, 0.8134, 0.8179, 0.8114, 0.8125, 0.8124, 0.8096, 0.8128, 0.8096, 0.8146, 0.8175, 0.8161], [0.9143, 0.9137, 0.9139, 0.914, 0.914, 0.9139, 0.9141, 0.9139, 0.9138, 0.9145, 0.9138, 0.9142, 0.9133, 0.9145, 0.9145, 0.9145, 0.9142, 0.9147, 0.915, 0.9143, 0.9141, 0.9144]]	
Results: 	[[0.9145, 0.915, 0.9153, 0.9147, 0.9149, 0.9155, 0.9148, 0.9165, 0.9142, 0.9143, 0.9144, 0.9144, 0.9151, 0.9148, 0.9152, 0.9155, 0.9147, 0.915, 0.916, 0.9144, 0.9137, 0.9155, 0.915], [0.8147, 0.8153, 0.8055, 0.8144, 0.8152, 0.8109, 0.8115, 0.8133, 0.8094, 0.82, 0.8162, 0.8134, 0.8179, 0.8114, 0.8125, 0.8124, 0.8096, 0.8128, 0.8096, 0.8146, 0.8175, 0.8161, 0.816], [0.9143, 0.9137, 0.9139, 0.914, 0.914, 0.9139, 0.9141, 0.9139, 0.9138, 0.9145, 0.9138, 0.9142, 0.9133, 0.9145, 0.9145, 0.9145, 0.9142, 0.9147, 0.915, 0.9143, 0.9141, 0.9144, 0.9134]]	
Results: 	[[0.9145, 0.915, 0.9153, 0.9147, 0.9149, 0.9155, 0.9148, 0.9165, 0.9142, 0.9143, 0.9144, 0.9144, 0.9151, 0.9148, 0.9152, 0.9155, 0.9147, 0.915, 0.916, 0.9144, 0.9137, 0.9155, 0.915, 0.9152], [0.8147, 0.8153, 0.8055, 0.8144, 0.8152, 0.8109, 0.8115, 0.8133, 0.8094, 0.82, 0.8162, 0.8134, 0.8179, 0.8114, 0.8125, 0.8124, 0.8096, 0.8128, 0.8096, 0.8146, 0.8175, 0.8161, 0.816, 0.8076], [0.9143, 0.9137, 0.9139, 0.914, 0.914, 0.9139, 0.9141, 0.9139, 0.9138, 0.9145, 0.9138, 0.9142, 0.9133, 0.9145, 0.9145, 0.9145, 0.9142, 0.9147, 0.915, 0.9143, 0.9141, 0.9144, 0.9134, 0.9138]]	
Results: 	[[0.9145, 0.915, 0.9153, 0.9147, 0.9149, 0.9155, 0.9148, 0.9165, 0.9142, 0.9143, 0.9144, 0.9144, 0.9151, 0.9148, 0.9152, 0.9155, 0.9147, 0.915, 0.916, 0.9144, 0.9137, 0.9155, 0.915, 0.9152, 0.9147], [0.8147, 0.8153, 0.8055, 0.8144, 0.8152, 0.8109, 0.8115, 0.8133, 0.8094, 0.82, 0.8162, 0.8134, 0.8179, 0.8114, 0.8125, 0.8124, 0.8096, 0.8128, 0.8096, 0.8146, 0.8175, 0.8161, 0.816, 0.8076, 0.8094], [0.9143, 0.9137, 0.9139, 0.914, 0.914, 0.9139, 0.9141, 0.9139, 0.9138, 0.9145, 0.9138, 0.9142, 0.9133, 0.9145, 0.9145, 0.9145, 0.9142, 0.9147, 0.915, 0.9143, 0.9141, 0.9144, 0.9134, 0.9138, 0.9135]]	
Results: 	[[0.9145, 0.915, 0.9153, 0.9147, 0.9149, 0.9155, 0.9148, 0.9165, 0.9142, 0.9143, 0.9144, 0.9144, 0.9151, 0.9148, 0.9152, 0.9155, 0.9147, 0.915, 0.916, 0.9144, 0.9137, 0.9155, 0.915, 0.9152, 0.9147, 0.9148], [0.8147, 0.8153, 0.8055, 0.8144, 0.8152, 0.8109, 0.8115, 0.8133, 0.8094, 0.82, 0.8162, 0.8134, 0.8179, 0.8114, 0.8125, 0.8124, 0.8096, 0.8128, 0.8096, 0.8146, 0.8175, 0.8161, 0.816, 0.8076, 0.8094, 0.8101], [0.9143, 0.9137, 0.9139, 0.914, 0.914, 0.9139, 0.9141, 0.9139, 0.9138, 0.9145, 0.9138, 0.9142, 0.9133, 0.9145, 0.9145, 0.9145, 0.9142, 0.9147, 0.915, 0.9143, 0.9141, 0.9144, 0.9134, 0.9138, 0.9135, 0.914]]	
Results: 	[[0.9145, 0.915, 0.9153, 0.9147, 0.9149, 0.9155, 0.9148, 0.9165, 0.9142, 0.9143, 0.9144, 0.9144, 0.9151, 0.9148, 0.9152, 0.9155, 0.9147, 0.915, 0.916, 0.9144, 0.9137, 0.9155, 0.915, 0.9152, 0.9147, 0.9148, 0.9153], [0.8147, 0.8153, 0.8055, 0.8144, 0.8152, 0.8109, 0.8115, 0.8133, 0.8094, 0.82, 0.8162, 0.8134, 0.8179, 0.8114, 0.8125, 0.8124, 0.8096, 0.8128, 0.8096, 0.8146, 0.8175, 0.8161, 0.816, 0.8076, 0.8094, 0.8101, 0.8123], [0.9143, 0.9137, 0.9139, 0.914, 0.914, 0.9139, 0.9141, 0.9139, 0.9138, 0.9145, 0.9138, 0.9142, 0.9133, 0.9145, 0.9145, 0.9145, 0.9142, 0.9147, 0.915, 0.9143, 0.9141, 0.9144, 0.9134, 0.9138, 0.9135, 0.914, 0.9142]]	
Results: 	[[0.9145, 0.915, 0.9153, 0.9147, 0.9149, 0.9155, 0.9148, 0.9165, 0.9142, 0.9143, 0.9144, 0.9144, 0.9151, 0.9148, 0.9152, 0.9155, 0.9147, 0.915, 0.916, 0.9144, 0.9137, 0.9155, 0.915, 0.9152, 0.9147, 0.9148, 0.9153, 0.915], [0.8147, 0.8153, 0.8055, 0.8144, 0.8152, 0.8109, 0.8115, 0.8133, 0.8094, 0.82, 0.8162, 0.8134, 0.8179, 0.8114, 0.8125, 0.8124, 0.8096, 0.8128, 0.8096, 0.8146, 0.8175, 0.8161, 0.816, 0.8076, 0.8094, 0.8101, 0.8123, 0.81], [0.9143, 0.9137, 0.9139, 0.914, 0.914, 0.9139, 0.9141, 0.9139, 0.9138, 0.9145, 0.9138, 0.9142, 0.9133, 0.9145, 0.9145, 0.9145, 0.9142, 0.9147, 0.915, 0.9143, 0.9141, 0.9144, 0.9134, 0.9138, 0.9135, 0.914, 0.9142, 0.9133]]	
Results: 	[[0.9145, 0.915, 0.9153, 0.9147, 0.9149, 0.9155, 0.9148, 0.9165, 0.9142, 0.9143, 0.9144, 0.9144, 0.9151, 0.9148, 0.9152, 0.9155, 0.9147, 0.915, 0.916, 0.9144, 0.9137, 0.9155, 0.915, 0.9152, 0.9147, 0.9148, 0.9153, 0.915, 0.9147], [0.8147, 0.8153, 0.8055, 0.8144, 0.8152, 0.8109, 0.8115, 0.8133, 0.8094, 0.82, 0.8162, 0.8134, 0.8179, 0.8114, 0.8125, 0.8124, 0.8096, 0.8128, 0.8096, 0.8146, 0.8175, 0.8161, 0.816, 0.8076, 0.8094, 0.8101, 0.8123, 0.81, 0.8148], [0.9143, 0.9137, 0.9139, 0.914, 0.914, 0.9139, 0.9141, 0.9139, 0.9138, 0.9145, 0.9138, 0.9142, 0.9133, 0.9145, 0.9145, 0.9145, 0.9142, 0.9147, 0.915, 0.9143, 0.9141, 0.9144, 0.9134, 0.9138, 0.9135, 0.914, 0.9142, 0.9133, 0.9154]]	
Results: 	[[0.9145, 0.915, 0.9153, 0.9147, 0.9149, 0.9155, 0.9148, 0.9165, 0.9142, 0.9143, 0.9144, 0.9144, 0.9151, 0.9148, 0.9152, 0.9155, 0.9147, 0.915, 0.916, 0.9144, 0.9137, 0.9155, 0.915, 0.9152, 0.9147, 0.9148, 0.9153, 0.915, 0.9147, 0.9146], [0.8147, 0.8153, 0.8055, 0.8144, 0.8152, 0.8109, 0.8115, 0.8133, 0.8094, 0.82, 0.8162, 0.8134, 0.8179, 0.8114, 0.8125, 0.8124, 0.8096, 0.8128, 0.8096, 0.8146, 0.8175, 0.8161, 0.816, 0.8076, 0.8094, 0.8101, 0.8123, 0.81, 0.8148, 0.8137], [0.9143, 0.9137, 0.9139, 0.914, 0.914, 0.9139, 0.9141, 0.9139, 0.9138, 0.9145, 0.9138, 0.9142, 0.9133, 0.9145, 0.9145, 0.9145, 0.9142, 0.9147, 0.915, 0.9143, 0.9141, 0.9144, 0.9134, 0.9138, 0.9135, 0.914, 0.9142, 0.9133, 0.9154, 0.9139]]
Support Sets: (Mean:0.9149233333333333, SD:0.0005537853021880858) | 	Support Sets: (Mean:0.8129366666666666, SD:0.0032469065737791942) | 	Support Sets: (Mean:0.9141033333333334, SD:0.00047159548222027624) | 	
