Results: 	[[0.811], [0.8181], [0.8079]]	
Results: 	[[0.811, 0.8157], [0.8181, 0.8187], [0.8079, 0.8015]]	
Results: 	[[0.811, 0.8157, 0.8169], [0.8181, 0.8187, 0.8132], [0.8079, 0.8015, 0.8018]]	
Results: 	[[0.811, 0.8157, 0.8169, 0.8167], [0.8181, 0.8187, 0.8132, 0.8162], [0.8079, 0.8015, 0.8018, 0.8058]]	
Results: 	[[0.811, 0.8157, 0.8169, 0.8167, 0.8167], [0.8181, 0.8187, 0.8132, 0.8162, 0.8183], [0.8079, 0.8015, 0.8018, 0.8058, 0.8063]]	
Results: 	[[0.811, 0.8157, 0.8169, 0.8167, 0.8167, 0.8142], [0.8181, 0.8187, 0.8132, 0.8162, 0.8183, 0.8182], [0.8079, 0.8015, 0.8018, 0.8058, 0.8063, 0.8034]]	
Results: 	[[0.811, 0.8157, 0.8169, 0.8167, 0.8167, 0.8142, 0.8131], [0.8181, 0.8187, 0.8132, 0.8162, 0.8183, 0.8182, 0.8161], [0.8079, 0.8015, 0.8018, 0.8058, 0.8063, 0.8034, 0.8093]]	
Results: 	[[0.811, 0.8157, 0.8169, 0.8167, 0.8167, 0.8142, 0.8131, 0.8111], [0.8181, 0.8187, 0.8132, 0.8162, 0.8183, 0.8182, 0.8161, 0.8172], [0.8079, 0.8015, 0.8018, 0.8058, 0.8063, 0.8034, 0.8093, 0.8026]]	
Results: 	[[0.811, 0.8157, 0.8169, 0.8167, 0.8167, 0.8142, 0.8131, 0.8111, 0.8094], [0.8181, 0.8187, 0.8132, 0.8162, 0.8183, 0.8182, 0.8161, 0.8172, 0.8182], [0.8079, 0.8015, 0.8018, 0.8058, 0.8063, 0.8034, 0.8093, 0.8026, 0.8064]]	
Results: 	[[0.811, 0.8157, 0.8169, 0.8167, 0.8167, 0.8142, 0.8131, 0.8111, 0.8094, 0.8111], [0.8181, 0.8187, 0.8132, 0.8162, 0.8183, 0.8182, 0.8161, 0.8172, 0.8182, 0.8167], [0.8079, 0.8015, 0.8018, 0.8058, 0.8063, 0.8034, 0.8093, 0.8026, 0.8064, 0.8055]]	
Results: 	[[0.811, 0.8157, 0.8169, 0.8167, 0.8167, 0.8142, 0.8131, 0.8111, 0.8094, 0.8111, 0.8104], [0.8181, 0.8187, 0.8132, 0.8162, 0.8183, 0.8182, 0.8161, 0.8172, 0.8182, 0.8167, 0.8178], [0.8079, 0.8015, 0.8018, 0.8058, 0.8063, 0.8034, 0.8093, 0.8026, 0.8064, 0.8055, 0.8036]]	
Results: 	[[0.811, 0.8157, 0.8169, 0.8167, 0.8167, 0.8142, 0.8131, 0.8111, 0.8094, 0.8111, 0.8104, 0.8098], [0.8181, 0.8187, 0.8132, 0.8162, 0.8183, 0.8182, 0.8161, 0.8172, 0.8182, 0.8167, 0.8178, 0.8183], [0.8079, 0.8015, 0.8018, 0.8058, 0.8063, 0.8034, 0.8093, 0.8026, 0.8064, 0.8055, 0.8036, 0.8073]]	
Results: 	[[0.811, 0.8157, 0.8169, 0.8167, 0.8167, 0.8142, 0.8131, 0.8111, 0.8094, 0.8111, 0.8104, 0.8098, 0.8074], [0.8181, 0.8187, 0.8132, 0.8162, 0.8183, 0.8182, 0.8161, 0.8172, 0.8182, 0.8167, 0.8178, 0.8183, 0.8151], [0.8079, 0.8015, 0.8018, 0.8058, 0.8063, 0.8034, 0.8093, 0.8026, 0.8064, 0.8055, 0.8036, 0.8073, 0.806]]	
Results: 	[[0.811, 0.8157, 0.8169, 0.8167, 0.8167, 0.8142, 0.8131, 0.8111, 0.8094, 0.8111, 0.8104, 0.8098, 0.8074, 0.8143], [0.8181, 0.8187, 0.8132, 0.8162, 0.8183, 0.8182, 0.8161, 0.8172, 0.8182, 0.8167, 0.8178, 0.8183, 0.8151, 0.8192], [0.8079, 0.8015, 0.8018, 0.8058, 0.8063, 0.8034, 0.8093, 0.8026, 0.8064, 0.8055, 0.8036, 0.8073, 0.806, 0.8068]]	
Results: 	[[0.811, 0.8157, 0.8169, 0.8167, 0.8167, 0.8142, 0.8131, 0.8111, 0.8094, 0.8111, 0.8104, 0.8098, 0.8074, 0.8143, 0.8148], [0.8181, 0.8187, 0.8132, 0.8162, 0.8183, 0.8182, 0.8161, 0.8172, 0.8182, 0.8167, 0.8178, 0.8183, 0.8151, 0.8192, 0.8167], [0.8079, 0.8015, 0.8018, 0.8058, 0.8063, 0.8034, 0.8093, 0.8026, 0.8064, 0.8055, 0.8036, 0.8073, 0.806, 0.8068, 0.8015]]	
Results: 	[[0.811, 0.8157, 0.8169, 0.8167, 0.8167, 0.8142, 0.8131, 0.8111, 0.8094, 0.8111, 0.8104, 0.8098, 0.8074, 0.8143, 0.8148, 0.8134], [0.8181, 0.8187, 0.8132, 0.8162, 0.8183, 0.8182, 0.8161, 0.8172, 0.8182, 0.8167, 0.8178, 0.8183, 0.8151, 0.8192, 0.8167, 0.8196], [0.8079, 0.8015, 0.8018, 0.8058, 0.8063, 0.8034, 0.8093, 0.8026, 0.8064, 0.8055, 0.8036, 0.8073, 0.806, 0.8068, 0.8015, 0.8055]]	
Results: 	[[0.811, 0.8157, 0.8169, 0.8167, 0.8167, 0.8142, 0.8131, 0.8111, 0.8094, 0.8111, 0.8104, 0.8098, 0.8074, 0.8143, 0.8148, 0.8134, 0.8115], [0.8181, 0.8187, 0.8132, 0.8162, 0.8183, 0.8182, 0.8161, 0.8172, 0.8182, 0.8167, 0.8178, 0.8183, 0.8151, 0.8192, 0.8167, 0.8196, 0.818], [0.8079, 0.8015, 0.8018, 0.8058, 0.8063, 0.8034, 0.8093, 0.8026, 0.8064, 0.8055, 0.8036, 0.8073, 0.806, 0.8068, 0.8015, 0.8055, 0.8038]]	
Results: 	[[0.811, 0.8157, 0.8169, 0.8167, 0.8167, 0.8142, 0.8131, 0.8111, 0.8094, 0.8111, 0.8104, 0.8098, 0.8074, 0.8143, 0.8148, 0.8134, 0.8115, 0.8177], [0.8181, 0.8187, 0.8132, 0.8162, 0.8183, 0.8182, 0.8161, 0.8172, 0.8182, 0.8167, 0.8178, 0.8183, 0.8151, 0.8192, 0.8167, 0.8196, 0.818, 0.8176], [0.8079, 0.8015, 0.8018, 0.8058, 0.8063, 0.8034, 0.8093, 0.8026, 0.8064, 0.8055, 0.8036, 0.8073, 0.806, 0.8068, 0.8015, 0.8055, 0.8038, 0.8091]]	
Results: 	[[0.811, 0.8157, 0.8169, 0.8167, 0.8167, 0.8142, 0.8131, 0.8111, 0.8094, 0.8111, 0.8104, 0.8098, 0.8074, 0.8143, 0.8148, 0.8134, 0.8115, 0.8177, 0.8161], [0.8181, 0.8187, 0.8132, 0.8162, 0.8183, 0.8182, 0.8161, 0.8172, 0.8182, 0.8167, 0.8178, 0.8183, 0.8151, 0.8192, 0.8167, 0.8196, 0.818, 0.8176, 0.8194], [0.8079, 0.8015, 0.8018, 0.8058, 0.8063, 0.8034, 0.8093, 0.8026, 0.8064, 0.8055, 0.8036, 0.8073, 0.806, 0.8068, 0.8015, 0.8055, 0.8038, 0.8091, 0.805]]	
Results: 	[[0.811, 0.8157, 0.8169, 0.8167, 0.8167, 0.8142, 0.8131, 0.8111, 0.8094, 0.8111, 0.8104, 0.8098, 0.8074, 0.8143, 0.8148, 0.8134, 0.8115, 0.8177, 0.8161, 0.8138], [0.8181, 0.8187, 0.8132, 0.8162, 0.8183, 0.8182, 0.8161, 0.8172, 0.8182, 0.8167, 0.8178, 0.8183, 0.8151, 0.8192, 0.8167, 0.8196, 0.818, 0.8176, 0.8194, 0.8203], [0.8079, 0.8015, 0.8018, 0.8058, 0.8063, 0.8034, 0.8093, 0.8026, 0.8064, 0.8055, 0.8036, 0.8073, 0.806, 0.8068, 0.8015, 0.8055, 0.8038, 0.8091, 0.805, 0.8064]]	
Results: 	[[0.811, 0.8157, 0.8169, 0.8167, 0.8167, 0.8142, 0.8131, 0.8111, 0.8094, 0.8111, 0.8104, 0.8098, 0.8074, 0.8143, 0.8148, 0.8134, 0.8115, 0.8177, 0.8161, 0.8138, 0.8143], [0.8181, 0.8187, 0.8132, 0.8162, 0.8183, 0.8182, 0.8161, 0.8172, 0.8182, 0.8167, 0.8178, 0.8183, 0.8151, 0.8192, 0.8167, 0.8196, 0.818, 0.8176, 0.8194, 0.8203, 0.8237], [0.8079, 0.8015, 0.8018, 0.8058, 0.8063, 0.8034, 0.8093, 0.8026, 0.8064, 0.8055, 0.8036, 0.8073, 0.806, 0.8068, 0.8015, 0.8055, 0.8038, 0.8091, 0.805, 0.8064, 0.8081]]	
Results: 	[[0.811, 0.8157, 0.8169, 0.8167, 0.8167, 0.8142, 0.8131, 0.8111, 0.8094, 0.8111, 0.8104, 0.8098, 0.8074, 0.8143, 0.8148, 0.8134, 0.8115, 0.8177, 0.8161, 0.8138, 0.8143, 0.8149], [0.8181, 0.8187, 0.8132, 0.8162, 0.8183, 0.8182, 0.8161, 0.8172, 0.8182, 0.8167, 0.8178, 0.8183, 0.8151, 0.8192, 0.8167, 0.8196, 0.818, 0.8176, 0.8194, 0.8203, 0.8237, 0.8162], [0.8079, 0.8015, 0.8018, 0.8058, 0.8063, 0.8034, 0.8093, 0.8026, 0.8064, 0.8055, 0.8036, 0.8073, 0.806, 0.8068, 0.8015, 0.8055, 0.8038, 0.8091, 0.805, 0.8064, 0.8081, 0.8061]]	
Results: 	[[0.811, 0.8157, 0.8169, 0.8167, 0.8167, 0.8142, 0.8131, 0.8111, 0.8094, 0.8111, 0.8104, 0.8098, 0.8074, 0.8143, 0.8148, 0.8134, 0.8115, 0.8177, 0.8161, 0.8138, 0.8143, 0.8149, 0.8182], [0.8181, 0.8187, 0.8132, 0.8162, 0.8183, 0.8182, 0.8161, 0.8172, 0.8182, 0.8167, 0.8178, 0.8183, 0.8151, 0.8192, 0.8167, 0.8196, 0.818, 0.8176, 0.8194, 0.8203, 0.8237, 0.8162, 0.8193], [0.8079, 0.8015, 0.8018, 0.8058, 0.8063, 0.8034, 0.8093, 0.8026, 0.8064, 0.8055, 0.8036, 0.8073, 0.806, 0.8068, 0.8015, 0.8055, 0.8038, 0.8091, 0.805, 0.8064, 0.8081, 0.8061, 0.8084]]	
Results: 	[[0.811, 0.8157, 0.8169, 0.8167, 0.8167, 0.8142, 0.8131, 0.8111, 0.8094, 0.8111, 0.8104, 0.8098, 0.8074, 0.8143, 0.8148, 0.8134, 0.8115, 0.8177, 0.8161, 0.8138, 0.8143, 0.8149, 0.8182, 0.8125], [0.8181, 0.8187, 0.8132, 0.8162, 0.8183, 0.8182, 0.8161, 0.8172, 0.8182, 0.8167, 0.8178, 0.8183, 0.8151, 0.8192, 0.8167, 0.8196, 0.818, 0.8176, 0.8194, 0.8203, 0.8237, 0.8162, 0.8193, 0.8189], [0.8079, 0.8015, 0.8018, 0.8058, 0.8063, 0.8034, 0.8093, 0.8026, 0.8064, 0.8055, 0.8036, 0.8073, 0.806, 0.8068, 0.8015, 0.8055, 0.8038, 0.8091, 0.805, 0.8064, 0.8081, 0.8061, 0.8084, 0.8085]]	
Results: 	[[0.811, 0.8157, 0.8169, 0.8167, 0.8167, 0.8142, 0.8131, 0.8111, 0.8094, 0.8111, 0.8104, 0.8098, 0.8074, 0.8143, 0.8148, 0.8134, 0.8115, 0.8177, 0.8161, 0.8138, 0.8143, 0.8149, 0.8182, 0.8125, 0.8146], [0.8181, 0.8187, 0.8132, 0.8162, 0.8183, 0.8182, 0.8161, 0.8172, 0.8182, 0.8167, 0.8178, 0.8183, 0.8151, 0.8192, 0.8167, 0.8196, 0.818, 0.8176, 0.8194, 0.8203, 0.8237, 0.8162, 0.8193, 0.8189, 0.8179], [0.8079, 0.8015, 0.8018, 0.8058, 0.8063, 0.8034, 0.8093, 0.8026, 0.8064, 0.8055, 0.8036, 0.8073, 0.806, 0.8068, 0.8015, 0.8055, 0.8038, 0.8091, 0.805, 0.8064, 0.8081, 0.8061, 0.8084, 0.8085, 0.8071]]	
Results: 	[[0.811, 0.8157, 0.8169, 0.8167, 0.8167, 0.8142, 0.8131, 0.8111, 0.8094, 0.8111, 0.8104, 0.8098, 0.8074, 0.8143, 0.8148, 0.8134, 0.8115, 0.8177, 0.8161, 0.8138, 0.8143, 0.8149, 0.8182, 0.8125, 0.8146, 0.8144], [0.8181, 0.8187, 0.8132, 0.8162, 0.8183, 0.8182, 0.8161, 0.8172, 0.8182, 0.8167, 0.8178, 0.8183, 0.8151, 0.8192, 0.8167, 0.8196, 0.818, 0.8176, 0.8194, 0.8203, 0.8237, 0.8162, 0.8193, 0.8189, 0.8179, 0.8173], [0.8079, 0.8015, 0.8018, 0.8058, 0.8063, 0.8034, 0.8093, 0.8026, 0.8064, 0.8055, 0.8036, 0.8073, 0.806, 0.8068, 0.8015, 0.8055, 0.8038, 0.8091, 0.805, 0.8064, 0.8081, 0.8061, 0.8084, 0.8085, 0.8071, 0.8054]]	
Results: 	[[0.811, 0.8157, 0.8169, 0.8167, 0.8167, 0.8142, 0.8131, 0.8111, 0.8094, 0.8111, 0.8104, 0.8098, 0.8074, 0.8143, 0.8148, 0.8134, 0.8115, 0.8177, 0.8161, 0.8138, 0.8143, 0.8149, 0.8182, 0.8125, 0.8146, 0.8144, 0.8114], [0.8181, 0.8187, 0.8132, 0.8162, 0.8183, 0.8182, 0.8161, 0.8172, 0.8182, 0.8167, 0.8178, 0.8183, 0.8151, 0.8192, 0.8167, 0.8196, 0.818, 0.8176, 0.8194, 0.8203, 0.8237, 0.8162, 0.8193, 0.8189, 0.8179, 0.8173, 0.8196], [0.8079, 0.8015, 0.8018, 0.8058, 0.8063, 0.8034, 0.8093, 0.8026, 0.8064, 0.8055, 0.8036, 0.8073, 0.806, 0.8068, 0.8015, 0.8055, 0.8038, 0.8091, 0.805, 0.8064, 0.8081, 0.8061, 0.8084, 0.8085, 0.8071, 0.8054, 0.8068]]	
Results: 	[[0.811, 0.8157, 0.8169, 0.8167, 0.8167, 0.8142, 0.8131, 0.8111, 0.8094, 0.8111, 0.8104, 0.8098, 0.8074, 0.8143, 0.8148, 0.8134, 0.8115, 0.8177, 0.8161, 0.8138, 0.8143, 0.8149, 0.8182, 0.8125, 0.8146, 0.8144, 0.8114, 0.8086], [0.8181, 0.8187, 0.8132, 0.8162, 0.8183, 0.8182, 0.8161, 0.8172, 0.8182, 0.8167, 0.8178, 0.8183, 0.8151, 0.8192, 0.8167, 0.8196, 0.818, 0.8176, 0.8194, 0.8203, 0.8237, 0.8162, 0.8193, 0.8189, 0.8179, 0.8173, 0.8196, 0.8154], [0.8079, 0.8015, 0.8018, 0.8058, 0.8063, 0.8034, 0.8093, 0.8026, 0.8064, 0.8055, 0.8036, 0.8073, 0.806, 0.8068, 0.8015, 0.8055, 0.8038, 0.8091, 0.805, 0.8064, 0.8081, 0.8061, 0.8084, 0.8085, 0.8071, 0.8054, 0.8068, 0.8077]]	
Results: 	[[0.811, 0.8157, 0.8169, 0.8167, 0.8167, 0.8142, 0.8131, 0.8111, 0.8094, 0.8111, 0.8104, 0.8098, 0.8074, 0.8143, 0.8148, 0.8134, 0.8115, 0.8177, 0.8161, 0.8138, 0.8143, 0.8149, 0.8182, 0.8125, 0.8146, 0.8144, 0.8114, 0.8086, 0.8152], [0.8181, 0.8187, 0.8132, 0.8162, 0.8183, 0.8182, 0.8161, 0.8172, 0.8182, 0.8167, 0.8178, 0.8183, 0.8151, 0.8192, 0.8167, 0.8196, 0.818, 0.8176, 0.8194, 0.8203, 0.8237, 0.8162, 0.8193, 0.8189, 0.8179, 0.8173, 0.8196, 0.8154, 0.8186], [0.8079, 0.8015, 0.8018, 0.8058, 0.8063, 0.8034, 0.8093, 0.8026, 0.8064, 0.8055, 0.8036, 0.8073, 0.806, 0.8068, 0.8015, 0.8055, 0.8038, 0.8091, 0.805, 0.8064, 0.8081, 0.8061, 0.8084, 0.8085, 0.8071, 0.8054, 0.8068, 0.8077, 0.8054]]	
Results: 	[[0.811, 0.8157, 0.8169, 0.8167, 0.8167, 0.8142, 0.8131, 0.8111, 0.8094, 0.8111, 0.8104, 0.8098, 0.8074, 0.8143, 0.8148, 0.8134, 0.8115, 0.8177, 0.8161, 0.8138, 0.8143, 0.8149, 0.8182, 0.8125, 0.8146, 0.8144, 0.8114, 0.8086, 0.8152, 0.8089], [0.8181, 0.8187, 0.8132, 0.8162, 0.8183, 0.8182, 0.8161, 0.8172, 0.8182, 0.8167, 0.8178, 0.8183, 0.8151, 0.8192, 0.8167, 0.8196, 0.818, 0.8176, 0.8194, 0.8203, 0.8237, 0.8162, 0.8193, 0.8189, 0.8179, 0.8173, 0.8196, 0.8154, 0.8186, 0.8182], [0.8079, 0.8015, 0.8018, 0.8058, 0.8063, 0.8034, 0.8093, 0.8026, 0.8064, 0.8055, 0.8036, 0.8073, 0.806, 0.8068, 0.8015, 0.8055, 0.8038, 0.8091, 0.805, 0.8064, 0.8081, 0.8061, 0.8084, 0.8085, 0.8071, 0.8054, 0.8068, 0.8077, 0.8054, 0.8061]]
Support Sets: (Mean:0.81327, SD:0.002888998155905881) | 	Support Sets: (Mean:0.8179333333333334, SD:0.0018831985507665318) | 	Support Sets: (Mean:0.8058366666666666, SD:0.0021699329932977976) | 	
