Results: 	[[0.7035], [0.6793], [0.7153], [0.7189], [0.6324], [0.7404]]	
Results: 	[[0.7035, 0.7079], [0.6793, 0.6783], [0.7153, 0.7084], [0.7189, 0.7233], [0.6324, 0.6332], [0.7404, 0.7354]]	
Results: 	[[0.7035, 0.7079, 0.7092], [0.6793, 0.6783, 0.6862], [0.7153, 0.7084, 0.7092], [0.7189, 0.7233, 0.7247], [0.6324, 0.6332, 0.6494], [0.7404, 0.7354, 0.739]]	
Results: 	[[0.7035, 0.7079, 0.7092, 0.7078], [0.6793, 0.6783, 0.6862, 0.6757], [0.7153, 0.7084, 0.7092, 0.7098], [0.7189, 0.7233, 0.7247, 0.7175], [0.6324, 0.6332, 0.6494, 0.6354], [0.7404, 0.7354, 0.739, 0.7402]]	
Results: 	[[0.7035, 0.7079, 0.7092, 0.7078, 0.709], [0.6793, 0.6783, 0.6862, 0.6757, 0.6875], [0.7153, 0.7084, 0.7092, 0.7098, 0.7117], [0.7189, 0.7233, 0.7247, 0.7175, 0.7233], [0.6324, 0.6332, 0.6494, 0.6354, 0.641], [0.7404, 0.7354, 0.739, 0.7402, 0.7361]]	
Results: 	[[0.7035, 0.7079, 0.7092, 0.7078, 0.709, 0.7072], [0.6793, 0.6783, 0.6862, 0.6757, 0.6875, 0.6843], [0.7153, 0.7084, 0.7092, 0.7098, 0.7117, 0.7065], [0.7189, 0.7233, 0.7247, 0.7175, 0.7233, 0.7225], [0.6324, 0.6332, 0.6494, 0.6354, 0.641, 0.6365], [0.7404, 0.7354, 0.739, 0.7402, 0.7361, 0.7374]]	
Results: 	[[0.7035, 0.7079, 0.7092, 0.7078, 0.709, 0.7072, 0.7069], [0.6793, 0.6783, 0.6862, 0.6757, 0.6875, 0.6843, 0.6888], [0.7153, 0.7084, 0.7092, 0.7098, 0.7117, 0.7065, 0.705], [0.7189, 0.7233, 0.7247, 0.7175, 0.7233, 0.7225, 0.724], [0.6324, 0.6332, 0.6494, 0.6354, 0.641, 0.6365, 0.6283], [0.7404, 0.7354, 0.739, 0.7402, 0.7361, 0.7374, 0.7402]]	
Results: 	[[0.7035, 0.7079, 0.7092, 0.7078, 0.709, 0.7072, 0.7069, 0.7043], [0.6793, 0.6783, 0.6862, 0.6757, 0.6875, 0.6843, 0.6888, 0.6783], [0.7153, 0.7084, 0.7092, 0.7098, 0.7117, 0.7065, 0.705, 0.7093], [0.7189, 0.7233, 0.7247, 0.7175, 0.7233, 0.7225, 0.724, 0.7233], [0.6324, 0.6332, 0.6494, 0.6354, 0.641, 0.6365, 0.6283, 0.6373], [0.7404, 0.7354, 0.739, 0.7402, 0.7361, 0.7374, 0.7402, 0.7395]]	
Results: 	[[0.7035, 0.7079, 0.7092, 0.7078, 0.709, 0.7072, 0.7069, 0.7043, 0.7055], [0.6793, 0.6783, 0.6862, 0.6757, 0.6875, 0.6843, 0.6888, 0.6783, 0.6821], [0.7153, 0.7084, 0.7092, 0.7098, 0.7117, 0.7065, 0.705, 0.7093, 0.7094], [0.7189, 0.7233, 0.7247, 0.7175, 0.7233, 0.7225, 0.724, 0.7233, 0.7225], [0.6324, 0.6332, 0.6494, 0.6354, 0.641, 0.6365, 0.6283, 0.6373, 0.6299], [0.7404, 0.7354, 0.739, 0.7402, 0.7361, 0.7374, 0.7402, 0.7395, 0.7375]]	
Results: 	[[0.7035, 0.7079, 0.7092, 0.7078, 0.709, 0.7072, 0.7069, 0.7043, 0.7055, 0.7112], [0.6793, 0.6783, 0.6862, 0.6757, 0.6875, 0.6843, 0.6888, 0.6783, 0.6821, 0.6726], [0.7153, 0.7084, 0.7092, 0.7098, 0.7117, 0.7065, 0.705, 0.7093, 0.7094, 0.7098], [0.7189, 0.7233, 0.7247, 0.7175, 0.7233, 0.7225, 0.724, 0.7233, 0.7225, 0.7211], [0.6324, 0.6332, 0.6494, 0.6354, 0.641, 0.6365, 0.6283, 0.6373, 0.6299, 0.6391], [0.7404, 0.7354, 0.739, 0.7402, 0.7361, 0.7374, 0.7402, 0.7395, 0.7375, 0.7429]]	
Results: 	[[0.7035, 0.7079, 0.7092, 0.7078, 0.709, 0.7072, 0.7069, 0.7043, 0.7055, 0.7112, 0.7097], [0.6793, 0.6783, 0.6862, 0.6757, 0.6875, 0.6843, 0.6888, 0.6783, 0.6821, 0.6726, 0.6879], [0.7153, 0.7084, 0.7092, 0.7098, 0.7117, 0.7065, 0.705, 0.7093, 0.7094, 0.7098, 0.7021], [0.7189, 0.7233, 0.7247, 0.7175, 0.7233, 0.7225, 0.724, 0.7233, 0.7225, 0.7211, 0.7247], [0.6324, 0.6332, 0.6494, 0.6354, 0.641, 0.6365, 0.6283, 0.6373, 0.6299, 0.6391, 0.6429], [0.7404, 0.7354, 0.739, 0.7402, 0.7361, 0.7374, 0.7402, 0.7395, 0.7375, 0.7429, 0.7339]]	
Results: 	[[0.7035, 0.7079, 0.7092, 0.7078, 0.709, 0.7072, 0.7069, 0.7043, 0.7055, 0.7112, 0.7097, 0.7062], [0.6793, 0.6783, 0.6862, 0.6757, 0.6875, 0.6843, 0.6888, 0.6783, 0.6821, 0.6726, 0.6879, 0.6765], [0.7153, 0.7084, 0.7092, 0.7098, 0.7117, 0.7065, 0.705, 0.7093, 0.7094, 0.7098, 0.7021, 0.7119], [0.7189, 0.7233, 0.7247, 0.7175, 0.7233, 0.7225, 0.724, 0.7233, 0.7225, 0.7211, 0.7247, 0.7261], [0.6324, 0.6332, 0.6494, 0.6354, 0.641, 0.6365, 0.6283, 0.6373, 0.6299, 0.6391, 0.6429, 0.6228], [0.7404, 0.7354, 0.739, 0.7402, 0.7361, 0.7374, 0.7402, 0.7395, 0.7375, 0.7429, 0.7339, 0.7401]]	
Results: 	[[0.7035, 0.7079, 0.7092, 0.7078, 0.709, 0.7072, 0.7069, 0.7043, 0.7055, 0.7112, 0.7097, 0.7062, 0.7085], [0.6793, 0.6783, 0.6862, 0.6757, 0.6875, 0.6843, 0.6888, 0.6783, 0.6821, 0.6726, 0.6879, 0.6765, 0.6818], [0.7153, 0.7084, 0.7092, 0.7098, 0.7117, 0.7065, 0.705, 0.7093, 0.7094, 0.7098, 0.7021, 0.7119, 0.7125], [0.7189, 0.7233, 0.7247, 0.7175, 0.7233, 0.7225, 0.724, 0.7233, 0.7225, 0.7211, 0.7247, 0.7261, 0.7197], [0.6324, 0.6332, 0.6494, 0.6354, 0.641, 0.6365, 0.6283, 0.6373, 0.6299, 0.6391, 0.6429, 0.6228, 0.6315], [0.7404, 0.7354, 0.739, 0.7402, 0.7361, 0.7374, 0.7402, 0.7395, 0.7375, 0.7429, 0.7339, 0.7401, 0.7417]]	
Results: 	[[0.7035, 0.7079, 0.7092, 0.7078, 0.709, 0.7072, 0.7069, 0.7043, 0.7055, 0.7112, 0.7097, 0.7062, 0.7085, 0.7098], [0.6793, 0.6783, 0.6862, 0.6757, 0.6875, 0.6843, 0.6888, 0.6783, 0.6821, 0.6726, 0.6879, 0.6765, 0.6818, 0.68], [0.7153, 0.7084, 0.7092, 0.7098, 0.7117, 0.7065, 0.705, 0.7093, 0.7094, 0.7098, 0.7021, 0.7119, 0.7125, 0.7086], [0.7189, 0.7233, 0.7247, 0.7175, 0.7233, 0.7225, 0.724, 0.7233, 0.7225, 0.7211, 0.7247, 0.7261, 0.7197, 0.7168], [0.6324, 0.6332, 0.6494, 0.6354, 0.641, 0.6365, 0.6283, 0.6373, 0.6299, 0.6391, 0.6429, 0.6228, 0.6315, 0.6252], [0.7404, 0.7354, 0.739, 0.7402, 0.7361, 0.7374, 0.7402, 0.7395, 0.7375, 0.7429, 0.7339, 0.7401, 0.7417, 0.7353]]	
Results: 	[[0.7035, 0.7079, 0.7092, 0.7078, 0.709, 0.7072, 0.7069, 0.7043, 0.7055, 0.7112, 0.7097, 0.7062, 0.7085, 0.7098, 0.7077], [0.6793, 0.6783, 0.6862, 0.6757, 0.6875, 0.6843, 0.6888, 0.6783, 0.6821, 0.6726, 0.6879, 0.6765, 0.6818, 0.68, 0.6866], [0.7153, 0.7084, 0.7092, 0.7098, 0.7117, 0.7065, 0.705, 0.7093, 0.7094, 0.7098, 0.7021, 0.7119, 0.7125, 0.7086, 0.7092], [0.7189, 0.7233, 0.7247, 0.7175, 0.7233, 0.7225, 0.724, 0.7233, 0.7225, 0.7211, 0.7247, 0.7261, 0.7197, 0.7168, 0.7204], [0.6324, 0.6332, 0.6494, 0.6354, 0.641, 0.6365, 0.6283, 0.6373, 0.6299, 0.6391, 0.6429, 0.6228, 0.6315, 0.6252, 0.6304], [0.7404, 0.7354, 0.739, 0.7402, 0.7361, 0.7374, 0.7402, 0.7395, 0.7375, 0.7429, 0.7339, 0.7401, 0.7417, 0.7353, 0.7437]]	
Results: 	[[0.7035, 0.7079, 0.7092, 0.7078, 0.709, 0.7072, 0.7069, 0.7043, 0.7055, 0.7112, 0.7097, 0.7062, 0.7085, 0.7098, 0.7077, 0.7055], [0.6793, 0.6783, 0.6862, 0.6757, 0.6875, 0.6843, 0.6888, 0.6783, 0.6821, 0.6726, 0.6879, 0.6765, 0.6818, 0.68, 0.6866, 0.6869], [0.7153, 0.7084, 0.7092, 0.7098, 0.7117, 0.7065, 0.705, 0.7093, 0.7094, 0.7098, 0.7021, 0.7119, 0.7125, 0.7086, 0.7092, 0.7153], [0.7189, 0.7233, 0.7247, 0.7175, 0.7233, 0.7225, 0.724, 0.7233, 0.7225, 0.7211, 0.7247, 0.7261, 0.7197, 0.7168, 0.7204, 0.721], [0.6324, 0.6332, 0.6494, 0.6354, 0.641, 0.6365, 0.6283, 0.6373, 0.6299, 0.6391, 0.6429, 0.6228, 0.6315, 0.6252, 0.6304, 0.6387], [0.7404, 0.7354, 0.739, 0.7402, 0.7361, 0.7374, 0.7402, 0.7395, 0.7375, 0.7429, 0.7339, 0.7401, 0.7417, 0.7353, 0.7437, 0.7354]]	
Results: 	[[0.7035, 0.7079, 0.7092, 0.7078, 0.709, 0.7072, 0.7069, 0.7043, 0.7055, 0.7112, 0.7097, 0.7062, 0.7085, 0.7098, 0.7077, 0.7055, 0.7098], [0.6793, 0.6783, 0.6862, 0.6757, 0.6875, 0.6843, 0.6888, 0.6783, 0.6821, 0.6726, 0.6879, 0.6765, 0.6818, 0.68, 0.6866, 0.6869, 0.6936], [0.7153, 0.7084, 0.7092, 0.7098, 0.7117, 0.7065, 0.705, 0.7093, 0.7094, 0.7098, 0.7021, 0.7119, 0.7125, 0.7086, 0.7092, 0.7153, 0.7091], [0.7189, 0.7233, 0.7247, 0.7175, 0.7233, 0.7225, 0.724, 0.7233, 0.7225, 0.7211, 0.7247, 0.7261, 0.7197, 0.7168, 0.7204, 0.721, 0.7232], [0.6324, 0.6332, 0.6494, 0.6354, 0.641, 0.6365, 0.6283, 0.6373, 0.6299, 0.6391, 0.6429, 0.6228, 0.6315, 0.6252, 0.6304, 0.6387, 0.6246], [0.7404, 0.7354, 0.739, 0.7402, 0.7361, 0.7374, 0.7402, 0.7395, 0.7375, 0.7429, 0.7339, 0.7401, 0.7417, 0.7353, 0.7437, 0.7354, 0.7375]]	
Results: 	[[0.7035, 0.7079, 0.7092, 0.7078, 0.709, 0.7072, 0.7069, 0.7043, 0.7055, 0.7112, 0.7097, 0.7062, 0.7085, 0.7098, 0.7077, 0.7055, 0.7098, 0.703], [0.6793, 0.6783, 0.6862, 0.6757, 0.6875, 0.6843, 0.6888, 0.6783, 0.6821, 0.6726, 0.6879, 0.6765, 0.6818, 0.68, 0.6866, 0.6869, 0.6936, 0.6899], [0.7153, 0.7084, 0.7092, 0.7098, 0.7117, 0.7065, 0.705, 0.7093, 0.7094, 0.7098, 0.7021, 0.7119, 0.7125, 0.7086, 0.7092, 0.7153, 0.7091, 0.7065], [0.7189, 0.7233, 0.7247, 0.7175, 0.7233, 0.7225, 0.724, 0.7233, 0.7225, 0.7211, 0.7247, 0.7261, 0.7197, 0.7168, 0.7204, 0.721, 0.7232, 0.724], [0.6324, 0.6332, 0.6494, 0.6354, 0.641, 0.6365, 0.6283, 0.6373, 0.6299, 0.6391, 0.6429, 0.6228, 0.6315, 0.6252, 0.6304, 0.6387, 0.6246, 0.6347], [0.7404, 0.7354, 0.739, 0.7402, 0.7361, 0.7374, 0.7402, 0.7395, 0.7375, 0.7429, 0.7339, 0.7401, 0.7417, 0.7353, 0.7437, 0.7354, 0.7375, 0.7396]]	
Results: 	[[0.7035, 0.7079, 0.7092, 0.7078, 0.709, 0.7072, 0.7069, 0.7043, 0.7055, 0.7112, 0.7097, 0.7062, 0.7085, 0.7098, 0.7077, 0.7055, 0.7098, 0.703, 0.7099], [0.6793, 0.6783, 0.6862, 0.6757, 0.6875, 0.6843, 0.6888, 0.6783, 0.6821, 0.6726, 0.6879, 0.6765, 0.6818, 0.68, 0.6866, 0.6869, 0.6936, 0.6899, 0.6917], [0.7153, 0.7084, 0.7092, 0.7098, 0.7117, 0.7065, 0.705, 0.7093, 0.7094, 0.7098, 0.7021, 0.7119, 0.7125, 0.7086, 0.7092, 0.7153, 0.7091, 0.7065, 0.7098], [0.7189, 0.7233, 0.7247, 0.7175, 0.7233, 0.7225, 0.724, 0.7233, 0.7225, 0.7211, 0.7247, 0.7261, 0.7197, 0.7168, 0.7204, 0.721, 0.7232, 0.724, 0.7196], [0.6324, 0.6332, 0.6494, 0.6354, 0.641, 0.6365, 0.6283, 0.6373, 0.6299, 0.6391, 0.6429, 0.6228, 0.6315, 0.6252, 0.6304, 0.6387, 0.6246, 0.6347, 0.6367], [0.7404, 0.7354, 0.739, 0.7402, 0.7361, 0.7374, 0.7402, 0.7395, 0.7375, 0.7429, 0.7339, 0.7401, 0.7417, 0.7353, 0.7437, 0.7354, 0.7375, 0.7396, 0.7389]]	
Results: 	[[0.7035, 0.7079, 0.7092, 0.7078, 0.709, 0.7072, 0.7069, 0.7043, 0.7055, 0.7112, 0.7097, 0.7062, 0.7085, 0.7098, 0.7077, 0.7055, 0.7098, 0.703, 0.7099, 0.7078], [0.6793, 0.6783, 0.6862, 0.6757, 0.6875, 0.6843, 0.6888, 0.6783, 0.6821, 0.6726, 0.6879, 0.6765, 0.6818, 0.68, 0.6866, 0.6869, 0.6936, 0.6899, 0.6917, 0.6765], [0.7153, 0.7084, 0.7092, 0.7098, 0.7117, 0.7065, 0.705, 0.7093, 0.7094, 0.7098, 0.7021, 0.7119, 0.7125, 0.7086, 0.7092, 0.7153, 0.7091, 0.7065, 0.7098, 0.7131], [0.7189, 0.7233, 0.7247, 0.7175, 0.7233, 0.7225, 0.724, 0.7233, 0.7225, 0.7211, 0.7247, 0.7261, 0.7197, 0.7168, 0.7204, 0.721, 0.7232, 0.724, 0.7196, 0.7197], [0.6324, 0.6332, 0.6494, 0.6354, 0.641, 0.6365, 0.6283, 0.6373, 0.6299, 0.6391, 0.6429, 0.6228, 0.6315, 0.6252, 0.6304, 0.6387, 0.6246, 0.6347, 0.6367, 0.6351], [0.7404, 0.7354, 0.739, 0.7402, 0.7361, 0.7374, 0.7402, 0.7395, 0.7375, 0.7429, 0.7339, 0.7401, 0.7417, 0.7353, 0.7437, 0.7354, 0.7375, 0.7396, 0.7389, 0.7405]]	
Results: 	[[0.7035, 0.7079, 0.7092, 0.7078, 0.709, 0.7072, 0.7069, 0.7043, 0.7055, 0.7112, 0.7097, 0.7062, 0.7085, 0.7098, 0.7077, 0.7055, 0.7098, 0.703, 0.7099, 0.7078, 0.707], [0.6793, 0.6783, 0.6862, 0.6757, 0.6875, 0.6843, 0.6888, 0.6783, 0.6821, 0.6726, 0.6879, 0.6765, 0.6818, 0.68, 0.6866, 0.6869, 0.6936, 0.6899, 0.6917, 0.6765, 0.6788], [0.7153, 0.7084, 0.7092, 0.7098, 0.7117, 0.7065, 0.705, 0.7093, 0.7094, 0.7098, 0.7021, 0.7119, 0.7125, 0.7086, 0.7092, 0.7153, 0.7091, 0.7065, 0.7098, 0.7131, 0.7078], [0.7189, 0.7233, 0.7247, 0.7175, 0.7233, 0.7225, 0.724, 0.7233, 0.7225, 0.7211, 0.7247, 0.7261, 0.7197, 0.7168, 0.7204, 0.721, 0.7232, 0.724, 0.7196, 0.7197, 0.7239], [0.6324, 0.6332, 0.6494, 0.6354, 0.641, 0.6365, 0.6283, 0.6373, 0.6299, 0.6391, 0.6429, 0.6228, 0.6315, 0.6252, 0.6304, 0.6387, 0.6246, 0.6347, 0.6367, 0.6351, 0.6359], [0.7404, 0.7354, 0.739, 0.7402, 0.7361, 0.7374, 0.7402, 0.7395, 0.7375, 0.7429, 0.7339, 0.7401, 0.7417, 0.7353, 0.7437, 0.7354, 0.7375, 0.7396, 0.7389, 0.7405, 0.7438]]	
Results: 	[[0.7035, 0.7079, 0.7092, 0.7078, 0.709, 0.7072, 0.7069, 0.7043, 0.7055, 0.7112, 0.7097, 0.7062, 0.7085, 0.7098, 0.7077, 0.7055, 0.7098, 0.703, 0.7099, 0.7078, 0.707, 0.7082], [0.6793, 0.6783, 0.6862, 0.6757, 0.6875, 0.6843, 0.6888, 0.6783, 0.6821, 0.6726, 0.6879, 0.6765, 0.6818, 0.68, 0.6866, 0.6869, 0.6936, 0.6899, 0.6917, 0.6765, 0.6788, 0.6923], [0.7153, 0.7084, 0.7092, 0.7098, 0.7117, 0.7065, 0.705, 0.7093, 0.7094, 0.7098, 0.7021, 0.7119, 0.7125, 0.7086, 0.7092, 0.7153, 0.7091, 0.7065, 0.7098, 0.7131, 0.7078, 0.7151], [0.7189, 0.7233, 0.7247, 0.7175, 0.7233, 0.7225, 0.724, 0.7233, 0.7225, 0.7211, 0.7247, 0.7261, 0.7197, 0.7168, 0.7204, 0.721, 0.7232, 0.724, 0.7196, 0.7197, 0.7239, 0.7261], [0.6324, 0.6332, 0.6494, 0.6354, 0.641, 0.6365, 0.6283, 0.6373, 0.6299, 0.6391, 0.6429, 0.6228, 0.6315, 0.6252, 0.6304, 0.6387, 0.6246, 0.6347, 0.6367, 0.6351, 0.6359, 0.6322], [0.7404, 0.7354, 0.739, 0.7402, 0.7361, 0.7374, 0.7402, 0.7395, 0.7375, 0.7429, 0.7339, 0.7401, 0.7417, 0.7353, 0.7437, 0.7354, 0.7375, 0.7396, 0.7389, 0.7405, 0.7438, 0.7382]]	
Results: 	[[0.7035, 0.7079, 0.7092, 0.7078, 0.709, 0.7072, 0.7069, 0.7043, 0.7055, 0.7112, 0.7097, 0.7062, 0.7085, 0.7098, 0.7077, 0.7055, 0.7098, 0.703, 0.7099, 0.7078, 0.707, 0.7082, 0.7097], [0.6793, 0.6783, 0.6862, 0.6757, 0.6875, 0.6843, 0.6888, 0.6783, 0.6821, 0.6726, 0.6879, 0.6765, 0.6818, 0.68, 0.6866, 0.6869, 0.6936, 0.6899, 0.6917, 0.6765, 0.6788, 0.6923, 0.6805], [0.7153, 0.7084, 0.7092, 0.7098, 0.7117, 0.7065, 0.705, 0.7093, 0.7094, 0.7098, 0.7021, 0.7119, 0.7125, 0.7086, 0.7092, 0.7153, 0.7091, 0.7065, 0.7098, 0.7131, 0.7078, 0.7151, 0.714], [0.7189, 0.7233, 0.7247, 0.7175, 0.7233, 0.7225, 0.724, 0.7233, 0.7225, 0.7211, 0.7247, 0.7261, 0.7197, 0.7168, 0.7204, 0.721, 0.7232, 0.724, 0.7196, 0.7197, 0.7239, 0.7261, 0.7203], [0.6324, 0.6332, 0.6494, 0.6354, 0.641, 0.6365, 0.6283, 0.6373, 0.6299, 0.6391, 0.6429, 0.6228, 0.6315, 0.6252, 0.6304, 0.6387, 0.6246, 0.6347, 0.6367, 0.6351, 0.6359, 0.6322, 0.629], [0.7404, 0.7354, 0.739, 0.7402, 0.7361, 0.7374, 0.7402, 0.7395, 0.7375, 0.7429, 0.7339, 0.7401, 0.7417, 0.7353, 0.7437, 0.7354, 0.7375, 0.7396, 0.7389, 0.7405, 0.7438, 0.7382, 0.7382]]	
Results: 	[[0.7035, 0.7079, 0.7092, 0.7078, 0.709, 0.7072, 0.7069, 0.7043, 0.7055, 0.7112, 0.7097, 0.7062, 0.7085, 0.7098, 0.7077, 0.7055, 0.7098, 0.703, 0.7099, 0.7078, 0.707, 0.7082, 0.7097, 0.709], [0.6793, 0.6783, 0.6862, 0.6757, 0.6875, 0.6843, 0.6888, 0.6783, 0.6821, 0.6726, 0.6879, 0.6765, 0.6818, 0.68, 0.6866, 0.6869, 0.6936, 0.6899, 0.6917, 0.6765, 0.6788, 0.6923, 0.6805, 0.6756], [0.7153, 0.7084, 0.7092, 0.7098, 0.7117, 0.7065, 0.705, 0.7093, 0.7094, 0.7098, 0.7021, 0.7119, 0.7125, 0.7086, 0.7092, 0.7153, 0.7091, 0.7065, 0.7098, 0.7131, 0.7078, 0.7151, 0.714, 0.7104], [0.7189, 0.7233, 0.7247, 0.7175, 0.7233, 0.7225, 0.724, 0.7233, 0.7225, 0.7211, 0.7247, 0.7261, 0.7197, 0.7168, 0.7204, 0.721, 0.7232, 0.724, 0.7196, 0.7197, 0.7239, 0.7261, 0.7203, 0.7247], [0.6324, 0.6332, 0.6494, 0.6354, 0.641, 0.6365, 0.6283, 0.6373, 0.6299, 0.6391, 0.6429, 0.6228, 0.6315, 0.6252, 0.6304, 0.6387, 0.6246, 0.6347, 0.6367, 0.6351, 0.6359, 0.6322, 0.629, 0.6436], [0.7404, 0.7354, 0.739, 0.7402, 0.7361, 0.7374, 0.7402, 0.7395, 0.7375, 0.7429, 0.7339, 0.7401, 0.7417, 0.7353, 0.7437, 0.7354, 0.7375, 0.7396, 0.7389, 0.7405, 0.7438, 0.7382, 0.7382, 0.7383]]	
Results: 	[[0.7035, 0.7079, 0.7092, 0.7078, 0.709, 0.7072, 0.7069, 0.7043, 0.7055, 0.7112, 0.7097, 0.7062, 0.7085, 0.7098, 0.7077, 0.7055, 0.7098, 0.703, 0.7099, 0.7078, 0.707, 0.7082, 0.7097, 0.709, 0.7096], [0.6793, 0.6783, 0.6862, 0.6757, 0.6875, 0.6843, 0.6888, 0.6783, 0.6821, 0.6726, 0.6879, 0.6765, 0.6818, 0.68, 0.6866, 0.6869, 0.6936, 0.6899, 0.6917, 0.6765, 0.6788, 0.6923, 0.6805, 0.6756, 0.6788], [0.7153, 0.7084, 0.7092, 0.7098, 0.7117, 0.7065, 0.705, 0.7093, 0.7094, 0.7098, 0.7021, 0.7119, 0.7125, 0.7086, 0.7092, 0.7153, 0.7091, 0.7065, 0.7098, 0.7131, 0.7078, 0.7151, 0.714, 0.7104, 0.7084], [0.7189, 0.7233, 0.7247, 0.7175, 0.7233, 0.7225, 0.724, 0.7233, 0.7225, 0.7211, 0.7247, 0.7261, 0.7197, 0.7168, 0.7204, 0.721, 0.7232, 0.724, 0.7196, 0.7197, 0.7239, 0.7261, 0.7203, 0.7247, 0.7252], [0.6324, 0.6332, 0.6494, 0.6354, 0.641, 0.6365, 0.6283, 0.6373, 0.6299, 0.6391, 0.6429, 0.6228, 0.6315, 0.6252, 0.6304, 0.6387, 0.6246, 0.6347, 0.6367, 0.6351, 0.6359, 0.6322, 0.629, 0.6436, 0.6298], [0.7404, 0.7354, 0.739, 0.7402, 0.7361, 0.7374, 0.7402, 0.7395, 0.7375, 0.7429, 0.7339, 0.7401, 0.7417, 0.7353, 0.7437, 0.7354, 0.7375, 0.7396, 0.7389, 0.7405, 0.7438, 0.7382, 0.7382, 0.7383, 0.739]]	
Results: 	[[0.7035, 0.7079, 0.7092, 0.7078, 0.709, 0.7072, 0.7069, 0.7043, 0.7055, 0.7112, 0.7097, 0.7062, 0.7085, 0.7098, 0.7077, 0.7055, 0.7098, 0.703, 0.7099, 0.7078, 0.707, 0.7082, 0.7097, 0.709, 0.7096, 0.7048], [0.6793, 0.6783, 0.6862, 0.6757, 0.6875, 0.6843, 0.6888, 0.6783, 0.6821, 0.6726, 0.6879, 0.6765, 0.6818, 0.68, 0.6866, 0.6869, 0.6936, 0.6899, 0.6917, 0.6765, 0.6788, 0.6923, 0.6805, 0.6756, 0.6788, 0.6814], [0.7153, 0.7084, 0.7092, 0.7098, 0.7117, 0.7065, 0.705, 0.7093, 0.7094, 0.7098, 0.7021, 0.7119, 0.7125, 0.7086, 0.7092, 0.7153, 0.7091, 0.7065, 0.7098, 0.7131, 0.7078, 0.7151, 0.714, 0.7104, 0.7084, 0.7125], [0.7189, 0.7233, 0.7247, 0.7175, 0.7233, 0.7225, 0.724, 0.7233, 0.7225, 0.7211, 0.7247, 0.7261, 0.7197, 0.7168, 0.7204, 0.721, 0.7232, 0.724, 0.7196, 0.7197, 0.7239, 0.7261, 0.7203, 0.7247, 0.7252, 0.7225], [0.6324, 0.6332, 0.6494, 0.6354, 0.641, 0.6365, 0.6283, 0.6373, 0.6299, 0.6391, 0.6429, 0.6228, 0.6315, 0.6252, 0.6304, 0.6387, 0.6246, 0.6347, 0.6367, 0.6351, 0.6359, 0.6322, 0.629, 0.6436, 0.6298, 0.6312], [0.7404, 0.7354, 0.739, 0.7402, 0.7361, 0.7374, 0.7402, 0.7395, 0.7375, 0.7429, 0.7339, 0.7401, 0.7417, 0.7353, 0.7437, 0.7354, 0.7375, 0.7396, 0.7389, 0.7405, 0.7438, 0.7382, 0.7382, 0.7383, 0.739, 0.7327]]	
Results: 	[[0.7035, 0.7079, 0.7092, 0.7078, 0.709, 0.7072, 0.7069, 0.7043, 0.7055, 0.7112, 0.7097, 0.7062, 0.7085, 0.7098, 0.7077, 0.7055, 0.7098, 0.703, 0.7099, 0.7078, 0.707, 0.7082, 0.7097, 0.709, 0.7096, 0.7048, 0.7077], [0.6793, 0.6783, 0.6862, 0.6757, 0.6875, 0.6843, 0.6888, 0.6783, 0.6821, 0.6726, 0.6879, 0.6765, 0.6818, 0.68, 0.6866, 0.6869, 0.6936, 0.6899, 0.6917, 0.6765, 0.6788, 0.6923, 0.6805, 0.6756, 0.6788, 0.6814, 0.6838], [0.7153, 0.7084, 0.7092, 0.7098, 0.7117, 0.7065, 0.705, 0.7093, 0.7094, 0.7098, 0.7021, 0.7119, 0.7125, 0.7086, 0.7092, 0.7153, 0.7091, 0.7065, 0.7098, 0.7131, 0.7078, 0.7151, 0.714, 0.7104, 0.7084, 0.7125, 0.7076], [0.7189, 0.7233, 0.7247, 0.7175, 0.7233, 0.7225, 0.724, 0.7233, 0.7225, 0.7211, 0.7247, 0.7261, 0.7197, 0.7168, 0.7204, 0.721, 0.7232, 0.724, 0.7196, 0.7197, 0.7239, 0.7261, 0.7203, 0.7247, 0.7252, 0.7225, 0.7226], [0.6324, 0.6332, 0.6494, 0.6354, 0.641, 0.6365, 0.6283, 0.6373, 0.6299, 0.6391, 0.6429, 0.6228, 0.6315, 0.6252, 0.6304, 0.6387, 0.6246, 0.6347, 0.6367, 0.6351, 0.6359, 0.6322, 0.629, 0.6436, 0.6298, 0.6312, 0.6285], [0.7404, 0.7354, 0.739, 0.7402, 0.7361, 0.7374, 0.7402, 0.7395, 0.7375, 0.7429, 0.7339, 0.7401, 0.7417, 0.7353, 0.7437, 0.7354, 0.7375, 0.7396, 0.7389, 0.7405, 0.7438, 0.7382, 0.7382, 0.7383, 0.739, 0.7327, 0.7353]]	
Results: 	[[0.7035, 0.7079, 0.7092, 0.7078, 0.709, 0.7072, 0.7069, 0.7043, 0.7055, 0.7112, 0.7097, 0.7062, 0.7085, 0.7098, 0.7077, 0.7055, 0.7098, 0.703, 0.7099, 0.7078, 0.707, 0.7082, 0.7097, 0.709, 0.7096, 0.7048, 0.7077, 0.7096], [0.6793, 0.6783, 0.6862, 0.6757, 0.6875, 0.6843, 0.6888, 0.6783, 0.6821, 0.6726, 0.6879, 0.6765, 0.6818, 0.68, 0.6866, 0.6869, 0.6936, 0.6899, 0.6917, 0.6765, 0.6788, 0.6923, 0.6805, 0.6756, 0.6788, 0.6814, 0.6838, 0.6782], [0.7153, 0.7084, 0.7092, 0.7098, 0.7117, 0.7065, 0.705, 0.7093, 0.7094, 0.7098, 0.7021, 0.7119, 0.7125, 0.7086, 0.7092, 0.7153, 0.7091, 0.7065, 0.7098, 0.7131, 0.7078, 0.7151, 0.714, 0.7104, 0.7084, 0.7125, 0.7076, 0.7144], [0.7189, 0.7233, 0.7247, 0.7175, 0.7233, 0.7225, 0.724, 0.7233, 0.7225, 0.7211, 0.7247, 0.7261, 0.7197, 0.7168, 0.7204, 0.721, 0.7232, 0.724, 0.7196, 0.7197, 0.7239, 0.7261, 0.7203, 0.7247, 0.7252, 0.7225, 0.7226, 0.7224], [0.6324, 0.6332, 0.6494, 0.6354, 0.641, 0.6365, 0.6283, 0.6373, 0.6299, 0.6391, 0.6429, 0.6228, 0.6315, 0.6252, 0.6304, 0.6387, 0.6246, 0.6347, 0.6367, 0.6351, 0.6359, 0.6322, 0.629, 0.6436, 0.6298, 0.6312, 0.6285, 0.6425], [0.7404, 0.7354, 0.739, 0.7402, 0.7361, 0.7374, 0.7402, 0.7395, 0.7375, 0.7429, 0.7339, 0.7401, 0.7417, 0.7353, 0.7437, 0.7354, 0.7375, 0.7396, 0.7389, 0.7405, 0.7438, 0.7382, 0.7382, 0.7383, 0.739, 0.7327, 0.7353, 0.7367]]	
Results: 	[[0.7035, 0.7079, 0.7092, 0.7078, 0.709, 0.7072, 0.7069, 0.7043, 0.7055, 0.7112, 0.7097, 0.7062, 0.7085, 0.7098, 0.7077, 0.7055, 0.7098, 0.703, 0.7099, 0.7078, 0.707, 0.7082, 0.7097, 0.709, 0.7096, 0.7048, 0.7077, 0.7096, 0.7111], [0.6793, 0.6783, 0.6862, 0.6757, 0.6875, 0.6843, 0.6888, 0.6783, 0.6821, 0.6726, 0.6879, 0.6765, 0.6818, 0.68, 0.6866, 0.6869, 0.6936, 0.6899, 0.6917, 0.6765, 0.6788, 0.6923, 0.6805, 0.6756, 0.6788, 0.6814, 0.6838, 0.6782, 0.6756], [0.7153, 0.7084, 0.7092, 0.7098, 0.7117, 0.7065, 0.705, 0.7093, 0.7094, 0.7098, 0.7021, 0.7119, 0.7125, 0.7086, 0.7092, 0.7153, 0.7091, 0.7065, 0.7098, 0.7131, 0.7078, 0.7151, 0.714, 0.7104, 0.7084, 0.7125, 0.7076, 0.7144, 0.7085], [0.7189, 0.7233, 0.7247, 0.7175, 0.7233, 0.7225, 0.724, 0.7233, 0.7225, 0.7211, 0.7247, 0.7261, 0.7197, 0.7168, 0.7204, 0.721, 0.7232, 0.724, 0.7196, 0.7197, 0.7239, 0.7261, 0.7203, 0.7247, 0.7252, 0.7225, 0.7226, 0.7224, 0.7247], [0.6324, 0.6332, 0.6494, 0.6354, 0.641, 0.6365, 0.6283, 0.6373, 0.6299, 0.6391, 0.6429, 0.6228, 0.6315, 0.6252, 0.6304, 0.6387, 0.6246, 0.6347, 0.6367, 0.6351, 0.6359, 0.6322, 0.629, 0.6436, 0.6298, 0.6312, 0.6285, 0.6425, 0.622], [0.7404, 0.7354, 0.739, 0.7402, 0.7361, 0.7374, 0.7402, 0.7395, 0.7375, 0.7429, 0.7339, 0.7401, 0.7417, 0.7353, 0.7437, 0.7354, 0.7375, 0.7396, 0.7389, 0.7405, 0.7438, 0.7382, 0.7382, 0.7383, 0.739, 0.7327, 0.7353, 0.7367, 0.7368]]	
Results: 	[[0.7035, 0.7079, 0.7092, 0.7078, 0.709, 0.7072, 0.7069, 0.7043, 0.7055, 0.7112, 0.7097, 0.7062, 0.7085, 0.7098, 0.7077, 0.7055, 0.7098, 0.703, 0.7099, 0.7078, 0.707, 0.7082, 0.7097, 0.709, 0.7096, 0.7048, 0.7077, 0.7096, 0.7111, 0.7106], [0.6793, 0.6783, 0.6862, 0.6757, 0.6875, 0.6843, 0.6888, 0.6783, 0.6821, 0.6726, 0.6879, 0.6765, 0.6818, 0.68, 0.6866, 0.6869, 0.6936, 0.6899, 0.6917, 0.6765, 0.6788, 0.6923, 0.6805, 0.6756, 0.6788, 0.6814, 0.6838, 0.6782, 0.6756, 0.6956], [0.7153, 0.7084, 0.7092, 0.7098, 0.7117, 0.7065, 0.705, 0.7093, 0.7094, 0.7098, 0.7021, 0.7119, 0.7125, 0.7086, 0.7092, 0.7153, 0.7091, 0.7065, 0.7098, 0.7131, 0.7078, 0.7151, 0.714, 0.7104, 0.7084, 0.7125, 0.7076, 0.7144, 0.7085, 0.7106], [0.7189, 0.7233, 0.7247, 0.7175, 0.7233, 0.7225, 0.724, 0.7233, 0.7225, 0.7211, 0.7247, 0.7261, 0.7197, 0.7168, 0.7204, 0.721, 0.7232, 0.724, 0.7196, 0.7197, 0.7239, 0.7261, 0.7203, 0.7247, 0.7252, 0.7225, 0.7226, 0.7224, 0.7247, 0.7233], [0.6324, 0.6332, 0.6494, 0.6354, 0.641, 0.6365, 0.6283, 0.6373, 0.6299, 0.6391, 0.6429, 0.6228, 0.6315, 0.6252, 0.6304, 0.6387, 0.6246, 0.6347, 0.6367, 0.6351, 0.6359, 0.6322, 0.629, 0.6436, 0.6298, 0.6312, 0.6285, 0.6425, 0.622, 0.6372], [0.7404, 0.7354, 0.739, 0.7402, 0.7361, 0.7374, 0.7402, 0.7395, 0.7375, 0.7429, 0.7339, 0.7401, 0.7417, 0.7353, 0.7437, 0.7354, 0.7375, 0.7396, 0.7389, 0.7405, 0.7438, 0.7382, 0.7382, 0.7383, 0.739, 0.7327, 0.7353, 0.7367, 0.7368, 0.7368]]
Support Sets: (Mean:0.7079233333333333, SD:0.0021908403887995575) | 	Support Sets: (Mean:0.6828366666666666, SD:0.006132079769446136) | 	Support Sets: (Mean:0.71006, SD:0.0031154343251756722) | 	Support Sets: (Mean:0.7224, SD:0.0024197463531934653) | 	Support Sets: (Mean:0.6339, SD:0.0064605967483528605) | 	Support Sets: (Mean:0.7383666666666666, SD:0.002727425631380743) | 	
