Results: 	[[0.6698], [0.8692], [0.6762], [0.5656], [0.4949], [0.6648]]	
Results: 	[[0.6698, 0.6598], [0.8692, 0.8662], [0.6762, 0.6904], [0.5656, 0.5821], [0.4949, 0.3807], [0.6648, 0.6961]]	
Results: 	[[0.6698, 0.6598, 0.6455], [0.8692, 0.8662, 0.8669], [0.6762, 0.6904, 0.6866], [0.5656, 0.5821, 0.5432], [0.4949, 0.3807, 0.3483], [0.6648, 0.6961, 0.6794]]	
Results: 	[[0.6698, 0.6598, 0.6455, 0.6665], [0.8692, 0.8662, 0.8669, 0.8365], [0.6762, 0.6904, 0.6866, 0.6947], [0.5656, 0.5821, 0.5432, 0.5767], [0.4949, 0.3807, 0.3483, 0.4932], [0.6648, 0.6961, 0.6794, 0.6832]]	
Results: 	[[0.6698, 0.6598, 0.6455, 0.6665, 0.6253], [0.8692, 0.8662, 0.8669, 0.8365, 0.803], [0.6762, 0.6904, 0.6866, 0.6947, 0.6898], [0.5656, 0.5821, 0.5432, 0.5767, 0.5657], [0.4949, 0.3807, 0.3483, 0.4932, 0.4594], [0.6648, 0.6961, 0.6794, 0.6832, 0.6491]]	
Results: 	[[0.6698, 0.6598, 0.6455, 0.6665, 0.6253, 0.5629], [0.8692, 0.8662, 0.8669, 0.8365, 0.803, 0.8676], [0.6762, 0.6904, 0.6866, 0.6947, 0.6898, 0.6952], [0.5656, 0.5821, 0.5432, 0.5767, 0.5657, 0.5909], [0.4949, 0.3807, 0.3483, 0.4932, 0.4594, 0.5515], [0.6648, 0.6961, 0.6794, 0.6832, 0.6491, 0.6894]]	
Results: 	[[0.6698, 0.6598, 0.6455, 0.6665, 0.6253, 0.5629, 0.6657], [0.8692, 0.8662, 0.8669, 0.8365, 0.803, 0.8676, 0.8076], [0.6762, 0.6904, 0.6866, 0.6947, 0.6898, 0.6952, 0.6771], [0.5656, 0.5821, 0.5432, 0.5767, 0.5657, 0.5909, 0.533], [0.4949, 0.3807, 0.3483, 0.4932, 0.4594, 0.5515, 0.5467], [0.6648, 0.6961, 0.6794, 0.6832, 0.6491, 0.6894, 0.695]]	
Results: 	[[0.6698, 0.6598, 0.6455, 0.6665, 0.6253, 0.5629, 0.6657, 0.6475], [0.8692, 0.8662, 0.8669, 0.8365, 0.803, 0.8676, 0.8076, 0.85], [0.6762, 0.6904, 0.6866, 0.6947, 0.6898, 0.6952, 0.6771, 0.6924], [0.5656, 0.5821, 0.5432, 0.5767, 0.5657, 0.5909, 0.533, 0.5704], [0.4949, 0.3807, 0.3483, 0.4932, 0.4594, 0.5515, 0.5467, 0.3665], [0.6648, 0.6961, 0.6794, 0.6832, 0.6491, 0.6894, 0.695, 0.6996]]	
Results: 	[[0.6698, 0.6598, 0.6455, 0.6665, 0.6253, 0.5629, 0.6657, 0.6475, 0.6532], [0.8692, 0.8662, 0.8669, 0.8365, 0.803, 0.8676, 0.8076, 0.85, 0.8254], [0.6762, 0.6904, 0.6866, 0.6947, 0.6898, 0.6952, 0.6771, 0.6924, 0.7035], [0.5656, 0.5821, 0.5432, 0.5767, 0.5657, 0.5909, 0.533, 0.5704, 0.568], [0.4949, 0.3807, 0.3483, 0.4932, 0.4594, 0.5515, 0.5467, 0.3665, 0.5033], [0.6648, 0.6961, 0.6794, 0.6832, 0.6491, 0.6894, 0.695, 0.6996, 0.6908]]	
Results: 	[[0.6698, 0.6598, 0.6455, 0.6665, 0.6253, 0.5629, 0.6657, 0.6475, 0.6532, 0.66], [0.8692, 0.8662, 0.8669, 0.8365, 0.803, 0.8676, 0.8076, 0.85, 0.8254, 0.8926], [0.6762, 0.6904, 0.6866, 0.6947, 0.6898, 0.6952, 0.6771, 0.6924, 0.7035, 0.6943], [0.5656, 0.5821, 0.5432, 0.5767, 0.5657, 0.5909, 0.533, 0.5704, 0.568, 0.5136], [0.4949, 0.3807, 0.3483, 0.4932, 0.4594, 0.5515, 0.5467, 0.3665, 0.5033, 0.475], [0.6648, 0.6961, 0.6794, 0.6832, 0.6491, 0.6894, 0.695, 0.6996, 0.6908, 0.6891]]	
Results: 	[[0.6698, 0.6598, 0.6455, 0.6665, 0.6253, 0.5629, 0.6657, 0.6475, 0.6532, 0.66, 0.6514], [0.8692, 0.8662, 0.8669, 0.8365, 0.803, 0.8676, 0.8076, 0.85, 0.8254, 0.8926, 0.8249], [0.6762, 0.6904, 0.6866, 0.6947, 0.6898, 0.6952, 0.6771, 0.6924, 0.7035, 0.6943, 0.6961], [0.5656, 0.5821, 0.5432, 0.5767, 0.5657, 0.5909, 0.533, 0.5704, 0.568, 0.5136, 0.516], [0.4949, 0.3807, 0.3483, 0.4932, 0.4594, 0.5515, 0.5467, 0.3665, 0.5033, 0.475, 0.3659], [0.6648, 0.6961, 0.6794, 0.6832, 0.6491, 0.6894, 0.695, 0.6996, 0.6908, 0.6891, 0.692]]	
Results: 	[[0.6698, 0.6598, 0.6455, 0.6665, 0.6253, 0.5629, 0.6657, 0.6475, 0.6532, 0.66, 0.6514, 0.6548], [0.8692, 0.8662, 0.8669, 0.8365, 0.803, 0.8676, 0.8076, 0.85, 0.8254, 0.8926, 0.8249, 0.8258], [0.6762, 0.6904, 0.6866, 0.6947, 0.6898, 0.6952, 0.6771, 0.6924, 0.7035, 0.6943, 0.6961, 0.6982], [0.5656, 0.5821, 0.5432, 0.5767, 0.5657, 0.5909, 0.533, 0.5704, 0.568, 0.5136, 0.516, 0.5707], [0.4949, 0.3807, 0.3483, 0.4932, 0.4594, 0.5515, 0.5467, 0.3665, 0.5033, 0.475, 0.3659, 0.5089], [0.6648, 0.6961, 0.6794, 0.6832, 0.6491, 0.6894, 0.695, 0.6996, 0.6908, 0.6891, 0.692, 0.6808]]	
Results: 	[[0.6698, 0.6598, 0.6455, 0.6665, 0.6253, 0.5629, 0.6657, 0.6475, 0.6532, 0.66, 0.6514, 0.6548, 0.6414], [0.8692, 0.8662, 0.8669, 0.8365, 0.803, 0.8676, 0.8076, 0.85, 0.8254, 0.8926, 0.8249, 0.8258, 0.812], [0.6762, 0.6904, 0.6866, 0.6947, 0.6898, 0.6952, 0.6771, 0.6924, 0.7035, 0.6943, 0.6961, 0.6982, 0.6981], [0.5656, 0.5821, 0.5432, 0.5767, 0.5657, 0.5909, 0.533, 0.5704, 0.568, 0.5136, 0.516, 0.5707, 0.5714], [0.4949, 0.3807, 0.3483, 0.4932, 0.4594, 0.5515, 0.5467, 0.3665, 0.5033, 0.475, 0.3659, 0.5089, 0.5136], [0.6648, 0.6961, 0.6794, 0.6832, 0.6491, 0.6894, 0.695, 0.6996, 0.6908, 0.6891, 0.692, 0.6808, 0.6833]]	
Results: 	[[0.6698, 0.6598, 0.6455, 0.6665, 0.6253, 0.5629, 0.6657, 0.6475, 0.6532, 0.66, 0.6514, 0.6548, 0.6414, 0.6341], [0.8692, 0.8662, 0.8669, 0.8365, 0.803, 0.8676, 0.8076, 0.85, 0.8254, 0.8926, 0.8249, 0.8258, 0.812, 0.8344], [0.6762, 0.6904, 0.6866, 0.6947, 0.6898, 0.6952, 0.6771, 0.6924, 0.7035, 0.6943, 0.6961, 0.6982, 0.6981, 0.6924], [0.5656, 0.5821, 0.5432, 0.5767, 0.5657, 0.5909, 0.533, 0.5704, 0.568, 0.5136, 0.516, 0.5707, 0.5714, 0.5747], [0.4949, 0.3807, 0.3483, 0.4932, 0.4594, 0.5515, 0.5467, 0.3665, 0.5033, 0.475, 0.3659, 0.5089, 0.5136, 0.5787], [0.6648, 0.6961, 0.6794, 0.6832, 0.6491, 0.6894, 0.695, 0.6996, 0.6908, 0.6891, 0.692, 0.6808, 0.6833, 0.7065]]	
Results: 	[[0.6698, 0.6598, 0.6455, 0.6665, 0.6253, 0.5629, 0.6657, 0.6475, 0.6532, 0.66, 0.6514, 0.6548, 0.6414, 0.6341, 0.6544], [0.8692, 0.8662, 0.8669, 0.8365, 0.803, 0.8676, 0.8076, 0.85, 0.8254, 0.8926, 0.8249, 0.8258, 0.812, 0.8344, 0.8455], [0.6762, 0.6904, 0.6866, 0.6947, 0.6898, 0.6952, 0.6771, 0.6924, 0.7035, 0.6943, 0.6961, 0.6982, 0.6981, 0.6924, 0.6859], [0.5656, 0.5821, 0.5432, 0.5767, 0.5657, 0.5909, 0.533, 0.5704, 0.568, 0.5136, 0.516, 0.5707, 0.5714, 0.5747, 0.5563], [0.4949, 0.3807, 0.3483, 0.4932, 0.4594, 0.5515, 0.5467, 0.3665, 0.5033, 0.475, 0.3659, 0.5089, 0.5136, 0.5787, 0.4281], [0.6648, 0.6961, 0.6794, 0.6832, 0.6491, 0.6894, 0.695, 0.6996, 0.6908, 0.6891, 0.692, 0.6808, 0.6833, 0.7065, 0.6915]]	
Results: 	[[0.6698, 0.6598, 0.6455, 0.6665, 0.6253, 0.5629, 0.6657, 0.6475, 0.6532, 0.66, 0.6514, 0.6548, 0.6414, 0.6341, 0.6544, 0.661], [0.8692, 0.8662, 0.8669, 0.8365, 0.803, 0.8676, 0.8076, 0.85, 0.8254, 0.8926, 0.8249, 0.8258, 0.812, 0.8344, 0.8455, 0.868], [0.6762, 0.6904, 0.6866, 0.6947, 0.6898, 0.6952, 0.6771, 0.6924, 0.7035, 0.6943, 0.6961, 0.6982, 0.6981, 0.6924, 0.6859, 0.6965], [0.5656, 0.5821, 0.5432, 0.5767, 0.5657, 0.5909, 0.533, 0.5704, 0.568, 0.5136, 0.516, 0.5707, 0.5714, 0.5747, 0.5563, 0.5611], [0.4949, 0.3807, 0.3483, 0.4932, 0.4594, 0.5515, 0.5467, 0.3665, 0.5033, 0.475, 0.3659, 0.5089, 0.5136, 0.5787, 0.4281, 0.5029], [0.6648, 0.6961, 0.6794, 0.6832, 0.6491, 0.6894, 0.695, 0.6996, 0.6908, 0.6891, 0.692, 0.6808, 0.6833, 0.7065, 0.6915, 0.6822]]	
Results: 	[[0.6698, 0.6598, 0.6455, 0.6665, 0.6253, 0.5629, 0.6657, 0.6475, 0.6532, 0.66, 0.6514, 0.6548, 0.6414, 0.6341, 0.6544, 0.661, 0.6614], [0.8692, 0.8662, 0.8669, 0.8365, 0.803, 0.8676, 0.8076, 0.85, 0.8254, 0.8926, 0.8249, 0.8258, 0.812, 0.8344, 0.8455, 0.868, 0.8476], [0.6762, 0.6904, 0.6866, 0.6947, 0.6898, 0.6952, 0.6771, 0.6924, 0.7035, 0.6943, 0.6961, 0.6982, 0.6981, 0.6924, 0.6859, 0.6965, 0.6954], [0.5656, 0.5821, 0.5432, 0.5767, 0.5657, 0.5909, 0.533, 0.5704, 0.568, 0.5136, 0.516, 0.5707, 0.5714, 0.5747, 0.5563, 0.5611, 0.5485], [0.4949, 0.3807, 0.3483, 0.4932, 0.4594, 0.5515, 0.5467, 0.3665, 0.5033, 0.475, 0.3659, 0.5089, 0.5136, 0.5787, 0.4281, 0.5029, 0.6452], [0.6648, 0.6961, 0.6794, 0.6832, 0.6491, 0.6894, 0.695, 0.6996, 0.6908, 0.6891, 0.692, 0.6808, 0.6833, 0.7065, 0.6915, 0.6822, 0.6874]]	
Results: 	[[0.6698, 0.6598, 0.6455, 0.6665, 0.6253, 0.5629, 0.6657, 0.6475, 0.6532, 0.66, 0.6514, 0.6548, 0.6414, 0.6341, 0.6544, 0.661, 0.6614, 0.666], [0.8692, 0.8662, 0.8669, 0.8365, 0.803, 0.8676, 0.8076, 0.85, 0.8254, 0.8926, 0.8249, 0.8258, 0.812, 0.8344, 0.8455, 0.868, 0.8476, 0.8499], [0.6762, 0.6904, 0.6866, 0.6947, 0.6898, 0.6952, 0.6771, 0.6924, 0.7035, 0.6943, 0.6961, 0.6982, 0.6981, 0.6924, 0.6859, 0.6965, 0.6954, 0.6992], [0.5656, 0.5821, 0.5432, 0.5767, 0.5657, 0.5909, 0.533, 0.5704, 0.568, 0.5136, 0.516, 0.5707, 0.5714, 0.5747, 0.5563, 0.5611, 0.5485, 0.5759], [0.4949, 0.3807, 0.3483, 0.4932, 0.4594, 0.5515, 0.5467, 0.3665, 0.5033, 0.475, 0.3659, 0.5089, 0.5136, 0.5787, 0.4281, 0.5029, 0.6452, 0.4968], [0.6648, 0.6961, 0.6794, 0.6832, 0.6491, 0.6894, 0.695, 0.6996, 0.6908, 0.6891, 0.692, 0.6808, 0.6833, 0.7065, 0.6915, 0.6822, 0.6874, 0.6961]]	
Results: 	[[0.6698, 0.6598, 0.6455, 0.6665, 0.6253, 0.5629, 0.6657, 0.6475, 0.6532, 0.66, 0.6514, 0.6548, 0.6414, 0.6341, 0.6544, 0.661, 0.6614, 0.666, 0.6533], [0.8692, 0.8662, 0.8669, 0.8365, 0.803, 0.8676, 0.8076, 0.85, 0.8254, 0.8926, 0.8249, 0.8258, 0.812, 0.8344, 0.8455, 0.868, 0.8476, 0.8499, 0.8444], [0.6762, 0.6904, 0.6866, 0.6947, 0.6898, 0.6952, 0.6771, 0.6924, 0.7035, 0.6943, 0.6961, 0.6982, 0.6981, 0.6924, 0.6859, 0.6965, 0.6954, 0.6992, 0.6404], [0.5656, 0.5821, 0.5432, 0.5767, 0.5657, 0.5909, 0.533, 0.5704, 0.568, 0.5136, 0.516, 0.5707, 0.5714, 0.5747, 0.5563, 0.5611, 0.5485, 0.5759, 0.5935], [0.4949, 0.3807, 0.3483, 0.4932, 0.4594, 0.5515, 0.5467, 0.3665, 0.5033, 0.475, 0.3659, 0.5089, 0.5136, 0.5787, 0.4281, 0.5029, 0.6452, 0.4968, 0.3876], [0.6648, 0.6961, 0.6794, 0.6832, 0.6491, 0.6894, 0.695, 0.6996, 0.6908, 0.6891, 0.692, 0.6808, 0.6833, 0.7065, 0.6915, 0.6822, 0.6874, 0.6961, 0.6938]]	
Results: 	[[0.6698, 0.6598, 0.6455, 0.6665, 0.6253, 0.5629, 0.6657, 0.6475, 0.6532, 0.66, 0.6514, 0.6548, 0.6414, 0.6341, 0.6544, 0.661, 0.6614, 0.666, 0.6533, 0.65], [0.8692, 0.8662, 0.8669, 0.8365, 0.803, 0.8676, 0.8076, 0.85, 0.8254, 0.8926, 0.8249, 0.8258, 0.812, 0.8344, 0.8455, 0.868, 0.8476, 0.8499, 0.8444, 0.8472], [0.6762, 0.6904, 0.6866, 0.6947, 0.6898, 0.6952, 0.6771, 0.6924, 0.7035, 0.6943, 0.6961, 0.6982, 0.6981, 0.6924, 0.6859, 0.6965, 0.6954, 0.6992, 0.6404, 0.6973], [0.5656, 0.5821, 0.5432, 0.5767, 0.5657, 0.5909, 0.533, 0.5704, 0.568, 0.5136, 0.516, 0.5707, 0.5714, 0.5747, 0.5563, 0.5611, 0.5485, 0.5759, 0.5935, 0.5102], [0.4949, 0.3807, 0.3483, 0.4932, 0.4594, 0.5515, 0.5467, 0.3665, 0.5033, 0.475, 0.3659, 0.5089, 0.5136, 0.5787, 0.4281, 0.5029, 0.6452, 0.4968, 0.3876, 0.4843], [0.6648, 0.6961, 0.6794, 0.6832, 0.6491, 0.6894, 0.695, 0.6996, 0.6908, 0.6891, 0.692, 0.6808, 0.6833, 0.7065, 0.6915, 0.6822, 0.6874, 0.6961, 0.6938, 0.6915]]	
Results: 	[[0.6698, 0.6598, 0.6455, 0.6665, 0.6253, 0.5629, 0.6657, 0.6475, 0.6532, 0.66, 0.6514, 0.6548, 0.6414, 0.6341, 0.6544, 0.661, 0.6614, 0.666, 0.6533, 0.65, 0.6624], [0.8692, 0.8662, 0.8669, 0.8365, 0.803, 0.8676, 0.8076, 0.85, 0.8254, 0.8926, 0.8249, 0.8258, 0.812, 0.8344, 0.8455, 0.868, 0.8476, 0.8499, 0.8444, 0.8472, 0.8323], [0.6762, 0.6904, 0.6866, 0.6947, 0.6898, 0.6952, 0.6771, 0.6924, 0.7035, 0.6943, 0.6961, 0.6982, 0.6981, 0.6924, 0.6859, 0.6965, 0.6954, 0.6992, 0.6404, 0.6973, 0.6825], [0.5656, 0.5821, 0.5432, 0.5767, 0.5657, 0.5909, 0.533, 0.5704, 0.568, 0.5136, 0.516, 0.5707, 0.5714, 0.5747, 0.5563, 0.5611, 0.5485, 0.5759, 0.5935, 0.5102, 0.5689], [0.4949, 0.3807, 0.3483, 0.4932, 0.4594, 0.5515, 0.5467, 0.3665, 0.5033, 0.475, 0.3659, 0.5089, 0.5136, 0.5787, 0.4281, 0.5029, 0.6452, 0.4968, 0.3876, 0.4843, 0.4007], [0.6648, 0.6961, 0.6794, 0.6832, 0.6491, 0.6894, 0.695, 0.6996, 0.6908, 0.6891, 0.692, 0.6808, 0.6833, 0.7065, 0.6915, 0.6822, 0.6874, 0.6961, 0.6938, 0.6915, 0.6437]]	
Results: 	[[0.6698, 0.6598, 0.6455, 0.6665, 0.6253, 0.5629, 0.6657, 0.6475, 0.6532, 0.66, 0.6514, 0.6548, 0.6414, 0.6341, 0.6544, 0.661, 0.6614, 0.666, 0.6533, 0.65, 0.6624, 0.665], [0.8692, 0.8662, 0.8669, 0.8365, 0.803, 0.8676, 0.8076, 0.85, 0.8254, 0.8926, 0.8249, 0.8258, 0.812, 0.8344, 0.8455, 0.868, 0.8476, 0.8499, 0.8444, 0.8472, 0.8323, 0.8383], [0.6762, 0.6904, 0.6866, 0.6947, 0.6898, 0.6952, 0.6771, 0.6924, 0.7035, 0.6943, 0.6961, 0.6982, 0.6981, 0.6924, 0.6859, 0.6965, 0.6954, 0.6992, 0.6404, 0.6973, 0.6825, 0.6898], [0.5656, 0.5821, 0.5432, 0.5767, 0.5657, 0.5909, 0.533, 0.5704, 0.568, 0.5136, 0.516, 0.5707, 0.5714, 0.5747, 0.5563, 0.5611, 0.5485, 0.5759, 0.5935, 0.5102, 0.5689, 0.5401], [0.4949, 0.3807, 0.3483, 0.4932, 0.4594, 0.5515, 0.5467, 0.3665, 0.5033, 0.475, 0.3659, 0.5089, 0.5136, 0.5787, 0.4281, 0.5029, 0.6452, 0.4968, 0.3876, 0.4843, 0.4007, 0.4992], [0.6648, 0.6961, 0.6794, 0.6832, 0.6491, 0.6894, 0.695, 0.6996, 0.6908, 0.6891, 0.692, 0.6808, 0.6833, 0.7065, 0.6915, 0.6822, 0.6874, 0.6961, 0.6938, 0.6915, 0.6437, 0.6952]]	
Results: 	[[0.6698, 0.6598, 0.6455, 0.6665, 0.6253, 0.5629, 0.6657, 0.6475, 0.6532, 0.66, 0.6514, 0.6548, 0.6414, 0.6341, 0.6544, 0.661, 0.6614, 0.666, 0.6533, 0.65, 0.6624, 0.665, 0.6635], [0.8692, 0.8662, 0.8669, 0.8365, 0.803, 0.8676, 0.8076, 0.85, 0.8254, 0.8926, 0.8249, 0.8258, 0.812, 0.8344, 0.8455, 0.868, 0.8476, 0.8499, 0.8444, 0.8472, 0.8323, 0.8383, 0.8551], [0.6762, 0.6904, 0.6866, 0.6947, 0.6898, 0.6952, 0.6771, 0.6924, 0.7035, 0.6943, 0.6961, 0.6982, 0.6981, 0.6924, 0.6859, 0.6965, 0.6954, 0.6992, 0.6404, 0.6973, 0.6825, 0.6898, 0.6957], [0.5656, 0.5821, 0.5432, 0.5767, 0.5657, 0.5909, 0.533, 0.5704, 0.568, 0.5136, 0.516, 0.5707, 0.5714, 0.5747, 0.5563, 0.5611, 0.5485, 0.5759, 0.5935, 0.5102, 0.5689, 0.5401, 0.5511], [0.4949, 0.3807, 0.3483, 0.4932, 0.4594, 0.5515, 0.5467, 0.3665, 0.5033, 0.475, 0.3659, 0.5089, 0.5136, 0.5787, 0.4281, 0.5029, 0.6452, 0.4968, 0.3876, 0.4843, 0.4007, 0.4992, 0.4653], [0.6648, 0.6961, 0.6794, 0.6832, 0.6491, 0.6894, 0.695, 0.6996, 0.6908, 0.6891, 0.692, 0.6808, 0.6833, 0.7065, 0.6915, 0.6822, 0.6874, 0.6961, 0.6938, 0.6915, 0.6437, 0.6952, 0.6841]]	
Results: 	[[0.6698, 0.6598, 0.6455, 0.6665, 0.6253, 0.5629, 0.6657, 0.6475, 0.6532, 0.66, 0.6514, 0.6548, 0.6414, 0.6341, 0.6544, 0.661, 0.6614, 0.666, 0.6533, 0.65, 0.6624, 0.665, 0.6635, 0.6496], [0.8692, 0.8662, 0.8669, 0.8365, 0.803, 0.8676, 0.8076, 0.85, 0.8254, 0.8926, 0.8249, 0.8258, 0.812, 0.8344, 0.8455, 0.868, 0.8476, 0.8499, 0.8444, 0.8472, 0.8323, 0.8383, 0.8551, 0.843], [0.6762, 0.6904, 0.6866, 0.6947, 0.6898, 0.6952, 0.6771, 0.6924, 0.7035, 0.6943, 0.6961, 0.6982, 0.6981, 0.6924, 0.6859, 0.6965, 0.6954, 0.6992, 0.6404, 0.6973, 0.6825, 0.6898, 0.6957, 0.6927], [0.5656, 0.5821, 0.5432, 0.5767, 0.5657, 0.5909, 0.533, 0.5704, 0.568, 0.5136, 0.516, 0.5707, 0.5714, 0.5747, 0.5563, 0.5611, 0.5485, 0.5759, 0.5935, 0.5102, 0.5689, 0.5401, 0.5511, 0.5797], [0.4949, 0.3807, 0.3483, 0.4932, 0.4594, 0.5515, 0.5467, 0.3665, 0.5033, 0.475, 0.3659, 0.5089, 0.5136, 0.5787, 0.4281, 0.5029, 0.6452, 0.4968, 0.3876, 0.4843, 0.4007, 0.4992, 0.4653, 0.6665], [0.6648, 0.6961, 0.6794, 0.6832, 0.6491, 0.6894, 0.695, 0.6996, 0.6908, 0.6891, 0.692, 0.6808, 0.6833, 0.7065, 0.6915, 0.6822, 0.6874, 0.6961, 0.6938, 0.6915, 0.6437, 0.6952, 0.6841, 0.6815]]	
Results: 	[[0.6698, 0.6598, 0.6455, 0.6665, 0.6253, 0.5629, 0.6657, 0.6475, 0.6532, 0.66, 0.6514, 0.6548, 0.6414, 0.6341, 0.6544, 0.661, 0.6614, 0.666, 0.6533, 0.65, 0.6624, 0.665, 0.6635, 0.6496, 0.6504], [0.8692, 0.8662, 0.8669, 0.8365, 0.803, 0.8676, 0.8076, 0.85, 0.8254, 0.8926, 0.8249, 0.8258, 0.812, 0.8344, 0.8455, 0.868, 0.8476, 0.8499, 0.8444, 0.8472, 0.8323, 0.8383, 0.8551, 0.843, 0.8757], [0.6762, 0.6904, 0.6866, 0.6947, 0.6898, 0.6952, 0.6771, 0.6924, 0.7035, 0.6943, 0.6961, 0.6982, 0.6981, 0.6924, 0.6859, 0.6965, 0.6954, 0.6992, 0.6404, 0.6973, 0.6825, 0.6898, 0.6957, 0.6927, 0.672], [0.5656, 0.5821, 0.5432, 0.5767, 0.5657, 0.5909, 0.533, 0.5704, 0.568, 0.5136, 0.516, 0.5707, 0.5714, 0.5747, 0.5563, 0.5611, 0.5485, 0.5759, 0.5935, 0.5102, 0.5689, 0.5401, 0.5511, 0.5797, 0.5659], [0.4949, 0.3807, 0.3483, 0.4932, 0.4594, 0.5515, 0.5467, 0.3665, 0.5033, 0.475, 0.3659, 0.5089, 0.5136, 0.5787, 0.4281, 0.5029, 0.6452, 0.4968, 0.3876, 0.4843, 0.4007, 0.4992, 0.4653, 0.6665, 0.5504], [0.6648, 0.6961, 0.6794, 0.6832, 0.6491, 0.6894, 0.695, 0.6996, 0.6908, 0.6891, 0.692, 0.6808, 0.6833, 0.7065, 0.6915, 0.6822, 0.6874, 0.6961, 0.6938, 0.6915, 0.6437, 0.6952, 0.6841, 0.6815, 0.6536]]	
Results: 	[[0.6698, 0.6598, 0.6455, 0.6665, 0.6253, 0.5629, 0.6657, 0.6475, 0.6532, 0.66, 0.6514, 0.6548, 0.6414, 0.6341, 0.6544, 0.661, 0.6614, 0.666, 0.6533, 0.65, 0.6624, 0.665, 0.6635, 0.6496, 0.6504, 0.6542], [0.8692, 0.8662, 0.8669, 0.8365, 0.803, 0.8676, 0.8076, 0.85, 0.8254, 0.8926, 0.8249, 0.8258, 0.812, 0.8344, 0.8455, 0.868, 0.8476, 0.8499, 0.8444, 0.8472, 0.8323, 0.8383, 0.8551, 0.843, 0.8757, 0.845], [0.6762, 0.6904, 0.6866, 0.6947, 0.6898, 0.6952, 0.6771, 0.6924, 0.7035, 0.6943, 0.6961, 0.6982, 0.6981, 0.6924, 0.6859, 0.6965, 0.6954, 0.6992, 0.6404, 0.6973, 0.6825, 0.6898, 0.6957, 0.6927, 0.672, 0.6923], [0.5656, 0.5821, 0.5432, 0.5767, 0.5657, 0.5909, 0.533, 0.5704, 0.568, 0.5136, 0.516, 0.5707, 0.5714, 0.5747, 0.5563, 0.5611, 0.5485, 0.5759, 0.5935, 0.5102, 0.5689, 0.5401, 0.5511, 0.5797, 0.5659, 0.5804], [0.4949, 0.3807, 0.3483, 0.4932, 0.4594, 0.5515, 0.5467, 0.3665, 0.5033, 0.475, 0.3659, 0.5089, 0.5136, 0.5787, 0.4281, 0.5029, 0.6452, 0.4968, 0.3876, 0.4843, 0.4007, 0.4992, 0.4653, 0.6665, 0.5504, 0.3628], [0.6648, 0.6961, 0.6794, 0.6832, 0.6491, 0.6894, 0.695, 0.6996, 0.6908, 0.6891, 0.692, 0.6808, 0.6833, 0.7065, 0.6915, 0.6822, 0.6874, 0.6961, 0.6938, 0.6915, 0.6437, 0.6952, 0.6841, 0.6815, 0.6536, 0.6706]]	
Results: 	[[0.6698, 0.6598, 0.6455, 0.6665, 0.6253, 0.5629, 0.6657, 0.6475, 0.6532, 0.66, 0.6514, 0.6548, 0.6414, 0.6341, 0.6544, 0.661, 0.6614, 0.666, 0.6533, 0.65, 0.6624, 0.665, 0.6635, 0.6496, 0.6504, 0.6542, 0.6587], [0.8692, 0.8662, 0.8669, 0.8365, 0.803, 0.8676, 0.8076, 0.85, 0.8254, 0.8926, 0.8249, 0.8258, 0.812, 0.8344, 0.8455, 0.868, 0.8476, 0.8499, 0.8444, 0.8472, 0.8323, 0.8383, 0.8551, 0.843, 0.8757, 0.845, 0.8687], [0.6762, 0.6904, 0.6866, 0.6947, 0.6898, 0.6952, 0.6771, 0.6924, 0.7035, 0.6943, 0.6961, 0.6982, 0.6981, 0.6924, 0.6859, 0.6965, 0.6954, 0.6992, 0.6404, 0.6973, 0.6825, 0.6898, 0.6957, 0.6927, 0.672, 0.6923, 0.6819], [0.5656, 0.5821, 0.5432, 0.5767, 0.5657, 0.5909, 0.533, 0.5704, 0.568, 0.5136, 0.516, 0.5707, 0.5714, 0.5747, 0.5563, 0.5611, 0.5485, 0.5759, 0.5935, 0.5102, 0.5689, 0.5401, 0.5511, 0.5797, 0.5659, 0.5804, 0.5596], [0.4949, 0.3807, 0.3483, 0.4932, 0.4594, 0.5515, 0.5467, 0.3665, 0.5033, 0.475, 0.3659, 0.5089, 0.5136, 0.5787, 0.4281, 0.5029, 0.6452, 0.4968, 0.3876, 0.4843, 0.4007, 0.4992, 0.4653, 0.6665, 0.5504, 0.3628, 0.4694], [0.6648, 0.6961, 0.6794, 0.6832, 0.6491, 0.6894, 0.695, 0.6996, 0.6908, 0.6891, 0.692, 0.6808, 0.6833, 0.7065, 0.6915, 0.6822, 0.6874, 0.6961, 0.6938, 0.6915, 0.6437, 0.6952, 0.6841, 0.6815, 0.6536, 0.6706, 0.6433]]	
Results: 	[[0.6698, 0.6598, 0.6455, 0.6665, 0.6253, 0.5629, 0.6657, 0.6475, 0.6532, 0.66, 0.6514, 0.6548, 0.6414, 0.6341, 0.6544, 0.661, 0.6614, 0.666, 0.6533, 0.65, 0.6624, 0.665, 0.6635, 0.6496, 0.6504, 0.6542, 0.6587, 0.6409], [0.8692, 0.8662, 0.8669, 0.8365, 0.803, 0.8676, 0.8076, 0.85, 0.8254, 0.8926, 0.8249, 0.8258, 0.812, 0.8344, 0.8455, 0.868, 0.8476, 0.8499, 0.8444, 0.8472, 0.8323, 0.8383, 0.8551, 0.843, 0.8757, 0.845, 0.8687, 0.8449], [0.6762, 0.6904, 0.6866, 0.6947, 0.6898, 0.6952, 0.6771, 0.6924, 0.7035, 0.6943, 0.6961, 0.6982, 0.6981, 0.6924, 0.6859, 0.6965, 0.6954, 0.6992, 0.6404, 0.6973, 0.6825, 0.6898, 0.6957, 0.6927, 0.672, 0.6923, 0.6819, 0.7003], [0.5656, 0.5821, 0.5432, 0.5767, 0.5657, 0.5909, 0.533, 0.5704, 0.568, 0.5136, 0.516, 0.5707, 0.5714, 0.5747, 0.5563, 0.5611, 0.5485, 0.5759, 0.5935, 0.5102, 0.5689, 0.5401, 0.5511, 0.5797, 0.5659, 0.5804, 0.5596, 0.5494], [0.4949, 0.3807, 0.3483, 0.4932, 0.4594, 0.5515, 0.5467, 0.3665, 0.5033, 0.475, 0.3659, 0.5089, 0.5136, 0.5787, 0.4281, 0.5029, 0.6452, 0.4968, 0.3876, 0.4843, 0.4007, 0.4992, 0.4653, 0.6665, 0.5504, 0.3628, 0.4694, 0.592], [0.6648, 0.6961, 0.6794, 0.6832, 0.6491, 0.6894, 0.695, 0.6996, 0.6908, 0.6891, 0.692, 0.6808, 0.6833, 0.7065, 0.6915, 0.6822, 0.6874, 0.6961, 0.6938, 0.6915, 0.6437, 0.6952, 0.6841, 0.6815, 0.6536, 0.6706, 0.6433, 0.6673]]	
Results: 	[[0.6698, 0.6598, 0.6455, 0.6665, 0.6253, 0.5629, 0.6657, 0.6475, 0.6532, 0.66, 0.6514, 0.6548, 0.6414, 0.6341, 0.6544, 0.661, 0.6614, 0.666, 0.6533, 0.65, 0.6624, 0.665, 0.6635, 0.6496, 0.6504, 0.6542, 0.6587, 0.6409, 0.6461], [0.8692, 0.8662, 0.8669, 0.8365, 0.803, 0.8676, 0.8076, 0.85, 0.8254, 0.8926, 0.8249, 0.8258, 0.812, 0.8344, 0.8455, 0.868, 0.8476, 0.8499, 0.8444, 0.8472, 0.8323, 0.8383, 0.8551, 0.843, 0.8757, 0.845, 0.8687, 0.8449, 0.8404], [0.6762, 0.6904, 0.6866, 0.6947, 0.6898, 0.6952, 0.6771, 0.6924, 0.7035, 0.6943, 0.6961, 0.6982, 0.6981, 0.6924, 0.6859, 0.6965, 0.6954, 0.6992, 0.6404, 0.6973, 0.6825, 0.6898, 0.6957, 0.6927, 0.672, 0.6923, 0.6819, 0.7003, 0.6877], [0.5656, 0.5821, 0.5432, 0.5767, 0.5657, 0.5909, 0.533, 0.5704, 0.568, 0.5136, 0.516, 0.5707, 0.5714, 0.5747, 0.5563, 0.5611, 0.5485, 0.5759, 0.5935, 0.5102, 0.5689, 0.5401, 0.5511, 0.5797, 0.5659, 0.5804, 0.5596, 0.5494, 0.5789], [0.4949, 0.3807, 0.3483, 0.4932, 0.4594, 0.5515, 0.5467, 0.3665, 0.5033, 0.475, 0.3659, 0.5089, 0.5136, 0.5787, 0.4281, 0.5029, 0.6452, 0.4968, 0.3876, 0.4843, 0.4007, 0.4992, 0.4653, 0.6665, 0.5504, 0.3628, 0.4694, 0.592, 0.5321], [0.6648, 0.6961, 0.6794, 0.6832, 0.6491, 0.6894, 0.695, 0.6996, 0.6908, 0.6891, 0.692, 0.6808, 0.6833, 0.7065, 0.6915, 0.6822, 0.6874, 0.6961, 0.6938, 0.6915, 0.6437, 0.6952, 0.6841, 0.6815, 0.6536, 0.6706, 0.6433, 0.6673, 0.6874]]	
Results: 	[[0.6698, 0.6598, 0.6455, 0.6665, 0.6253, 0.5629, 0.6657, 0.6475, 0.6532, 0.66, 0.6514, 0.6548, 0.6414, 0.6341, 0.6544, 0.661, 0.6614, 0.666, 0.6533, 0.65, 0.6624, 0.665, 0.6635, 0.6496, 0.6504, 0.6542, 0.6587, 0.6409, 0.6461, 0.5748], [0.8692, 0.8662, 0.8669, 0.8365, 0.803, 0.8676, 0.8076, 0.85, 0.8254, 0.8926, 0.8249, 0.8258, 0.812, 0.8344, 0.8455, 0.868, 0.8476, 0.8499, 0.8444, 0.8472, 0.8323, 0.8383, 0.8551, 0.843, 0.8757, 0.845, 0.8687, 0.8449, 0.8404, 0.8617], [0.6762, 0.6904, 0.6866, 0.6947, 0.6898, 0.6952, 0.6771, 0.6924, 0.7035, 0.6943, 0.6961, 0.6982, 0.6981, 0.6924, 0.6859, 0.6965, 0.6954, 0.6992, 0.6404, 0.6973, 0.6825, 0.6898, 0.6957, 0.6927, 0.672, 0.6923, 0.6819, 0.7003, 0.6877, 0.6825], [0.5656, 0.5821, 0.5432, 0.5767, 0.5657, 0.5909, 0.533, 0.5704, 0.568, 0.5136, 0.516, 0.5707, 0.5714, 0.5747, 0.5563, 0.5611, 0.5485, 0.5759, 0.5935, 0.5102, 0.5689, 0.5401, 0.5511, 0.5797, 0.5659, 0.5804, 0.5596, 0.5494, 0.5789, 0.5277], [0.4949, 0.3807, 0.3483, 0.4932, 0.4594, 0.5515, 0.5467, 0.3665, 0.5033, 0.475, 0.3659, 0.5089, 0.5136, 0.5787, 0.4281, 0.5029, 0.6452, 0.4968, 0.3876, 0.4843, 0.4007, 0.4992, 0.4653, 0.6665, 0.5504, 0.3628, 0.4694, 0.592, 0.5321, 0.5532], [0.6648, 0.6961, 0.6794, 0.6832, 0.6491, 0.6894, 0.695, 0.6996, 0.6908, 0.6891, 0.692, 0.6808, 0.6833, 0.7065, 0.6915, 0.6822, 0.6874, 0.6961, 0.6938, 0.6915, 0.6437, 0.6952, 0.6841, 0.6815, 0.6536, 0.6706, 0.6433, 0.6673, 0.6874, 0.6934]]
Support Sets: (Mean:0.64832, SD:0.02389061855985345) | 	Support Sets: (Mean:0.8463266666666667, SD:0.020793101198985784) | 	Support Sets: (Mean:0.6892366666666667, SD:0.011930097647758701) | 	Support Sets: (Mean:0.55964, SD:0.022301795196026646) | 	Support Sets: (Mean:0.4874366666666667, SD:0.08190129670706595) | 	Support Sets: (Mean:0.6820566666666666, SD:0.016560103350779728) | 	
