Results: 	[[0.6879], [0.6391], [0.6962], [0.7377], [0.6757], [0.7163]]	
Results: 	[[0.6879, 0.6886], [0.6391, 0.6367], [0.6962, 0.696], [0.7377, 0.7375], [0.6757, 0.6728], [0.7163, 0.715]]	
Results: 	[[0.6879, 0.6886, 0.6875], [0.6391, 0.6367, 0.6412], [0.6962, 0.696, 0.6989], [0.7377, 0.7375, 0.7376], [0.6757, 0.6728, 0.6722], [0.7163, 0.715, 0.7131]]	
Results: 	[[0.6879, 0.6886, 0.6875, 0.6919], [0.6391, 0.6367, 0.6412, 0.6326], [0.6962, 0.696, 0.6989, 0.6945], [0.7377, 0.7375, 0.7376, 0.7369], [0.6757, 0.6728, 0.6722, 0.6692], [0.7163, 0.715, 0.7131, 0.716]]	
Results: 	[[0.6879, 0.6886, 0.6875, 0.6919, 0.6913], [0.6391, 0.6367, 0.6412, 0.6326, 0.6377], [0.6962, 0.696, 0.6989, 0.6945, 0.6983], [0.7377, 0.7375, 0.7376, 0.7369, 0.7396], [0.6757, 0.6728, 0.6722, 0.6692, 0.6678], [0.7163, 0.715, 0.7131, 0.716, 0.7137]]	
Results: 	[[0.6879, 0.6886, 0.6875, 0.6919, 0.6913, 0.687], [0.6391, 0.6367, 0.6412, 0.6326, 0.6377, 0.6302], [0.6962, 0.696, 0.6989, 0.6945, 0.6983, 0.6998], [0.7377, 0.7375, 0.7376, 0.7369, 0.7396, 0.7335], [0.6757, 0.6728, 0.6722, 0.6692, 0.6678, 0.6768], [0.7163, 0.715, 0.7131, 0.716, 0.7137, 0.716]]	
Results: 	[[0.6879, 0.6886, 0.6875, 0.6919, 0.6913, 0.687, 0.6892], [0.6391, 0.6367, 0.6412, 0.6326, 0.6377, 0.6302, 0.6302], [0.6962, 0.696, 0.6989, 0.6945, 0.6983, 0.6998, 0.6952], [0.7377, 0.7375, 0.7376, 0.7369, 0.7396, 0.7335, 0.7368], [0.6757, 0.6728, 0.6722, 0.6692, 0.6678, 0.6768, 0.6722], [0.7163, 0.715, 0.7131, 0.716, 0.7137, 0.716, 0.7167]]	
Results: 	[[0.6879, 0.6886, 0.6875, 0.6919, 0.6913, 0.687, 0.6892, 0.6884], [0.6391, 0.6367, 0.6412, 0.6326, 0.6377, 0.6302, 0.6302, 0.6417], [0.6962, 0.696, 0.6989, 0.6945, 0.6983, 0.6998, 0.6952, 0.6938], [0.7377, 0.7375, 0.7376, 0.7369, 0.7396, 0.7335, 0.7368, 0.739], [0.6757, 0.6728, 0.6722, 0.6692, 0.6678, 0.6768, 0.6722, 0.6775], [0.7163, 0.715, 0.7131, 0.716, 0.7137, 0.716, 0.7167, 0.7109]]	
Results: 	[[0.6879, 0.6886, 0.6875, 0.6919, 0.6913, 0.687, 0.6892, 0.6884, 0.6913], [0.6391, 0.6367, 0.6412, 0.6326, 0.6377, 0.6302, 0.6302, 0.6417, 0.6338], [0.6962, 0.696, 0.6989, 0.6945, 0.6983, 0.6998, 0.6952, 0.6938, 0.6917], [0.7377, 0.7375, 0.7376, 0.7369, 0.7396, 0.7335, 0.7368, 0.739, 0.7327], [0.6757, 0.6728, 0.6722, 0.6692, 0.6678, 0.6768, 0.6722, 0.6775, 0.6738], [0.7163, 0.715, 0.7131, 0.716, 0.7137, 0.716, 0.7167, 0.7109, 0.718]]	
Results: 	[[0.6879, 0.6886, 0.6875, 0.6919, 0.6913, 0.687, 0.6892, 0.6884, 0.6913, 0.6856], [0.6391, 0.6367, 0.6412, 0.6326, 0.6377, 0.6302, 0.6302, 0.6417, 0.6338, 0.6333], [0.6962, 0.696, 0.6989, 0.6945, 0.6983, 0.6998, 0.6952, 0.6938, 0.6917, 0.6959], [0.7377, 0.7375, 0.7376, 0.7369, 0.7396, 0.7335, 0.7368, 0.739, 0.7327, 0.7369], [0.6757, 0.6728, 0.6722, 0.6692, 0.6678, 0.6768, 0.6722, 0.6775, 0.6738, 0.6712], [0.7163, 0.715, 0.7131, 0.716, 0.7137, 0.716, 0.7167, 0.7109, 0.718, 0.7132]]	
Results: 	[[0.6879, 0.6886, 0.6875, 0.6919, 0.6913, 0.687, 0.6892, 0.6884, 0.6913, 0.6856, 0.6863], [0.6391, 0.6367, 0.6412, 0.6326, 0.6377, 0.6302, 0.6302, 0.6417, 0.6338, 0.6333, 0.6309], [0.6962, 0.696, 0.6989, 0.6945, 0.6983, 0.6998, 0.6952, 0.6938, 0.6917, 0.6959, 0.6962], [0.7377, 0.7375, 0.7376, 0.7369, 0.7396, 0.7335, 0.7368, 0.739, 0.7327, 0.7369, 0.7335], [0.6757, 0.6728, 0.6722, 0.6692, 0.6678, 0.6768, 0.6722, 0.6775, 0.6738, 0.6712, 0.6742], [0.7163, 0.715, 0.7131, 0.716, 0.7137, 0.716, 0.7167, 0.7109, 0.718, 0.7132, 0.7145]]	
Results: 	[[0.6879, 0.6886, 0.6875, 0.6919, 0.6913, 0.687, 0.6892, 0.6884, 0.6913, 0.6856, 0.6863, 0.6869], [0.6391, 0.6367, 0.6412, 0.6326, 0.6377, 0.6302, 0.6302, 0.6417, 0.6338, 0.6333, 0.6309, 0.6367], [0.6962, 0.696, 0.6989, 0.6945, 0.6983, 0.6998, 0.6952, 0.6938, 0.6917, 0.6959, 0.6962, 0.6962], [0.7377, 0.7375, 0.7376, 0.7369, 0.7396, 0.7335, 0.7368, 0.739, 0.7327, 0.7369, 0.7335, 0.7383], [0.6757, 0.6728, 0.6722, 0.6692, 0.6678, 0.6768, 0.6722, 0.6775, 0.6738, 0.6712, 0.6742, 0.6683], [0.7163, 0.715, 0.7131, 0.716, 0.7137, 0.716, 0.7167, 0.7109, 0.718, 0.7132, 0.7145, 0.7188]]	
Results: 	[[0.6879, 0.6886, 0.6875, 0.6919, 0.6913, 0.687, 0.6892, 0.6884, 0.6913, 0.6856, 0.6863, 0.6869, 0.6899], [0.6391, 0.6367, 0.6412, 0.6326, 0.6377, 0.6302, 0.6302, 0.6417, 0.6338, 0.6333, 0.6309, 0.6367, 0.6289], [0.6962, 0.696, 0.6989, 0.6945, 0.6983, 0.6998, 0.6952, 0.6938, 0.6917, 0.6959, 0.6962, 0.6962, 0.6927], [0.7377, 0.7375, 0.7376, 0.7369, 0.7396, 0.7335, 0.7368, 0.739, 0.7327, 0.7369, 0.7335, 0.7383, 0.7396], [0.6757, 0.6728, 0.6722, 0.6692, 0.6678, 0.6768, 0.6722, 0.6775, 0.6738, 0.6712, 0.6742, 0.6683, 0.6703], [0.7163, 0.715, 0.7131, 0.716, 0.7137, 0.716, 0.7167, 0.7109, 0.718, 0.7132, 0.7145, 0.7188, 0.7123]]	
Results: 	[[0.6879, 0.6886, 0.6875, 0.6919, 0.6913, 0.687, 0.6892, 0.6884, 0.6913, 0.6856, 0.6863, 0.6869, 0.6899, 0.689], [0.6391, 0.6367, 0.6412, 0.6326, 0.6377, 0.6302, 0.6302, 0.6417, 0.6338, 0.6333, 0.6309, 0.6367, 0.6289, 0.6318], [0.6962, 0.696, 0.6989, 0.6945, 0.6983, 0.6998, 0.6952, 0.6938, 0.6917, 0.6959, 0.6962, 0.6962, 0.6927, 0.6968], [0.7377, 0.7375, 0.7376, 0.7369, 0.7396, 0.7335, 0.7368, 0.739, 0.7327, 0.7369, 0.7335, 0.7383, 0.7396, 0.7411], [0.6757, 0.6728, 0.6722, 0.6692, 0.6678, 0.6768, 0.6722, 0.6775, 0.6738, 0.6712, 0.6742, 0.6683, 0.6703, 0.6712], [0.7163, 0.715, 0.7131, 0.716, 0.7137, 0.716, 0.7167, 0.7109, 0.718, 0.7132, 0.7145, 0.7188, 0.7123, 0.7153]]	
Results: 	[[0.6879, 0.6886, 0.6875, 0.6919, 0.6913, 0.687, 0.6892, 0.6884, 0.6913, 0.6856, 0.6863, 0.6869, 0.6899, 0.689, 0.6885], [0.6391, 0.6367, 0.6412, 0.6326, 0.6377, 0.6302, 0.6302, 0.6417, 0.6338, 0.6333, 0.6309, 0.6367, 0.6289, 0.6318, 0.6378], [0.6962, 0.696, 0.6989, 0.6945, 0.6983, 0.6998, 0.6952, 0.6938, 0.6917, 0.6959, 0.6962, 0.6962, 0.6927, 0.6968, 0.6966], [0.7377, 0.7375, 0.7376, 0.7369, 0.7396, 0.7335, 0.7368, 0.739, 0.7327, 0.7369, 0.7335, 0.7383, 0.7396, 0.7411, 0.7389], [0.6757, 0.6728, 0.6722, 0.6692, 0.6678, 0.6768, 0.6722, 0.6775, 0.6738, 0.6712, 0.6742, 0.6683, 0.6703, 0.6712, 0.6712], [0.7163, 0.715, 0.7131, 0.716, 0.7137, 0.716, 0.7167, 0.7109, 0.718, 0.7132, 0.7145, 0.7188, 0.7123, 0.7153, 0.7143]]	
Results: 	[[0.6879, 0.6886, 0.6875, 0.6919, 0.6913, 0.687, 0.6892, 0.6884, 0.6913, 0.6856, 0.6863, 0.6869, 0.6899, 0.689, 0.6885, 0.6865], [0.6391, 0.6367, 0.6412, 0.6326, 0.6377, 0.6302, 0.6302, 0.6417, 0.6338, 0.6333, 0.6309, 0.6367, 0.6289, 0.6318, 0.6378, 0.6254], [0.6962, 0.696, 0.6989, 0.6945, 0.6983, 0.6998, 0.6952, 0.6938, 0.6917, 0.6959, 0.6962, 0.6962, 0.6927, 0.6968, 0.6966, 0.6923], [0.7377, 0.7375, 0.7376, 0.7369, 0.7396, 0.7335, 0.7368, 0.739, 0.7327, 0.7369, 0.7335, 0.7383, 0.7396, 0.7411, 0.7389, 0.7452], [0.6757, 0.6728, 0.6722, 0.6692, 0.6678, 0.6768, 0.6722, 0.6775, 0.6738, 0.6712, 0.6742, 0.6683, 0.6703, 0.6712, 0.6712, 0.6721], [0.7163, 0.715, 0.7131, 0.716, 0.7137, 0.716, 0.7167, 0.7109, 0.718, 0.7132, 0.7145, 0.7188, 0.7123, 0.7153, 0.7143, 0.713]]	
Results: 	[[0.6879, 0.6886, 0.6875, 0.6919, 0.6913, 0.687, 0.6892, 0.6884, 0.6913, 0.6856, 0.6863, 0.6869, 0.6899, 0.689, 0.6885, 0.6865, 0.6875], [0.6391, 0.6367, 0.6412, 0.6326, 0.6377, 0.6302, 0.6302, 0.6417, 0.6338, 0.6333, 0.6309, 0.6367, 0.6289, 0.6318, 0.6378, 0.6254, 0.6364], [0.6962, 0.696, 0.6989, 0.6945, 0.6983, 0.6998, 0.6952, 0.6938, 0.6917, 0.6959, 0.6962, 0.6962, 0.6927, 0.6968, 0.6966, 0.6923, 0.6981], [0.7377, 0.7375, 0.7376, 0.7369, 0.7396, 0.7335, 0.7368, 0.739, 0.7327, 0.7369, 0.7335, 0.7383, 0.7396, 0.7411, 0.7389, 0.7452, 0.7362], [0.6757, 0.6728, 0.6722, 0.6692, 0.6678, 0.6768, 0.6722, 0.6775, 0.6738, 0.6712, 0.6742, 0.6683, 0.6703, 0.6712, 0.6712, 0.6721, 0.6702], [0.7163, 0.715, 0.7131, 0.716, 0.7137, 0.716, 0.7167, 0.7109, 0.718, 0.7132, 0.7145, 0.7188, 0.7123, 0.7153, 0.7143, 0.713, 0.7168]]	
Results: 	[[0.6879, 0.6886, 0.6875, 0.6919, 0.6913, 0.687, 0.6892, 0.6884, 0.6913, 0.6856, 0.6863, 0.6869, 0.6899, 0.689, 0.6885, 0.6865, 0.6875, 0.6863], [0.6391, 0.6367, 0.6412, 0.6326, 0.6377, 0.6302, 0.6302, 0.6417, 0.6338, 0.6333, 0.6309, 0.6367, 0.6289, 0.6318, 0.6378, 0.6254, 0.6364, 0.64], [0.6962, 0.696, 0.6989, 0.6945, 0.6983, 0.6998, 0.6952, 0.6938, 0.6917, 0.6959, 0.6962, 0.6962, 0.6927, 0.6968, 0.6966, 0.6923, 0.6981, 0.6961], [0.7377, 0.7375, 0.7376, 0.7369, 0.7396, 0.7335, 0.7368, 0.739, 0.7327, 0.7369, 0.7335, 0.7383, 0.7396, 0.7411, 0.7389, 0.7452, 0.7362, 0.7348], [0.6757, 0.6728, 0.6722, 0.6692, 0.6678, 0.6768, 0.6722, 0.6775, 0.6738, 0.6712, 0.6742, 0.6683, 0.6703, 0.6712, 0.6712, 0.6721, 0.6702, 0.6725], [0.7163, 0.715, 0.7131, 0.716, 0.7137, 0.716, 0.7167, 0.7109, 0.718, 0.7132, 0.7145, 0.7188, 0.7123, 0.7153, 0.7143, 0.713, 0.7168, 0.7162]]	
Results: 	[[0.6879, 0.6886, 0.6875, 0.6919, 0.6913, 0.687, 0.6892, 0.6884, 0.6913, 0.6856, 0.6863, 0.6869, 0.6899, 0.689, 0.6885, 0.6865, 0.6875, 0.6863, 0.6878], [0.6391, 0.6367, 0.6412, 0.6326, 0.6377, 0.6302, 0.6302, 0.6417, 0.6338, 0.6333, 0.6309, 0.6367, 0.6289, 0.6318, 0.6378, 0.6254, 0.6364, 0.64, 0.6326], [0.6962, 0.696, 0.6989, 0.6945, 0.6983, 0.6998, 0.6952, 0.6938, 0.6917, 0.6959, 0.6962, 0.6962, 0.6927, 0.6968, 0.6966, 0.6923, 0.6981, 0.6961, 0.6941], [0.7377, 0.7375, 0.7376, 0.7369, 0.7396, 0.7335, 0.7368, 0.739, 0.7327, 0.7369, 0.7335, 0.7383, 0.7396, 0.7411, 0.7389, 0.7452, 0.7362, 0.7348, 0.7369], [0.6757, 0.6728, 0.6722, 0.6692, 0.6678, 0.6768, 0.6722, 0.6775, 0.6738, 0.6712, 0.6742, 0.6683, 0.6703, 0.6712, 0.6712, 0.6721, 0.6702, 0.6725, 0.6727], [0.7163, 0.715, 0.7131, 0.716, 0.7137, 0.716, 0.7167, 0.7109, 0.718, 0.7132, 0.7145, 0.7188, 0.7123, 0.7153, 0.7143, 0.713, 0.7168, 0.7162, 0.7195]]	
Results: 	[[0.6879, 0.6886, 0.6875, 0.6919, 0.6913, 0.687, 0.6892, 0.6884, 0.6913, 0.6856, 0.6863, 0.6869, 0.6899, 0.689, 0.6885, 0.6865, 0.6875, 0.6863, 0.6878, 0.6915], [0.6391, 0.6367, 0.6412, 0.6326, 0.6377, 0.6302, 0.6302, 0.6417, 0.6338, 0.6333, 0.6309, 0.6367, 0.6289, 0.6318, 0.6378, 0.6254, 0.6364, 0.64, 0.6326, 0.631], [0.6962, 0.696, 0.6989, 0.6945, 0.6983, 0.6998, 0.6952, 0.6938, 0.6917, 0.6959, 0.6962, 0.6962, 0.6927, 0.6968, 0.6966, 0.6923, 0.6981, 0.6961, 0.6941, 0.694], [0.7377, 0.7375, 0.7376, 0.7369, 0.7396, 0.7335, 0.7368, 0.739, 0.7327, 0.7369, 0.7335, 0.7383, 0.7396, 0.7411, 0.7389, 0.7452, 0.7362, 0.7348, 0.7369, 0.7341], [0.6757, 0.6728, 0.6722, 0.6692, 0.6678, 0.6768, 0.6722, 0.6775, 0.6738, 0.6712, 0.6742, 0.6683, 0.6703, 0.6712, 0.6712, 0.6721, 0.6702, 0.6725, 0.6727, 0.6706], [0.7163, 0.715, 0.7131, 0.716, 0.7137, 0.716, 0.7167, 0.7109, 0.718, 0.7132, 0.7145, 0.7188, 0.7123, 0.7153, 0.7143, 0.713, 0.7168, 0.7162, 0.7195, 0.7187]]	
Results: 	[[0.6879, 0.6886, 0.6875, 0.6919, 0.6913, 0.687, 0.6892, 0.6884, 0.6913, 0.6856, 0.6863, 0.6869, 0.6899, 0.689, 0.6885, 0.6865, 0.6875, 0.6863, 0.6878, 0.6915, 0.6881], [0.6391, 0.6367, 0.6412, 0.6326, 0.6377, 0.6302, 0.6302, 0.6417, 0.6338, 0.6333, 0.6309, 0.6367, 0.6289, 0.6318, 0.6378, 0.6254, 0.6364, 0.64, 0.6326, 0.631, 0.6322], [0.6962, 0.696, 0.6989, 0.6945, 0.6983, 0.6998, 0.6952, 0.6938, 0.6917, 0.6959, 0.6962, 0.6962, 0.6927, 0.6968, 0.6966, 0.6923, 0.6981, 0.6961, 0.6941, 0.694, 0.6939], [0.7377, 0.7375, 0.7376, 0.7369, 0.7396, 0.7335, 0.7368, 0.739, 0.7327, 0.7369, 0.7335, 0.7383, 0.7396, 0.7411, 0.7389, 0.7452, 0.7362, 0.7348, 0.7369, 0.7341, 0.7362], [0.6757, 0.6728, 0.6722, 0.6692, 0.6678, 0.6768, 0.6722, 0.6775, 0.6738, 0.6712, 0.6742, 0.6683, 0.6703, 0.6712, 0.6712, 0.6721, 0.6702, 0.6725, 0.6727, 0.6706, 0.669], [0.7163, 0.715, 0.7131, 0.716, 0.7137, 0.716, 0.7167, 0.7109, 0.718, 0.7132, 0.7145, 0.7188, 0.7123, 0.7153, 0.7143, 0.713, 0.7168, 0.7162, 0.7195, 0.7187, 0.7216]]	
Results: 	[[0.6879, 0.6886, 0.6875, 0.6919, 0.6913, 0.687, 0.6892, 0.6884, 0.6913, 0.6856, 0.6863, 0.6869, 0.6899, 0.689, 0.6885, 0.6865, 0.6875, 0.6863, 0.6878, 0.6915, 0.6881, 0.688], [0.6391, 0.6367, 0.6412, 0.6326, 0.6377, 0.6302, 0.6302, 0.6417, 0.6338, 0.6333, 0.6309, 0.6367, 0.6289, 0.6318, 0.6378, 0.6254, 0.6364, 0.64, 0.6326, 0.631, 0.6322, 0.6315], [0.6962, 0.696, 0.6989, 0.6945, 0.6983, 0.6998, 0.6952, 0.6938, 0.6917, 0.6959, 0.6962, 0.6962, 0.6927, 0.6968, 0.6966, 0.6923, 0.6981, 0.6961, 0.6941, 0.694, 0.6939, 0.6989], [0.7377, 0.7375, 0.7376, 0.7369, 0.7396, 0.7335, 0.7368, 0.739, 0.7327, 0.7369, 0.7335, 0.7383, 0.7396, 0.7411, 0.7389, 0.7452, 0.7362, 0.7348, 0.7369, 0.7341, 0.7362, 0.7355], [0.6757, 0.6728, 0.6722, 0.6692, 0.6678, 0.6768, 0.6722, 0.6775, 0.6738, 0.6712, 0.6742, 0.6683, 0.6703, 0.6712, 0.6712, 0.6721, 0.6702, 0.6725, 0.6727, 0.6706, 0.669, 0.6747], [0.7163, 0.715, 0.7131, 0.716, 0.7137, 0.716, 0.7167, 0.7109, 0.718, 0.7132, 0.7145, 0.7188, 0.7123, 0.7153, 0.7143, 0.713, 0.7168, 0.7162, 0.7195, 0.7187, 0.7216, 0.7138]]	
Results: 	[[0.6879, 0.6886, 0.6875, 0.6919, 0.6913, 0.687, 0.6892, 0.6884, 0.6913, 0.6856, 0.6863, 0.6869, 0.6899, 0.689, 0.6885, 0.6865, 0.6875, 0.6863, 0.6878, 0.6915, 0.6881, 0.688, 0.6891], [0.6391, 0.6367, 0.6412, 0.6326, 0.6377, 0.6302, 0.6302, 0.6417, 0.6338, 0.6333, 0.6309, 0.6367, 0.6289, 0.6318, 0.6378, 0.6254, 0.6364, 0.64, 0.6326, 0.631, 0.6322, 0.6315, 0.6294], [0.6962, 0.696, 0.6989, 0.6945, 0.6983, 0.6998, 0.6952, 0.6938, 0.6917, 0.6959, 0.6962, 0.6962, 0.6927, 0.6968, 0.6966, 0.6923, 0.6981, 0.6961, 0.6941, 0.694, 0.6939, 0.6989, 0.6975], [0.7377, 0.7375, 0.7376, 0.7369, 0.7396, 0.7335, 0.7368, 0.739, 0.7327, 0.7369, 0.7335, 0.7383, 0.7396, 0.7411, 0.7389, 0.7452, 0.7362, 0.7348, 0.7369, 0.7341, 0.7362, 0.7355, 0.7341], [0.6757, 0.6728, 0.6722, 0.6692, 0.6678, 0.6768, 0.6722, 0.6775, 0.6738, 0.6712, 0.6742, 0.6683, 0.6703, 0.6712, 0.6712, 0.6721, 0.6702, 0.6725, 0.6727, 0.6706, 0.669, 0.6747, 0.6682], [0.7163, 0.715, 0.7131, 0.716, 0.7137, 0.716, 0.7167, 0.7109, 0.718, 0.7132, 0.7145, 0.7188, 0.7123, 0.7153, 0.7143, 0.713, 0.7168, 0.7162, 0.7195, 0.7187, 0.7216, 0.7138, 0.7146]]	
Results: 	[[0.6879, 0.6886, 0.6875, 0.6919, 0.6913, 0.687, 0.6892, 0.6884, 0.6913, 0.6856, 0.6863, 0.6869, 0.6899, 0.689, 0.6885, 0.6865, 0.6875, 0.6863, 0.6878, 0.6915, 0.6881, 0.688, 0.6891, 0.6925], [0.6391, 0.6367, 0.6412, 0.6326, 0.6377, 0.6302, 0.6302, 0.6417, 0.6338, 0.6333, 0.6309, 0.6367, 0.6289, 0.6318, 0.6378, 0.6254, 0.6364, 0.64, 0.6326, 0.631, 0.6322, 0.6315, 0.6294, 0.6354], [0.6962, 0.696, 0.6989, 0.6945, 0.6983, 0.6998, 0.6952, 0.6938, 0.6917, 0.6959, 0.6962, 0.6962, 0.6927, 0.6968, 0.6966, 0.6923, 0.6981, 0.6961, 0.6941, 0.694, 0.6939, 0.6989, 0.6975, 0.6918], [0.7377, 0.7375, 0.7376, 0.7369, 0.7396, 0.7335, 0.7368, 0.739, 0.7327, 0.7369, 0.7335, 0.7383, 0.7396, 0.7411, 0.7389, 0.7452, 0.7362, 0.7348, 0.7369, 0.7341, 0.7362, 0.7355, 0.7341, 0.7389], [0.6757, 0.6728, 0.6722, 0.6692, 0.6678, 0.6768, 0.6722, 0.6775, 0.6738, 0.6712, 0.6742, 0.6683, 0.6703, 0.6712, 0.6712, 0.6721, 0.6702, 0.6725, 0.6727, 0.6706, 0.669, 0.6747, 0.6682, 0.6737], [0.7163, 0.715, 0.7131, 0.716, 0.7137, 0.716, 0.7167, 0.7109, 0.718, 0.7132, 0.7145, 0.7188, 0.7123, 0.7153, 0.7143, 0.713, 0.7168, 0.7162, 0.7195, 0.7187, 0.7216, 0.7138, 0.7146, 0.7122]]	
Results: 	[[0.6879, 0.6886, 0.6875, 0.6919, 0.6913, 0.687, 0.6892, 0.6884, 0.6913, 0.6856, 0.6863, 0.6869, 0.6899, 0.689, 0.6885, 0.6865, 0.6875, 0.6863, 0.6878, 0.6915, 0.6881, 0.688, 0.6891, 0.6925, 0.6893], [0.6391, 0.6367, 0.6412, 0.6326, 0.6377, 0.6302, 0.6302, 0.6417, 0.6338, 0.6333, 0.6309, 0.6367, 0.6289, 0.6318, 0.6378, 0.6254, 0.6364, 0.64, 0.6326, 0.631, 0.6322, 0.6315, 0.6294, 0.6354, 0.6309], [0.6962, 0.696, 0.6989, 0.6945, 0.6983, 0.6998, 0.6952, 0.6938, 0.6917, 0.6959, 0.6962, 0.6962, 0.6927, 0.6968, 0.6966, 0.6923, 0.6981, 0.6961, 0.6941, 0.694, 0.6939, 0.6989, 0.6975, 0.6918, 0.6918], [0.7377, 0.7375, 0.7376, 0.7369, 0.7396, 0.7335, 0.7368, 0.739, 0.7327, 0.7369, 0.7335, 0.7383, 0.7396, 0.7411, 0.7389, 0.7452, 0.7362, 0.7348, 0.7369, 0.7341, 0.7362, 0.7355, 0.7341, 0.7389, 0.7349], [0.6757, 0.6728, 0.6722, 0.6692, 0.6678, 0.6768, 0.6722, 0.6775, 0.6738, 0.6712, 0.6742, 0.6683, 0.6703, 0.6712, 0.6712, 0.6721, 0.6702, 0.6725, 0.6727, 0.6706, 0.669, 0.6747, 0.6682, 0.6737, 0.6719], [0.7163, 0.715, 0.7131, 0.716, 0.7137, 0.716, 0.7167, 0.7109, 0.718, 0.7132, 0.7145, 0.7188, 0.7123, 0.7153, 0.7143, 0.713, 0.7168, 0.7162, 0.7195, 0.7187, 0.7216, 0.7138, 0.7146, 0.7122, 0.7174]]	
Results: 	[[0.6879, 0.6886, 0.6875, 0.6919, 0.6913, 0.687, 0.6892, 0.6884, 0.6913, 0.6856, 0.6863, 0.6869, 0.6899, 0.689, 0.6885, 0.6865, 0.6875, 0.6863, 0.6878, 0.6915, 0.6881, 0.688, 0.6891, 0.6925, 0.6893, 0.6872], [0.6391, 0.6367, 0.6412, 0.6326, 0.6377, 0.6302, 0.6302, 0.6417, 0.6338, 0.6333, 0.6309, 0.6367, 0.6289, 0.6318, 0.6378, 0.6254, 0.6364, 0.64, 0.6326, 0.631, 0.6322, 0.6315, 0.6294, 0.6354, 0.6309, 0.6341], [0.6962, 0.696, 0.6989, 0.6945, 0.6983, 0.6998, 0.6952, 0.6938, 0.6917, 0.6959, 0.6962, 0.6962, 0.6927, 0.6968, 0.6966, 0.6923, 0.6981, 0.6961, 0.6941, 0.694, 0.6939, 0.6989, 0.6975, 0.6918, 0.6918, 0.6911], [0.7377, 0.7375, 0.7376, 0.7369, 0.7396, 0.7335, 0.7368, 0.739, 0.7327, 0.7369, 0.7335, 0.7383, 0.7396, 0.7411, 0.7389, 0.7452, 0.7362, 0.7348, 0.7369, 0.7341, 0.7362, 0.7355, 0.7341, 0.7389, 0.7349, 0.7397], [0.6757, 0.6728, 0.6722, 0.6692, 0.6678, 0.6768, 0.6722, 0.6775, 0.6738, 0.6712, 0.6742, 0.6683, 0.6703, 0.6712, 0.6712, 0.6721, 0.6702, 0.6725, 0.6727, 0.6706, 0.669, 0.6747, 0.6682, 0.6737, 0.6719, 0.6708], [0.7163, 0.715, 0.7131, 0.716, 0.7137, 0.716, 0.7167, 0.7109, 0.718, 0.7132, 0.7145, 0.7188, 0.7123, 0.7153, 0.7143, 0.713, 0.7168, 0.7162, 0.7195, 0.7187, 0.7216, 0.7138, 0.7146, 0.7122, 0.7174, 0.7146]]	
Results: 	[[0.6879, 0.6886, 0.6875, 0.6919, 0.6913, 0.687, 0.6892, 0.6884, 0.6913, 0.6856, 0.6863, 0.6869, 0.6899, 0.689, 0.6885, 0.6865, 0.6875, 0.6863, 0.6878, 0.6915, 0.6881, 0.688, 0.6891, 0.6925, 0.6893, 0.6872, 0.6899], [0.6391, 0.6367, 0.6412, 0.6326, 0.6377, 0.6302, 0.6302, 0.6417, 0.6338, 0.6333, 0.6309, 0.6367, 0.6289, 0.6318, 0.6378, 0.6254, 0.6364, 0.64, 0.6326, 0.631, 0.6322, 0.6315, 0.6294, 0.6354, 0.6309, 0.6341, 0.6349], [0.6962, 0.696, 0.6989, 0.6945, 0.6983, 0.6998, 0.6952, 0.6938, 0.6917, 0.6959, 0.6962, 0.6962, 0.6927, 0.6968, 0.6966, 0.6923, 0.6981, 0.6961, 0.6941, 0.694, 0.6939, 0.6989, 0.6975, 0.6918, 0.6918, 0.6911, 0.6932], [0.7377, 0.7375, 0.7376, 0.7369, 0.7396, 0.7335, 0.7368, 0.739, 0.7327, 0.7369, 0.7335, 0.7383, 0.7396, 0.7411, 0.7389, 0.7452, 0.7362, 0.7348, 0.7369, 0.7341, 0.7362, 0.7355, 0.7341, 0.7389, 0.7349, 0.7397, 0.7362], [0.6757, 0.6728, 0.6722, 0.6692, 0.6678, 0.6768, 0.6722, 0.6775, 0.6738, 0.6712, 0.6742, 0.6683, 0.6703, 0.6712, 0.6712, 0.6721, 0.6702, 0.6725, 0.6727, 0.6706, 0.669, 0.6747, 0.6682, 0.6737, 0.6719, 0.6708, 0.671], [0.7163, 0.715, 0.7131, 0.716, 0.7137, 0.716, 0.7167, 0.7109, 0.718, 0.7132, 0.7145, 0.7188, 0.7123, 0.7153, 0.7143, 0.713, 0.7168, 0.7162, 0.7195, 0.7187, 0.7216, 0.7138, 0.7146, 0.7122, 0.7174, 0.7146, 0.7165]]	
Results: 	[[0.6879, 0.6886, 0.6875, 0.6919, 0.6913, 0.687, 0.6892, 0.6884, 0.6913, 0.6856, 0.6863, 0.6869, 0.6899, 0.689, 0.6885, 0.6865, 0.6875, 0.6863, 0.6878, 0.6915, 0.6881, 0.688, 0.6891, 0.6925, 0.6893, 0.6872, 0.6899, 0.6921], [0.6391, 0.6367, 0.6412, 0.6326, 0.6377, 0.6302, 0.6302, 0.6417, 0.6338, 0.6333, 0.6309, 0.6367, 0.6289, 0.6318, 0.6378, 0.6254, 0.6364, 0.64, 0.6326, 0.631, 0.6322, 0.6315, 0.6294, 0.6354, 0.6309, 0.6341, 0.6349, 0.6339], [0.6962, 0.696, 0.6989, 0.6945, 0.6983, 0.6998, 0.6952, 0.6938, 0.6917, 0.6959, 0.6962, 0.6962, 0.6927, 0.6968, 0.6966, 0.6923, 0.6981, 0.6961, 0.6941, 0.694, 0.6939, 0.6989, 0.6975, 0.6918, 0.6918, 0.6911, 0.6932, 0.6947], [0.7377, 0.7375, 0.7376, 0.7369, 0.7396, 0.7335, 0.7368, 0.739, 0.7327, 0.7369, 0.7335, 0.7383, 0.7396, 0.7411, 0.7389, 0.7452, 0.7362, 0.7348, 0.7369, 0.7341, 0.7362, 0.7355, 0.7341, 0.7389, 0.7349, 0.7397, 0.7362, 0.7362], [0.6757, 0.6728, 0.6722, 0.6692, 0.6678, 0.6768, 0.6722, 0.6775, 0.6738, 0.6712, 0.6742, 0.6683, 0.6703, 0.6712, 0.6712, 0.6721, 0.6702, 0.6725, 0.6727, 0.6706, 0.669, 0.6747, 0.6682, 0.6737, 0.6719, 0.6708, 0.671, 0.6741], [0.7163, 0.715, 0.7131, 0.716, 0.7137, 0.716, 0.7167, 0.7109, 0.718, 0.7132, 0.7145, 0.7188, 0.7123, 0.7153, 0.7143, 0.713, 0.7168, 0.7162, 0.7195, 0.7187, 0.7216, 0.7138, 0.7146, 0.7122, 0.7174, 0.7146, 0.7165, 0.7139]]	
Results: 	[[0.6879, 0.6886, 0.6875, 0.6919, 0.6913, 0.687, 0.6892, 0.6884, 0.6913, 0.6856, 0.6863, 0.6869, 0.6899, 0.689, 0.6885, 0.6865, 0.6875, 0.6863, 0.6878, 0.6915, 0.6881, 0.688, 0.6891, 0.6925, 0.6893, 0.6872, 0.6899, 0.6921, 0.6871], [0.6391, 0.6367, 0.6412, 0.6326, 0.6377, 0.6302, 0.6302, 0.6417, 0.6338, 0.6333, 0.6309, 0.6367, 0.6289, 0.6318, 0.6378, 0.6254, 0.6364, 0.64, 0.6326, 0.631, 0.6322, 0.6315, 0.6294, 0.6354, 0.6309, 0.6341, 0.6349, 0.6339, 0.6339], [0.6962, 0.696, 0.6989, 0.6945, 0.6983, 0.6998, 0.6952, 0.6938, 0.6917, 0.6959, 0.6962, 0.6962, 0.6927, 0.6968, 0.6966, 0.6923, 0.6981, 0.6961, 0.6941, 0.694, 0.6939, 0.6989, 0.6975, 0.6918, 0.6918, 0.6911, 0.6932, 0.6947, 0.6948], [0.7377, 0.7375, 0.7376, 0.7369, 0.7396, 0.7335, 0.7368, 0.739, 0.7327, 0.7369, 0.7335, 0.7383, 0.7396, 0.7411, 0.7389, 0.7452, 0.7362, 0.7348, 0.7369, 0.7341, 0.7362, 0.7355, 0.7341, 0.7389, 0.7349, 0.7397, 0.7362, 0.7362, 0.7362], [0.6757, 0.6728, 0.6722, 0.6692, 0.6678, 0.6768, 0.6722, 0.6775, 0.6738, 0.6712, 0.6742, 0.6683, 0.6703, 0.6712, 0.6712, 0.6721, 0.6702, 0.6725, 0.6727, 0.6706, 0.669, 0.6747, 0.6682, 0.6737, 0.6719, 0.6708, 0.671, 0.6741, 0.6718], [0.7163, 0.715, 0.7131, 0.716, 0.7137, 0.716, 0.7167, 0.7109, 0.718, 0.7132, 0.7145, 0.7188, 0.7123, 0.7153, 0.7143, 0.713, 0.7168, 0.7162, 0.7195, 0.7187, 0.7216, 0.7138, 0.7146, 0.7122, 0.7174, 0.7146, 0.7165, 0.7139, 0.716]]	
Results: 	[[0.6879, 0.6886, 0.6875, 0.6919, 0.6913, 0.687, 0.6892, 0.6884, 0.6913, 0.6856, 0.6863, 0.6869, 0.6899, 0.689, 0.6885, 0.6865, 0.6875, 0.6863, 0.6878, 0.6915, 0.6881, 0.688, 0.6891, 0.6925, 0.6893, 0.6872, 0.6899, 0.6921, 0.6871, 0.6872], [0.6391, 0.6367, 0.6412, 0.6326, 0.6377, 0.6302, 0.6302, 0.6417, 0.6338, 0.6333, 0.6309, 0.6367, 0.6289, 0.6318, 0.6378, 0.6254, 0.6364, 0.64, 0.6326, 0.631, 0.6322, 0.6315, 0.6294, 0.6354, 0.6309, 0.6341, 0.6349, 0.6339, 0.6339, 0.6341], [0.6962, 0.696, 0.6989, 0.6945, 0.6983, 0.6998, 0.6952, 0.6938, 0.6917, 0.6959, 0.6962, 0.6962, 0.6927, 0.6968, 0.6966, 0.6923, 0.6981, 0.6961, 0.6941, 0.694, 0.6939, 0.6989, 0.6975, 0.6918, 0.6918, 0.6911, 0.6932, 0.6947, 0.6948, 0.6917], [0.7377, 0.7375, 0.7376, 0.7369, 0.7396, 0.7335, 0.7368, 0.739, 0.7327, 0.7369, 0.7335, 0.7383, 0.7396, 0.7411, 0.7389, 0.7452, 0.7362, 0.7348, 0.7369, 0.7341, 0.7362, 0.7355, 0.7341, 0.7389, 0.7349, 0.7397, 0.7362, 0.7362, 0.7362, 0.7347], [0.6757, 0.6728, 0.6722, 0.6692, 0.6678, 0.6768, 0.6722, 0.6775, 0.6738, 0.6712, 0.6742, 0.6683, 0.6703, 0.6712, 0.6712, 0.6721, 0.6702, 0.6725, 0.6727, 0.6706, 0.669, 0.6747, 0.6682, 0.6737, 0.6719, 0.6708, 0.671, 0.6741, 0.6718, 0.6698], [0.7163, 0.715, 0.7131, 0.716, 0.7137, 0.716, 0.7167, 0.7109, 0.718, 0.7132, 0.7145, 0.7188, 0.7123, 0.7153, 0.7143, 0.713, 0.7168, 0.7162, 0.7195, 0.7187, 0.7216, 0.7138, 0.7146, 0.7122, 0.7174, 0.7146, 0.7165, 0.7139, 0.716, 0.7206]]
Support Sets: (Mean:0.6886466666666666, SD:0.0019094562023009966) | 	Support Sets: (Mean:0.6339433333333333, SD:0.0038116593665275065) | 	Support Sets: (Mean:0.6950933333333333, SD:0.0024301175412658176) | 	Support Sets: (Mean:0.73698, SD:0.0026177642474394815) | 	Support Sets: (Mean:0.6719166666666667, SD:0.002427299241790218) | 	Support Sets: (Mean:0.71565, SD:0.002547310955389683) | 	
