Results: 	[[0.6601], [0.8203], [0.6898], [0.537], [0.4097], [0.6841]]	
Results: 	[[0.6601, 0.6673], [0.8203, 0.8432], [0.6898, 0.6891], [0.537, 0.5741], [0.4097, 0.5253], [0.6841, 0.6894]]	
Results: 	[[0.6601, 0.6673, 0.6566], [0.8203, 0.8432, 0.8458], [0.6898, 0.6891, 0.6918], [0.537, 0.5741, 0.5792], [0.4097, 0.5253, 0.4706], [0.6841, 0.6894, 0.6931]]	
Results: 	[[0.6601, 0.6673, 0.6566, 0.5177], [0.8203, 0.8432, 0.8458, 0.866], [0.6898, 0.6891, 0.6918, 0.6942], [0.537, 0.5741, 0.5792, 0.5508], [0.4097, 0.5253, 0.4706, 0.5961], [0.6841, 0.6894, 0.6931, 0.6587]]	
Results: 	[[0.6601, 0.6673, 0.6566, 0.5177, 0.5586], [0.8203, 0.8432, 0.8458, 0.866, 0.8791], [0.6898, 0.6891, 0.6918, 0.6942, 0.6968], [0.537, 0.5741, 0.5792, 0.5508, 0.5746], [0.4097, 0.5253, 0.4706, 0.5961, 0.4262], [0.6841, 0.6894, 0.6931, 0.6587, 0.6959]]	
Results: 	[[0.6601, 0.6673, 0.6566, 0.5177, 0.5586, 0.66], [0.8203, 0.8432, 0.8458, 0.866, 0.8791, 0.8298], [0.6898, 0.6891, 0.6918, 0.6942, 0.6968, 0.6611], [0.537, 0.5741, 0.5792, 0.5508, 0.5746, 0.5431], [0.4097, 0.5253, 0.4706, 0.5961, 0.4262, 0.5137], [0.6841, 0.6894, 0.6931, 0.6587, 0.6959, 0.6937]]	
Results: 	[[0.6601, 0.6673, 0.6566, 0.5177, 0.5586, 0.66, 0.6159], [0.8203, 0.8432, 0.8458, 0.866, 0.8791, 0.8298, 0.8591], [0.6898, 0.6891, 0.6918, 0.6942, 0.6968, 0.6611, 0.6633], [0.537, 0.5741, 0.5792, 0.5508, 0.5746, 0.5431, 0.5465], [0.4097, 0.5253, 0.4706, 0.5961, 0.4262, 0.5137, 0.4555], [0.6841, 0.6894, 0.6931, 0.6587, 0.6959, 0.6937, 0.676]]	
Results: 	[[0.6601, 0.6673, 0.6566, 0.5177, 0.5586, 0.66, 0.6159, 0.6557], [0.8203, 0.8432, 0.8458, 0.866, 0.8791, 0.8298, 0.8591, 0.8528], [0.6898, 0.6891, 0.6918, 0.6942, 0.6968, 0.6611, 0.6633, 0.6792], [0.537, 0.5741, 0.5792, 0.5508, 0.5746, 0.5431, 0.5465, 0.5172], [0.4097, 0.5253, 0.4706, 0.5961, 0.4262, 0.5137, 0.4555, 0.443], [0.6841, 0.6894, 0.6931, 0.6587, 0.6959, 0.6937, 0.676, 0.6894]]	
Results: 	[[0.6601, 0.6673, 0.6566, 0.5177, 0.5586, 0.66, 0.6159, 0.6557, 0.6348], [0.8203, 0.8432, 0.8458, 0.866, 0.8791, 0.8298, 0.8591, 0.8528, 0.8718], [0.6898, 0.6891, 0.6918, 0.6942, 0.6968, 0.6611, 0.6633, 0.6792, 0.6888], [0.537, 0.5741, 0.5792, 0.5508, 0.5746, 0.5431, 0.5465, 0.5172, 0.5406], [0.4097, 0.5253, 0.4706, 0.5961, 0.4262, 0.5137, 0.4555, 0.443, 0.3501], [0.6841, 0.6894, 0.6931, 0.6587, 0.6959, 0.6937, 0.676, 0.6894, 0.6823]]	
Results: 	[[0.6601, 0.6673, 0.6566, 0.5177, 0.5586, 0.66, 0.6159, 0.6557, 0.6348, 0.6651], [0.8203, 0.8432, 0.8458, 0.866, 0.8791, 0.8298, 0.8591, 0.8528, 0.8718, 0.847], [0.6898, 0.6891, 0.6918, 0.6942, 0.6968, 0.6611, 0.6633, 0.6792, 0.6888, 0.6238], [0.537, 0.5741, 0.5792, 0.5508, 0.5746, 0.5431, 0.5465, 0.5172, 0.5406, 0.5509], [0.4097, 0.5253, 0.4706, 0.5961, 0.4262, 0.5137, 0.4555, 0.443, 0.3501, 0.3191], [0.6841, 0.6894, 0.6931, 0.6587, 0.6959, 0.6937, 0.676, 0.6894, 0.6823, 0.6861]]	
Results: 	[[0.6601, 0.6673, 0.6566, 0.5177, 0.5586, 0.66, 0.6159, 0.6557, 0.6348, 0.6651, 0.6404], [0.8203, 0.8432, 0.8458, 0.866, 0.8791, 0.8298, 0.8591, 0.8528, 0.8718, 0.847, 0.8387], [0.6898, 0.6891, 0.6918, 0.6942, 0.6968, 0.6611, 0.6633, 0.6792, 0.6888, 0.6238, 0.6228], [0.537, 0.5741, 0.5792, 0.5508, 0.5746, 0.5431, 0.5465, 0.5172, 0.5406, 0.5509, 0.5719], [0.4097, 0.5253, 0.4706, 0.5961, 0.4262, 0.5137, 0.4555, 0.443, 0.3501, 0.3191, 0.3643], [0.6841, 0.6894, 0.6931, 0.6587, 0.6959, 0.6937, 0.676, 0.6894, 0.6823, 0.6861, 0.6776]]	
Results: 	[[0.6601, 0.6673, 0.6566, 0.5177, 0.5586, 0.66, 0.6159, 0.6557, 0.6348, 0.6651, 0.6404, 0.6575], [0.8203, 0.8432, 0.8458, 0.866, 0.8791, 0.8298, 0.8591, 0.8528, 0.8718, 0.847, 0.8387, 0.8396], [0.6898, 0.6891, 0.6918, 0.6942, 0.6968, 0.6611, 0.6633, 0.6792, 0.6888, 0.6238, 0.6228, 0.6913], [0.537, 0.5741, 0.5792, 0.5508, 0.5746, 0.5431, 0.5465, 0.5172, 0.5406, 0.5509, 0.5719, 0.5603], [0.4097, 0.5253, 0.4706, 0.5961, 0.4262, 0.5137, 0.4555, 0.443, 0.3501, 0.3191, 0.3643, 0.5625], [0.6841, 0.6894, 0.6931, 0.6587, 0.6959, 0.6937, 0.676, 0.6894, 0.6823, 0.6861, 0.6776, 0.6931]]	
Results: 	[[0.6601, 0.6673, 0.6566, 0.5177, 0.5586, 0.66, 0.6159, 0.6557, 0.6348, 0.6651, 0.6404, 0.6575, 0.6394], [0.8203, 0.8432, 0.8458, 0.866, 0.8791, 0.8298, 0.8591, 0.8528, 0.8718, 0.847, 0.8387, 0.8396, 0.8568], [0.6898, 0.6891, 0.6918, 0.6942, 0.6968, 0.6611, 0.6633, 0.6792, 0.6888, 0.6238, 0.6228, 0.6913, 0.6879], [0.537, 0.5741, 0.5792, 0.5508, 0.5746, 0.5431, 0.5465, 0.5172, 0.5406, 0.5509, 0.5719, 0.5603, 0.5462], [0.4097, 0.5253, 0.4706, 0.5961, 0.4262, 0.5137, 0.4555, 0.443, 0.3501, 0.3191, 0.3643, 0.5625, 0.5444], [0.6841, 0.6894, 0.6931, 0.6587, 0.6959, 0.6937, 0.676, 0.6894, 0.6823, 0.6861, 0.6776, 0.6931, 0.6915]]	
Results: 	[[0.6601, 0.6673, 0.6566, 0.5177, 0.5586, 0.66, 0.6159, 0.6557, 0.6348, 0.6651, 0.6404, 0.6575, 0.6394, 0.6536], [0.8203, 0.8432, 0.8458, 0.866, 0.8791, 0.8298, 0.8591, 0.8528, 0.8718, 0.847, 0.8387, 0.8396, 0.8568, 0.8741], [0.6898, 0.6891, 0.6918, 0.6942, 0.6968, 0.6611, 0.6633, 0.6792, 0.6888, 0.6238, 0.6228, 0.6913, 0.6879, 0.6927], [0.537, 0.5741, 0.5792, 0.5508, 0.5746, 0.5431, 0.5465, 0.5172, 0.5406, 0.5509, 0.5719, 0.5603, 0.5462, 0.5336], [0.4097, 0.5253, 0.4706, 0.5961, 0.4262, 0.5137, 0.4555, 0.443, 0.3501, 0.3191, 0.3643, 0.5625, 0.5444, 0.5211], [0.6841, 0.6894, 0.6931, 0.6587, 0.6959, 0.6937, 0.676, 0.6894, 0.6823, 0.6861, 0.6776, 0.6931, 0.6915, 0.6894]]	
Results: 	[[0.6601, 0.6673, 0.6566, 0.5177, 0.5586, 0.66, 0.6159, 0.6557, 0.6348, 0.6651, 0.6404, 0.6575, 0.6394, 0.6536, 0.659], [0.8203, 0.8432, 0.8458, 0.866, 0.8791, 0.8298, 0.8591, 0.8528, 0.8718, 0.847, 0.8387, 0.8396, 0.8568, 0.8741, 0.8676], [0.6898, 0.6891, 0.6918, 0.6942, 0.6968, 0.6611, 0.6633, 0.6792, 0.6888, 0.6238, 0.6228, 0.6913, 0.6879, 0.6927, 0.6694], [0.537, 0.5741, 0.5792, 0.5508, 0.5746, 0.5431, 0.5465, 0.5172, 0.5406, 0.5509, 0.5719, 0.5603, 0.5462, 0.5336, 0.5723], [0.4097, 0.5253, 0.4706, 0.5961, 0.4262, 0.5137, 0.4555, 0.443, 0.3501, 0.3191, 0.3643, 0.5625, 0.5444, 0.5211, 0.3559], [0.6841, 0.6894, 0.6931, 0.6587, 0.6959, 0.6937, 0.676, 0.6894, 0.6823, 0.6861, 0.6776, 0.6931, 0.6915, 0.6894, 0.6849]]	
Results: 	[[0.6601, 0.6673, 0.6566, 0.5177, 0.5586, 0.66, 0.6159, 0.6557, 0.6348, 0.6651, 0.6404, 0.6575, 0.6394, 0.6536, 0.659, 0.6386], [0.8203, 0.8432, 0.8458, 0.866, 0.8791, 0.8298, 0.8591, 0.8528, 0.8718, 0.847, 0.8387, 0.8396, 0.8568, 0.8741, 0.8676, 0.8591], [0.6898, 0.6891, 0.6918, 0.6942, 0.6968, 0.6611, 0.6633, 0.6792, 0.6888, 0.6238, 0.6228, 0.6913, 0.6879, 0.6927, 0.6694, 0.7055], [0.537, 0.5741, 0.5792, 0.5508, 0.5746, 0.5431, 0.5465, 0.5172, 0.5406, 0.5509, 0.5719, 0.5603, 0.5462, 0.5336, 0.5723, 0.5111], [0.4097, 0.5253, 0.4706, 0.5961, 0.4262, 0.5137, 0.4555, 0.443, 0.3501, 0.3191, 0.3643, 0.5625, 0.5444, 0.5211, 0.3559, 0.4992], [0.6841, 0.6894, 0.6931, 0.6587, 0.6959, 0.6937, 0.676, 0.6894, 0.6823, 0.6861, 0.6776, 0.6931, 0.6915, 0.6894, 0.6849, 0.6875]]	
Results: 	[[0.6601, 0.6673, 0.6566, 0.5177, 0.5586, 0.66, 0.6159, 0.6557, 0.6348, 0.6651, 0.6404, 0.6575, 0.6394, 0.6536, 0.659, 0.6386, 0.6517], [0.8203, 0.8432, 0.8458, 0.866, 0.8791, 0.8298, 0.8591, 0.8528, 0.8718, 0.847, 0.8387, 0.8396, 0.8568, 0.8741, 0.8676, 0.8591, 0.8437], [0.6898, 0.6891, 0.6918, 0.6942, 0.6968, 0.6611, 0.6633, 0.6792, 0.6888, 0.6238, 0.6228, 0.6913, 0.6879, 0.6927, 0.6694, 0.7055, 0.6831], [0.537, 0.5741, 0.5792, 0.5508, 0.5746, 0.5431, 0.5465, 0.5172, 0.5406, 0.5509, 0.5719, 0.5603, 0.5462, 0.5336, 0.5723, 0.5111, 0.5454], [0.4097, 0.5253, 0.4706, 0.5961, 0.4262, 0.5137, 0.4555, 0.443, 0.3501, 0.3191, 0.3643, 0.5625, 0.5444, 0.5211, 0.3559, 0.4992, 0.4641], [0.6841, 0.6894, 0.6931, 0.6587, 0.6959, 0.6937, 0.676, 0.6894, 0.6823, 0.6861, 0.6776, 0.6931, 0.6915, 0.6894, 0.6849, 0.6875, 0.6857]]	
Results: 	[[0.6601, 0.6673, 0.6566, 0.5177, 0.5586, 0.66, 0.6159, 0.6557, 0.6348, 0.6651, 0.6404, 0.6575, 0.6394, 0.6536, 0.659, 0.6386, 0.6517, 0.6439], [0.8203, 0.8432, 0.8458, 0.866, 0.8791, 0.8298, 0.8591, 0.8528, 0.8718, 0.847, 0.8387, 0.8396, 0.8568, 0.8741, 0.8676, 0.8591, 0.8437, 0.8611], [0.6898, 0.6891, 0.6918, 0.6942, 0.6968, 0.6611, 0.6633, 0.6792, 0.6888, 0.6238, 0.6228, 0.6913, 0.6879, 0.6927, 0.6694, 0.7055, 0.6831, 0.693], [0.537, 0.5741, 0.5792, 0.5508, 0.5746, 0.5431, 0.5465, 0.5172, 0.5406, 0.5509, 0.5719, 0.5603, 0.5462, 0.5336, 0.5723, 0.5111, 0.5454, 0.5572], [0.4097, 0.5253, 0.4706, 0.5961, 0.4262, 0.5137, 0.4555, 0.443, 0.3501, 0.3191, 0.3643, 0.5625, 0.5444, 0.5211, 0.3559, 0.4992, 0.4641, 0.4845], [0.6841, 0.6894, 0.6931, 0.6587, 0.6959, 0.6937, 0.676, 0.6894, 0.6823, 0.6861, 0.6776, 0.6931, 0.6915, 0.6894, 0.6849, 0.6875, 0.6857, 0.6722]]	
Results: 	[[0.6601, 0.6673, 0.6566, 0.5177, 0.5586, 0.66, 0.6159, 0.6557, 0.6348, 0.6651, 0.6404, 0.6575, 0.6394, 0.6536, 0.659, 0.6386, 0.6517, 0.6439, 0.6498], [0.8203, 0.8432, 0.8458, 0.866, 0.8791, 0.8298, 0.8591, 0.8528, 0.8718, 0.847, 0.8387, 0.8396, 0.8568, 0.8741, 0.8676, 0.8591, 0.8437, 0.8611, 0.8743], [0.6898, 0.6891, 0.6918, 0.6942, 0.6968, 0.6611, 0.6633, 0.6792, 0.6888, 0.6238, 0.6228, 0.6913, 0.6879, 0.6927, 0.6694, 0.7055, 0.6831, 0.693, 0.6896], [0.537, 0.5741, 0.5792, 0.5508, 0.5746, 0.5431, 0.5465, 0.5172, 0.5406, 0.5509, 0.5719, 0.5603, 0.5462, 0.5336, 0.5723, 0.5111, 0.5454, 0.5572, 0.5419], [0.4097, 0.5253, 0.4706, 0.5961, 0.4262, 0.5137, 0.4555, 0.443, 0.3501, 0.3191, 0.3643, 0.5625, 0.5444, 0.5211, 0.3559, 0.4992, 0.4641, 0.4845, 0.4307], [0.6841, 0.6894, 0.6931, 0.6587, 0.6959, 0.6937, 0.676, 0.6894, 0.6823, 0.6861, 0.6776, 0.6931, 0.6915, 0.6894, 0.6849, 0.6875, 0.6857, 0.6722, 0.7016]]	
Results: 	[[0.6601, 0.6673, 0.6566, 0.5177, 0.5586, 0.66, 0.6159, 0.6557, 0.6348, 0.6651, 0.6404, 0.6575, 0.6394, 0.6536, 0.659, 0.6386, 0.6517, 0.6439, 0.6498, 0.6549], [0.8203, 0.8432, 0.8458, 0.866, 0.8791, 0.8298, 0.8591, 0.8528, 0.8718, 0.847, 0.8387, 0.8396, 0.8568, 0.8741, 0.8676, 0.8591, 0.8437, 0.8611, 0.8743, 0.8646], [0.6898, 0.6891, 0.6918, 0.6942, 0.6968, 0.6611, 0.6633, 0.6792, 0.6888, 0.6238, 0.6228, 0.6913, 0.6879, 0.6927, 0.6694, 0.7055, 0.6831, 0.693, 0.6896, 0.6749], [0.537, 0.5741, 0.5792, 0.5508, 0.5746, 0.5431, 0.5465, 0.5172, 0.5406, 0.5509, 0.5719, 0.5603, 0.5462, 0.5336, 0.5723, 0.5111, 0.5454, 0.5572, 0.5419, 0.5409], [0.4097, 0.5253, 0.4706, 0.5961, 0.4262, 0.5137, 0.4555, 0.443, 0.3501, 0.3191, 0.3643, 0.5625, 0.5444, 0.5211, 0.3559, 0.4992, 0.4641, 0.4845, 0.4307, 0.4561], [0.6841, 0.6894, 0.6931, 0.6587, 0.6959, 0.6937, 0.676, 0.6894, 0.6823, 0.6861, 0.6776, 0.6931, 0.6915, 0.6894, 0.6849, 0.6875, 0.6857, 0.6722, 0.7016, 0.6868]]	
Results: 	[[0.6601, 0.6673, 0.6566, 0.5177, 0.5586, 0.66, 0.6159, 0.6557, 0.6348, 0.6651, 0.6404, 0.6575, 0.6394, 0.6536, 0.659, 0.6386, 0.6517, 0.6439, 0.6498, 0.6549, 0.6531], [0.8203, 0.8432, 0.8458, 0.866, 0.8791, 0.8298, 0.8591, 0.8528, 0.8718, 0.847, 0.8387, 0.8396, 0.8568, 0.8741, 0.8676, 0.8591, 0.8437, 0.8611, 0.8743, 0.8646, 0.8605], [0.6898, 0.6891, 0.6918, 0.6942, 0.6968, 0.6611, 0.6633, 0.6792, 0.6888, 0.6238, 0.6228, 0.6913, 0.6879, 0.6927, 0.6694, 0.7055, 0.6831, 0.693, 0.6896, 0.6749, 0.5333], [0.537, 0.5741, 0.5792, 0.5508, 0.5746, 0.5431, 0.5465, 0.5172, 0.5406, 0.5509, 0.5719, 0.5603, 0.5462, 0.5336, 0.5723, 0.5111, 0.5454, 0.5572, 0.5419, 0.5409, 0.5508], [0.4097, 0.5253, 0.4706, 0.5961, 0.4262, 0.5137, 0.4555, 0.443, 0.3501, 0.3191, 0.3643, 0.5625, 0.5444, 0.5211, 0.3559, 0.4992, 0.4641, 0.4845, 0.4307, 0.4561, 0.3415], [0.6841, 0.6894, 0.6931, 0.6587, 0.6959, 0.6937, 0.676, 0.6894, 0.6823, 0.6861, 0.6776, 0.6931, 0.6915, 0.6894, 0.6849, 0.6875, 0.6857, 0.6722, 0.7016, 0.6868, 0.6861]]	
Results: 	[[0.6601, 0.6673, 0.6566, 0.5177, 0.5586, 0.66, 0.6159, 0.6557, 0.6348, 0.6651, 0.6404, 0.6575, 0.6394, 0.6536, 0.659, 0.6386, 0.6517, 0.6439, 0.6498, 0.6549, 0.6531, 0.64], [0.8203, 0.8432, 0.8458, 0.866, 0.8791, 0.8298, 0.8591, 0.8528, 0.8718, 0.847, 0.8387, 0.8396, 0.8568, 0.8741, 0.8676, 0.8591, 0.8437, 0.8611, 0.8743, 0.8646, 0.8605, 0.84], [0.6898, 0.6891, 0.6918, 0.6942, 0.6968, 0.6611, 0.6633, 0.6792, 0.6888, 0.6238, 0.6228, 0.6913, 0.6879, 0.6927, 0.6694, 0.7055, 0.6831, 0.693, 0.6896, 0.6749, 0.5333, 0.6506], [0.537, 0.5741, 0.5792, 0.5508, 0.5746, 0.5431, 0.5465, 0.5172, 0.5406, 0.5509, 0.5719, 0.5603, 0.5462, 0.5336, 0.5723, 0.5111, 0.5454, 0.5572, 0.5419, 0.5409, 0.5508, 0.5552], [0.4097, 0.5253, 0.4706, 0.5961, 0.4262, 0.5137, 0.4555, 0.443, 0.3501, 0.3191, 0.3643, 0.5625, 0.5444, 0.5211, 0.3559, 0.4992, 0.4641, 0.4845, 0.4307, 0.4561, 0.3415, 0.6384], [0.6841, 0.6894, 0.6931, 0.6587, 0.6959, 0.6937, 0.676, 0.6894, 0.6823, 0.6861, 0.6776, 0.6931, 0.6915, 0.6894, 0.6849, 0.6875, 0.6857, 0.6722, 0.7016, 0.6868, 0.6861, 0.6688]]	
Results: 	[[0.6601, 0.6673, 0.6566, 0.5177, 0.5586, 0.66, 0.6159, 0.6557, 0.6348, 0.6651, 0.6404, 0.6575, 0.6394, 0.6536, 0.659, 0.6386, 0.6517, 0.6439, 0.6498, 0.6549, 0.6531, 0.64, 0.6643], [0.8203, 0.8432, 0.8458, 0.866, 0.8791, 0.8298, 0.8591, 0.8528, 0.8718, 0.847, 0.8387, 0.8396, 0.8568, 0.8741, 0.8676, 0.8591, 0.8437, 0.8611, 0.8743, 0.8646, 0.8605, 0.84, 0.8695], [0.6898, 0.6891, 0.6918, 0.6942, 0.6968, 0.6611, 0.6633, 0.6792, 0.6888, 0.6238, 0.6228, 0.6913, 0.6879, 0.6927, 0.6694, 0.7055, 0.6831, 0.693, 0.6896, 0.6749, 0.5333, 0.6506, 0.6767], [0.537, 0.5741, 0.5792, 0.5508, 0.5746, 0.5431, 0.5465, 0.5172, 0.5406, 0.5509, 0.5719, 0.5603, 0.5462, 0.5336, 0.5723, 0.5111, 0.5454, 0.5572, 0.5419, 0.5409, 0.5508, 0.5552, 0.569], [0.4097, 0.5253, 0.4706, 0.5961, 0.4262, 0.5137, 0.4555, 0.443, 0.3501, 0.3191, 0.3643, 0.5625, 0.5444, 0.5211, 0.3559, 0.4992, 0.4641, 0.4845, 0.4307, 0.4561, 0.3415, 0.6384, 0.3909], [0.6841, 0.6894, 0.6931, 0.6587, 0.6959, 0.6937, 0.676, 0.6894, 0.6823, 0.6861, 0.6776, 0.6931, 0.6915, 0.6894, 0.6849, 0.6875, 0.6857, 0.6722, 0.7016, 0.6868, 0.6861, 0.6688, 0.6843]]	
Results: 	[[0.6601, 0.6673, 0.6566, 0.5177, 0.5586, 0.66, 0.6159, 0.6557, 0.6348, 0.6651, 0.6404, 0.6575, 0.6394, 0.6536, 0.659, 0.6386, 0.6517, 0.6439, 0.6498, 0.6549, 0.6531, 0.64, 0.6643, 0.6446], [0.8203, 0.8432, 0.8458, 0.866, 0.8791, 0.8298, 0.8591, 0.8528, 0.8718, 0.847, 0.8387, 0.8396, 0.8568, 0.8741, 0.8676, 0.8591, 0.8437, 0.8611, 0.8743, 0.8646, 0.8605, 0.84, 0.8695, 0.8458], [0.6898, 0.6891, 0.6918, 0.6942, 0.6968, 0.6611, 0.6633, 0.6792, 0.6888, 0.6238, 0.6228, 0.6913, 0.6879, 0.6927, 0.6694, 0.7055, 0.6831, 0.693, 0.6896, 0.6749, 0.5333, 0.6506, 0.6767, 0.7007], [0.537, 0.5741, 0.5792, 0.5508, 0.5746, 0.5431, 0.5465, 0.5172, 0.5406, 0.5509, 0.5719, 0.5603, 0.5462, 0.5336, 0.5723, 0.5111, 0.5454, 0.5572, 0.5419, 0.5409, 0.5508, 0.5552, 0.569, 0.5788], [0.4097, 0.5253, 0.4706, 0.5961, 0.4262, 0.5137, 0.4555, 0.443, 0.3501, 0.3191, 0.3643, 0.5625, 0.5444, 0.5211, 0.3559, 0.4992, 0.4641, 0.4845, 0.4307, 0.4561, 0.3415, 0.6384, 0.3909, 0.4992], [0.6841, 0.6894, 0.6931, 0.6587, 0.6959, 0.6937, 0.676, 0.6894, 0.6823, 0.6861, 0.6776, 0.6931, 0.6915, 0.6894, 0.6849, 0.6875, 0.6857, 0.6722, 0.7016, 0.6868, 0.6861, 0.6688, 0.6843, 0.6241]]	
Results: 	[[0.6601, 0.6673, 0.6566, 0.5177, 0.5586, 0.66, 0.6159, 0.6557, 0.6348, 0.6651, 0.6404, 0.6575, 0.6394, 0.6536, 0.659, 0.6386, 0.6517, 0.6439, 0.6498, 0.6549, 0.6531, 0.64, 0.6643, 0.6446, 0.6392], [0.8203, 0.8432, 0.8458, 0.866, 0.8791, 0.8298, 0.8591, 0.8528, 0.8718, 0.847, 0.8387, 0.8396, 0.8568, 0.8741, 0.8676, 0.8591, 0.8437, 0.8611, 0.8743, 0.8646, 0.8605, 0.84, 0.8695, 0.8458, 0.7888], [0.6898, 0.6891, 0.6918, 0.6942, 0.6968, 0.6611, 0.6633, 0.6792, 0.6888, 0.6238, 0.6228, 0.6913, 0.6879, 0.6927, 0.6694, 0.7055, 0.6831, 0.693, 0.6896, 0.6749, 0.5333, 0.6506, 0.6767, 0.7007, 0.6735], [0.537, 0.5741, 0.5792, 0.5508, 0.5746, 0.5431, 0.5465, 0.5172, 0.5406, 0.5509, 0.5719, 0.5603, 0.5462, 0.5336, 0.5723, 0.5111, 0.5454, 0.5572, 0.5419, 0.5409, 0.5508, 0.5552, 0.569, 0.5788, 0.5798], [0.4097, 0.5253, 0.4706, 0.5961, 0.4262, 0.5137, 0.4555, 0.443, 0.3501, 0.3191, 0.3643, 0.5625, 0.5444, 0.5211, 0.3559, 0.4992, 0.4641, 0.4845, 0.4307, 0.4561, 0.3415, 0.6384, 0.3909, 0.4992, 0.3699], [0.6841, 0.6894, 0.6931, 0.6587, 0.6959, 0.6937, 0.676, 0.6894, 0.6823, 0.6861, 0.6776, 0.6931, 0.6915, 0.6894, 0.6849, 0.6875, 0.6857, 0.6722, 0.7016, 0.6868, 0.6861, 0.6688, 0.6843, 0.6241, 0.6717]]	
Results: 	[[0.6601, 0.6673, 0.6566, 0.5177, 0.5586, 0.66, 0.6159, 0.6557, 0.6348, 0.6651, 0.6404, 0.6575, 0.6394, 0.6536, 0.659, 0.6386, 0.6517, 0.6439, 0.6498, 0.6549, 0.6531, 0.64, 0.6643, 0.6446, 0.6392, 0.6656], [0.8203, 0.8432, 0.8458, 0.866, 0.8791, 0.8298, 0.8591, 0.8528, 0.8718, 0.847, 0.8387, 0.8396, 0.8568, 0.8741, 0.8676, 0.8591, 0.8437, 0.8611, 0.8743, 0.8646, 0.8605, 0.84, 0.8695, 0.8458, 0.7888, 0.8321], [0.6898, 0.6891, 0.6918, 0.6942, 0.6968, 0.6611, 0.6633, 0.6792, 0.6888, 0.6238, 0.6228, 0.6913, 0.6879, 0.6927, 0.6694, 0.7055, 0.6831, 0.693, 0.6896, 0.6749, 0.5333, 0.6506, 0.6767, 0.7007, 0.6735, 0.7007], [0.537, 0.5741, 0.5792, 0.5508, 0.5746, 0.5431, 0.5465, 0.5172, 0.5406, 0.5509, 0.5719, 0.5603, 0.5462, 0.5336, 0.5723, 0.5111, 0.5454, 0.5572, 0.5419, 0.5409, 0.5508, 0.5552, 0.569, 0.5788, 0.5798, 0.5607], [0.4097, 0.5253, 0.4706, 0.5961, 0.4262, 0.5137, 0.4555, 0.443, 0.3501, 0.3191, 0.3643, 0.5625, 0.5444, 0.5211, 0.3559, 0.4992, 0.4641, 0.4845, 0.4307, 0.4561, 0.3415, 0.6384, 0.3909, 0.4992, 0.3699, 0.3622], [0.6841, 0.6894, 0.6931, 0.6587, 0.6959, 0.6937, 0.676, 0.6894, 0.6823, 0.6861, 0.6776, 0.6931, 0.6915, 0.6894, 0.6849, 0.6875, 0.6857, 0.6722, 0.7016, 0.6868, 0.6861, 0.6688, 0.6843, 0.6241, 0.6717, 0.6792]]	
Results: 	[[0.6601, 0.6673, 0.6566, 0.5177, 0.5586, 0.66, 0.6159, 0.6557, 0.6348, 0.6651, 0.6404, 0.6575, 0.6394, 0.6536, 0.659, 0.6386, 0.6517, 0.6439, 0.6498, 0.6549, 0.6531, 0.64, 0.6643, 0.6446, 0.6392, 0.6656, 0.6609], [0.8203, 0.8432, 0.8458, 0.866, 0.8791, 0.8298, 0.8591, 0.8528, 0.8718, 0.847, 0.8387, 0.8396, 0.8568, 0.8741, 0.8676, 0.8591, 0.8437, 0.8611, 0.8743, 0.8646, 0.8605, 0.84, 0.8695, 0.8458, 0.7888, 0.8321, 0.867], [0.6898, 0.6891, 0.6918, 0.6942, 0.6968, 0.6611, 0.6633, 0.6792, 0.6888, 0.6238, 0.6228, 0.6913, 0.6879, 0.6927, 0.6694, 0.7055, 0.6831, 0.693, 0.6896, 0.6749, 0.5333, 0.6506, 0.6767, 0.7007, 0.6735, 0.7007, 0.6978], [0.537, 0.5741, 0.5792, 0.5508, 0.5746, 0.5431, 0.5465, 0.5172, 0.5406, 0.5509, 0.5719, 0.5603, 0.5462, 0.5336, 0.5723, 0.5111, 0.5454, 0.5572, 0.5419, 0.5409, 0.5508, 0.5552, 0.569, 0.5788, 0.5798, 0.5607, 0.5699], [0.4097, 0.5253, 0.4706, 0.5961, 0.4262, 0.5137, 0.4555, 0.443, 0.3501, 0.3191, 0.3643, 0.5625, 0.5444, 0.5211, 0.3559, 0.4992, 0.4641, 0.4845, 0.4307, 0.4561, 0.3415, 0.6384, 0.3909, 0.4992, 0.3699, 0.3622, 0.5144], [0.6841, 0.6894, 0.6931, 0.6587, 0.6959, 0.6937, 0.676, 0.6894, 0.6823, 0.6861, 0.6776, 0.6931, 0.6915, 0.6894, 0.6849, 0.6875, 0.6857, 0.6722, 0.7016, 0.6868, 0.6861, 0.6688, 0.6843, 0.6241, 0.6717, 0.6792, 0.6847]]	
Results: 	[[0.6601, 0.6673, 0.6566, 0.5177, 0.5586, 0.66, 0.6159, 0.6557, 0.6348, 0.6651, 0.6404, 0.6575, 0.6394, 0.6536, 0.659, 0.6386, 0.6517, 0.6439, 0.6498, 0.6549, 0.6531, 0.64, 0.6643, 0.6446, 0.6392, 0.6656, 0.6609, 0.6314], [0.8203, 0.8432, 0.8458, 0.866, 0.8791, 0.8298, 0.8591, 0.8528, 0.8718, 0.847, 0.8387, 0.8396, 0.8568, 0.8741, 0.8676, 0.8591, 0.8437, 0.8611, 0.8743, 0.8646, 0.8605, 0.84, 0.8695, 0.8458, 0.7888, 0.8321, 0.867, 0.8359], [0.6898, 0.6891, 0.6918, 0.6942, 0.6968, 0.6611, 0.6633, 0.6792, 0.6888, 0.6238, 0.6228, 0.6913, 0.6879, 0.6927, 0.6694, 0.7055, 0.6831, 0.693, 0.6896, 0.6749, 0.5333, 0.6506, 0.6767, 0.7007, 0.6735, 0.7007, 0.6978, 0.6955], [0.537, 0.5741, 0.5792, 0.5508, 0.5746, 0.5431, 0.5465, 0.5172, 0.5406, 0.5509, 0.5719, 0.5603, 0.5462, 0.5336, 0.5723, 0.5111, 0.5454, 0.5572, 0.5419, 0.5409, 0.5508, 0.5552, 0.569, 0.5788, 0.5798, 0.5607, 0.5699, 0.5515], [0.4097, 0.5253, 0.4706, 0.5961, 0.4262, 0.5137, 0.4555, 0.443, 0.3501, 0.3191, 0.3643, 0.5625, 0.5444, 0.5211, 0.3559, 0.4992, 0.4641, 0.4845, 0.4307, 0.4561, 0.3415, 0.6384, 0.3909, 0.4992, 0.3699, 0.3622, 0.5144, 0.4304], [0.6841, 0.6894, 0.6931, 0.6587, 0.6959, 0.6937, 0.676, 0.6894, 0.6823, 0.6861, 0.6776, 0.6931, 0.6915, 0.6894, 0.6849, 0.6875, 0.6857, 0.6722, 0.7016, 0.6868, 0.6861, 0.6688, 0.6843, 0.6241, 0.6717, 0.6792, 0.6847, 0.6913]]	
Results: 	[[0.6601, 0.6673, 0.6566, 0.5177, 0.5586, 0.66, 0.6159, 0.6557, 0.6348, 0.6651, 0.6404, 0.6575, 0.6394, 0.6536, 0.659, 0.6386, 0.6517, 0.6439, 0.6498, 0.6549, 0.6531, 0.64, 0.6643, 0.6446, 0.6392, 0.6656, 0.6609, 0.6314, 0.6567], [0.8203, 0.8432, 0.8458, 0.866, 0.8791, 0.8298, 0.8591, 0.8528, 0.8718, 0.847, 0.8387, 0.8396, 0.8568, 0.8741, 0.8676, 0.8591, 0.8437, 0.8611, 0.8743, 0.8646, 0.8605, 0.84, 0.8695, 0.8458, 0.7888, 0.8321, 0.867, 0.8359, 0.8711], [0.6898, 0.6891, 0.6918, 0.6942, 0.6968, 0.6611, 0.6633, 0.6792, 0.6888, 0.6238, 0.6228, 0.6913, 0.6879, 0.6927, 0.6694, 0.7055, 0.6831, 0.693, 0.6896, 0.6749, 0.5333, 0.6506, 0.6767, 0.7007, 0.6735, 0.7007, 0.6978, 0.6955, 0.689], [0.537, 0.5741, 0.5792, 0.5508, 0.5746, 0.5431, 0.5465, 0.5172, 0.5406, 0.5509, 0.5719, 0.5603, 0.5462, 0.5336, 0.5723, 0.5111, 0.5454, 0.5572, 0.5419, 0.5409, 0.5508, 0.5552, 0.569, 0.5788, 0.5798, 0.5607, 0.5699, 0.5515, 0.5631], [0.4097, 0.5253, 0.4706, 0.5961, 0.4262, 0.5137, 0.4555, 0.443, 0.3501, 0.3191, 0.3643, 0.5625, 0.5444, 0.5211, 0.3559, 0.4992, 0.4641, 0.4845, 0.4307, 0.4561, 0.3415, 0.6384, 0.3909, 0.4992, 0.3699, 0.3622, 0.5144, 0.4304, 0.3564], [0.6841, 0.6894, 0.6931, 0.6587, 0.6959, 0.6937, 0.676, 0.6894, 0.6823, 0.6861, 0.6776, 0.6931, 0.6915, 0.6894, 0.6849, 0.6875, 0.6857, 0.6722, 0.7016, 0.6868, 0.6861, 0.6688, 0.6843, 0.6241, 0.6717, 0.6792, 0.6847, 0.6913, 0.5962]]	
Results: 	[[0.6601, 0.6673, 0.6566, 0.5177, 0.5586, 0.66, 0.6159, 0.6557, 0.6348, 0.6651, 0.6404, 0.6575, 0.6394, 0.6536, 0.659, 0.6386, 0.6517, 0.6439, 0.6498, 0.6549, 0.6531, 0.64, 0.6643, 0.6446, 0.6392, 0.6656, 0.6609, 0.6314, 0.6567, 0.6503], [0.8203, 0.8432, 0.8458, 0.866, 0.8791, 0.8298, 0.8591, 0.8528, 0.8718, 0.847, 0.8387, 0.8396, 0.8568, 0.8741, 0.8676, 0.8591, 0.8437, 0.8611, 0.8743, 0.8646, 0.8605, 0.84, 0.8695, 0.8458, 0.7888, 0.8321, 0.867, 0.8359, 0.8711, 0.857], [0.6898, 0.6891, 0.6918, 0.6942, 0.6968, 0.6611, 0.6633, 0.6792, 0.6888, 0.6238, 0.6228, 0.6913, 0.6879, 0.6927, 0.6694, 0.7055, 0.6831, 0.693, 0.6896, 0.6749, 0.5333, 0.6506, 0.6767, 0.7007, 0.6735, 0.7007, 0.6978, 0.6955, 0.689, 0.692], [0.537, 0.5741, 0.5792, 0.5508, 0.5746, 0.5431, 0.5465, 0.5172, 0.5406, 0.5509, 0.5719, 0.5603, 0.5462, 0.5336, 0.5723, 0.5111, 0.5454, 0.5572, 0.5419, 0.5409, 0.5508, 0.5552, 0.569, 0.5788, 0.5798, 0.5607, 0.5699, 0.5515, 0.5631, 0.5756], [0.4097, 0.5253, 0.4706, 0.5961, 0.4262, 0.5137, 0.4555, 0.443, 0.3501, 0.3191, 0.3643, 0.5625, 0.5444, 0.5211, 0.3559, 0.4992, 0.4641, 0.4845, 0.4307, 0.4561, 0.3415, 0.6384, 0.3909, 0.4992, 0.3699, 0.3622, 0.5144, 0.4304, 0.3564, 0.5307], [0.6841, 0.6894, 0.6931, 0.6587, 0.6959, 0.6937, 0.676, 0.6894, 0.6823, 0.6861, 0.6776, 0.6931, 0.6915, 0.6894, 0.6849, 0.6875, 0.6857, 0.6722, 0.7016, 0.6868, 0.6861, 0.6688, 0.6843, 0.6241, 0.6717, 0.6792, 0.6847, 0.6913, 0.5962, 0.6907]]
Support Sets: (Mean:0.64289, SD:0.03123975528625068) | 	Support Sets: (Mean:0.8520733333333333, SD:0.01928084511907472) | 	Support Sets: (Mean:0.6765966666666666, SD:0.03377776746193631) | 	Support Sets: (Mean:0.5549733333333333, SD:0.017848016084733888) | 	Support Sets: (Mean:0.45420333333333335, SD:0.0818963831601411) | 	Support Sets: (Mean:0.67987, SD:0.021224484072361608) | 	
