Results: 	[[0.7623], [0.7908], [0.7061]]	
Results: 	[[0.7623, 0.772], [0.7908, 0.7227], [0.7061, 0.7628]]	
Results: 	[[0.7623, 0.772, 0.7828], [0.7908, 0.7227, 0.5306], [0.7061, 0.7628, 0.8426]]	
Results: 	[[0.7623, 0.772, 0.7828, 0.8477], [0.7908, 0.7227, 0.5306, 0.7034], [0.7061, 0.7628, 0.8426, 0.7039]]	
Results: 	[[0.7623, 0.772, 0.7828, 0.8477, 0.7748], [0.7908, 0.7227, 0.5306, 0.7034, 0.8204], [0.7061, 0.7628, 0.8426, 0.7039, 0.7254]]	
Results: 	[[0.7623, 0.772, 0.7828, 0.8477, 0.7748, 0.835], [0.7908, 0.7227, 0.5306, 0.7034, 0.8204, 0.676], [0.7061, 0.7628, 0.8426, 0.7039, 0.7254, 0.6698]]	
Results: 	[[0.7623, 0.772, 0.7828, 0.8477, 0.7748, 0.835, 0.876], [0.7908, 0.7227, 0.5306, 0.7034, 0.8204, 0.676, 0.6572], [0.7061, 0.7628, 0.8426, 0.7039, 0.7254, 0.6698, 0.7061]]	
Results: 	[[0.7623, 0.772, 0.7828, 0.8477, 0.7748, 0.835, 0.876, 0.7969], [0.7908, 0.7227, 0.5306, 0.7034, 0.8204, 0.676, 0.6572, 0.7042], [0.7061, 0.7628, 0.8426, 0.7039, 0.7254, 0.6698, 0.7061, 0.6627]]	
Results: 	[[0.7623, 0.772, 0.7828, 0.8477, 0.7748, 0.835, 0.876, 0.7969, 0.6785], [0.7908, 0.7227, 0.5306, 0.7034, 0.8204, 0.676, 0.6572, 0.7042, 0.8078], [0.7061, 0.7628, 0.8426, 0.7039, 0.7254, 0.6698, 0.7061, 0.6627, 0.6625]]	
Results: 	[[0.7623, 0.772, 0.7828, 0.8477, 0.7748, 0.835, 0.876, 0.7969, 0.6785, 0.7591], [0.7908, 0.7227, 0.5306, 0.7034, 0.8204, 0.676, 0.6572, 0.7042, 0.8078, 0.7013], [0.7061, 0.7628, 0.8426, 0.7039, 0.7254, 0.6698, 0.7061, 0.6627, 0.6625, 0.6841]]	
Results: 	[[0.7623, 0.772, 0.7828, 0.8477, 0.7748, 0.835, 0.876, 0.7969, 0.6785, 0.7591, 0.8055], [0.7908, 0.7227, 0.5306, 0.7034, 0.8204, 0.676, 0.6572, 0.7042, 0.8078, 0.7013, 0.8161], [0.7061, 0.7628, 0.8426, 0.7039, 0.7254, 0.6698, 0.7061, 0.6627, 0.6625, 0.6841, 0.5863]]	
Results: 	[[0.7623, 0.772, 0.7828, 0.8477, 0.7748, 0.835, 0.876, 0.7969, 0.6785, 0.7591, 0.8055, 0.7787], [0.7908, 0.7227, 0.5306, 0.7034, 0.8204, 0.676, 0.6572, 0.7042, 0.8078, 0.7013, 0.8161, 0.7326], [0.7061, 0.7628, 0.8426, 0.7039, 0.7254, 0.6698, 0.7061, 0.6627, 0.6625, 0.6841, 0.5863, 0.5943]]	
Results: 	[[0.7623, 0.772, 0.7828, 0.8477, 0.7748, 0.835, 0.876, 0.7969, 0.6785, 0.7591, 0.8055, 0.7787, 0.627], [0.7908, 0.7227, 0.5306, 0.7034, 0.8204, 0.676, 0.6572, 0.7042, 0.8078, 0.7013, 0.8161, 0.7326, 0.7867], [0.7061, 0.7628, 0.8426, 0.7039, 0.7254, 0.6698, 0.7061, 0.6627, 0.6625, 0.6841, 0.5863, 0.5943, 0.6447]]	
Results: 	[[0.7623, 0.772, 0.7828, 0.8477, 0.7748, 0.835, 0.876, 0.7969, 0.6785, 0.7591, 0.8055, 0.7787, 0.627, 0.7229], [0.7908, 0.7227, 0.5306, 0.7034, 0.8204, 0.676, 0.6572, 0.7042, 0.8078, 0.7013, 0.8161, 0.7326, 0.7867, 0.7254], [0.7061, 0.7628, 0.8426, 0.7039, 0.7254, 0.6698, 0.7061, 0.6627, 0.6625, 0.6841, 0.5863, 0.5943, 0.6447, 0.7466]]	
Results: 	[[0.7623, 0.772, 0.7828, 0.8477, 0.7748, 0.835, 0.876, 0.7969, 0.6785, 0.7591, 0.8055, 0.7787, 0.627, 0.7229, 0.651], [0.7908, 0.7227, 0.5306, 0.7034, 0.8204, 0.676, 0.6572, 0.7042, 0.8078, 0.7013, 0.8161, 0.7326, 0.7867, 0.7254, 0.5837], [0.7061, 0.7628, 0.8426, 0.7039, 0.7254, 0.6698, 0.7061, 0.6627, 0.6625, 0.6841, 0.5863, 0.5943, 0.6447, 0.7466, 0.6876]]	
Results: 	[[0.7623, 0.772, 0.7828, 0.8477, 0.7748, 0.835, 0.876, 0.7969, 0.6785, 0.7591, 0.8055, 0.7787, 0.627, 0.7229, 0.651, 0.7495], [0.7908, 0.7227, 0.5306, 0.7034, 0.8204, 0.676, 0.6572, 0.7042, 0.8078, 0.7013, 0.8161, 0.7326, 0.7867, 0.7254, 0.5837, 0.7397], [0.7061, 0.7628, 0.8426, 0.7039, 0.7254, 0.6698, 0.7061, 0.6627, 0.6625, 0.6841, 0.5863, 0.5943, 0.6447, 0.7466, 0.6876, 0.8531]]	
Results: 	[[0.7623, 0.772, 0.7828, 0.8477, 0.7748, 0.835, 0.876, 0.7969, 0.6785, 0.7591, 0.8055, 0.7787, 0.627, 0.7229, 0.651, 0.7495, 0.8579], [0.7908, 0.7227, 0.5306, 0.7034, 0.8204, 0.676, 0.6572, 0.7042, 0.8078, 0.7013, 0.8161, 0.7326, 0.7867, 0.7254, 0.5837, 0.7397, 0.7739], [0.7061, 0.7628, 0.8426, 0.7039, 0.7254, 0.6698, 0.7061, 0.6627, 0.6625, 0.6841, 0.5863, 0.5943, 0.6447, 0.7466, 0.6876, 0.8531, 0.7641]]	
Results: 	[[0.7623, 0.772, 0.7828, 0.8477, 0.7748, 0.835, 0.876, 0.7969, 0.6785, 0.7591, 0.8055, 0.7787, 0.627, 0.7229, 0.651, 0.7495, 0.8579, 0.7329], [0.7908, 0.7227, 0.5306, 0.7034, 0.8204, 0.676, 0.6572, 0.7042, 0.8078, 0.7013, 0.8161, 0.7326, 0.7867, 0.7254, 0.5837, 0.7397, 0.7739, 0.6793], [0.7061, 0.7628, 0.8426, 0.7039, 0.7254, 0.6698, 0.7061, 0.6627, 0.6625, 0.6841, 0.5863, 0.5943, 0.6447, 0.7466, 0.6876, 0.8531, 0.7641, 0.7533]]	
Results: 	[[0.7623, 0.772, 0.7828, 0.8477, 0.7748, 0.835, 0.876, 0.7969, 0.6785, 0.7591, 0.8055, 0.7787, 0.627, 0.7229, 0.651, 0.7495, 0.8579, 0.7329, 0.8125], [0.7908, 0.7227, 0.5306, 0.7034, 0.8204, 0.676, 0.6572, 0.7042, 0.8078, 0.7013, 0.8161, 0.7326, 0.7867, 0.7254, 0.5837, 0.7397, 0.7739, 0.6793, 0.6858], [0.7061, 0.7628, 0.8426, 0.7039, 0.7254, 0.6698, 0.7061, 0.6627, 0.6625, 0.6841, 0.5863, 0.5943, 0.6447, 0.7466, 0.6876, 0.8531, 0.7641, 0.7533, 0.8565]]	
Results: 	[[0.7623, 0.772, 0.7828, 0.8477, 0.7748, 0.835, 0.876, 0.7969, 0.6785, 0.7591, 0.8055, 0.7787, 0.627, 0.7229, 0.651, 0.7495, 0.8579, 0.7329, 0.8125, 0.616], [0.7908, 0.7227, 0.5306, 0.7034, 0.8204, 0.676, 0.6572, 0.7042, 0.8078, 0.7013, 0.8161, 0.7326, 0.7867, 0.7254, 0.5837, 0.7397, 0.7739, 0.6793, 0.6858, 0.8169], [0.7061, 0.7628, 0.8426, 0.7039, 0.7254, 0.6698, 0.7061, 0.6627, 0.6625, 0.6841, 0.5863, 0.5943, 0.6447, 0.7466, 0.6876, 0.8531, 0.7641, 0.7533, 0.8565, 0.8338]]	
Results: 	[[0.7623, 0.772, 0.7828, 0.8477, 0.7748, 0.835, 0.876, 0.7969, 0.6785, 0.7591, 0.8055, 0.7787, 0.627, 0.7229, 0.651, 0.7495, 0.8579, 0.7329, 0.8125, 0.616, 0.4978], [0.7908, 0.7227, 0.5306, 0.7034, 0.8204, 0.676, 0.6572, 0.7042, 0.8078, 0.7013, 0.8161, 0.7326, 0.7867, 0.7254, 0.5837, 0.7397, 0.7739, 0.6793, 0.6858, 0.8169, 0.6622], [0.7061, 0.7628, 0.8426, 0.7039, 0.7254, 0.6698, 0.7061, 0.6627, 0.6625, 0.6841, 0.5863, 0.5943, 0.6447, 0.7466, 0.6876, 0.8531, 0.7641, 0.7533, 0.8565, 0.8338, 0.7643]]	
Results: 	[[0.7623, 0.772, 0.7828, 0.8477, 0.7748, 0.835, 0.876, 0.7969, 0.6785, 0.7591, 0.8055, 0.7787, 0.627, 0.7229, 0.651, 0.7495, 0.8579, 0.7329, 0.8125, 0.616, 0.4978, 0.6912], [0.7908, 0.7227, 0.5306, 0.7034, 0.8204, 0.676, 0.6572, 0.7042, 0.8078, 0.7013, 0.8161, 0.7326, 0.7867, 0.7254, 0.5837, 0.7397, 0.7739, 0.6793, 0.6858, 0.8169, 0.6622, 0.7617], [0.7061, 0.7628, 0.8426, 0.7039, 0.7254, 0.6698, 0.7061, 0.6627, 0.6625, 0.6841, 0.5863, 0.5943, 0.6447, 0.7466, 0.6876, 0.8531, 0.7641, 0.7533, 0.8565, 0.8338, 0.7643, 0.8454]]	
Results: 	[[0.7623, 0.772, 0.7828, 0.8477, 0.7748, 0.835, 0.876, 0.7969, 0.6785, 0.7591, 0.8055, 0.7787, 0.627, 0.7229, 0.651, 0.7495, 0.8579, 0.7329, 0.8125, 0.616, 0.4978, 0.6912, 0.7896], [0.7908, 0.7227, 0.5306, 0.7034, 0.8204, 0.676, 0.6572, 0.7042, 0.8078, 0.7013, 0.8161, 0.7326, 0.7867, 0.7254, 0.5837, 0.7397, 0.7739, 0.6793, 0.6858, 0.8169, 0.6622, 0.7617, 0.7436], [0.7061, 0.7628, 0.8426, 0.7039, 0.7254, 0.6698, 0.7061, 0.6627, 0.6625, 0.6841, 0.5863, 0.5943, 0.6447, 0.7466, 0.6876, 0.8531, 0.7641, 0.7533, 0.8565, 0.8338, 0.7643, 0.8454, 0.8027]]	
Results: 	[[0.7623, 0.772, 0.7828, 0.8477, 0.7748, 0.835, 0.876, 0.7969, 0.6785, 0.7591, 0.8055, 0.7787, 0.627, 0.7229, 0.651, 0.7495, 0.8579, 0.7329, 0.8125, 0.616, 0.4978, 0.6912, 0.7896, 0.6599], [0.7908, 0.7227, 0.5306, 0.7034, 0.8204, 0.676, 0.6572, 0.7042, 0.8078, 0.7013, 0.8161, 0.7326, 0.7867, 0.7254, 0.5837, 0.7397, 0.7739, 0.6793, 0.6858, 0.8169, 0.6622, 0.7617, 0.7436, 0.7959], [0.7061, 0.7628, 0.8426, 0.7039, 0.7254, 0.6698, 0.7061, 0.6627, 0.6625, 0.6841, 0.5863, 0.5943, 0.6447, 0.7466, 0.6876, 0.8531, 0.7641, 0.7533, 0.8565, 0.8338, 0.7643, 0.8454, 0.8027, 0.8525]]	
Results: 	[[0.7623, 0.772, 0.7828, 0.8477, 0.7748, 0.835, 0.876, 0.7969, 0.6785, 0.7591, 0.8055, 0.7787, 0.627, 0.7229, 0.651, 0.7495, 0.8579, 0.7329, 0.8125, 0.616, 0.4978, 0.6912, 0.7896, 0.6599, 0.7873], [0.7908, 0.7227, 0.5306, 0.7034, 0.8204, 0.676, 0.6572, 0.7042, 0.8078, 0.7013, 0.8161, 0.7326, 0.7867, 0.7254, 0.5837, 0.7397, 0.7739, 0.6793, 0.6858, 0.8169, 0.6622, 0.7617, 0.7436, 0.7959, 0.6868], [0.7061, 0.7628, 0.8426, 0.7039, 0.7254, 0.6698, 0.7061, 0.6627, 0.6625, 0.6841, 0.5863, 0.5943, 0.6447, 0.7466, 0.6876, 0.8531, 0.7641, 0.7533, 0.8565, 0.8338, 0.7643, 0.8454, 0.8027, 0.8525, 0.5634]]	
Results: 	[[0.7623, 0.772, 0.7828, 0.8477, 0.7748, 0.835, 0.876, 0.7969, 0.6785, 0.7591, 0.8055, 0.7787, 0.627, 0.7229, 0.651, 0.7495, 0.8579, 0.7329, 0.8125, 0.616, 0.4978, 0.6912, 0.7896, 0.6599, 0.7873, 0.7479], [0.7908, 0.7227, 0.5306, 0.7034, 0.8204, 0.676, 0.6572, 0.7042, 0.8078, 0.7013, 0.8161, 0.7326, 0.7867, 0.7254, 0.5837, 0.7397, 0.7739, 0.6793, 0.6858, 0.8169, 0.6622, 0.7617, 0.7436, 0.7959, 0.6868, 0.7176], [0.7061, 0.7628, 0.8426, 0.7039, 0.7254, 0.6698, 0.7061, 0.6627, 0.6625, 0.6841, 0.5863, 0.5943, 0.6447, 0.7466, 0.6876, 0.8531, 0.7641, 0.7533, 0.8565, 0.8338, 0.7643, 0.8454, 0.8027, 0.8525, 0.5634, 0.7978]]	
Results: 	[[0.7623, 0.772, 0.7828, 0.8477, 0.7748, 0.835, 0.876, 0.7969, 0.6785, 0.7591, 0.8055, 0.7787, 0.627, 0.7229, 0.651, 0.7495, 0.8579, 0.7329, 0.8125, 0.616, 0.4978, 0.6912, 0.7896, 0.6599, 0.7873, 0.7479, 0.8567], [0.7908, 0.7227, 0.5306, 0.7034, 0.8204, 0.676, 0.6572, 0.7042, 0.8078, 0.7013, 0.8161, 0.7326, 0.7867, 0.7254, 0.5837, 0.7397, 0.7739, 0.6793, 0.6858, 0.8169, 0.6622, 0.7617, 0.7436, 0.7959, 0.6868, 0.7176, 0.7255], [0.7061, 0.7628, 0.8426, 0.7039, 0.7254, 0.6698, 0.7061, 0.6627, 0.6625, 0.6841, 0.5863, 0.5943, 0.6447, 0.7466, 0.6876, 0.8531, 0.7641, 0.7533, 0.8565, 0.8338, 0.7643, 0.8454, 0.8027, 0.8525, 0.5634, 0.7978, 0.7996]]	
Results: 	[[0.7623, 0.772, 0.7828, 0.8477, 0.7748, 0.835, 0.876, 0.7969, 0.6785, 0.7591, 0.8055, 0.7787, 0.627, 0.7229, 0.651, 0.7495, 0.8579, 0.7329, 0.8125, 0.616, 0.4978, 0.6912, 0.7896, 0.6599, 0.7873, 0.7479, 0.8567, 0.8026], [0.7908, 0.7227, 0.5306, 0.7034, 0.8204, 0.676, 0.6572, 0.7042, 0.8078, 0.7013, 0.8161, 0.7326, 0.7867, 0.7254, 0.5837, 0.7397, 0.7739, 0.6793, 0.6858, 0.8169, 0.6622, 0.7617, 0.7436, 0.7959, 0.6868, 0.7176, 0.7255, 0.8031], [0.7061, 0.7628, 0.8426, 0.7039, 0.7254, 0.6698, 0.7061, 0.6627, 0.6625, 0.6841, 0.5863, 0.5943, 0.6447, 0.7466, 0.6876, 0.8531, 0.7641, 0.7533, 0.8565, 0.8338, 0.7643, 0.8454, 0.8027, 0.8525, 0.5634, 0.7978, 0.7996, 0.8327]]	
Results: 	[[0.7623, 0.772, 0.7828, 0.8477, 0.7748, 0.835, 0.876, 0.7969, 0.6785, 0.7591, 0.8055, 0.7787, 0.627, 0.7229, 0.651, 0.7495, 0.8579, 0.7329, 0.8125, 0.616, 0.4978, 0.6912, 0.7896, 0.6599, 0.7873, 0.7479, 0.8567, 0.8026, 0.7898], [0.7908, 0.7227, 0.5306, 0.7034, 0.8204, 0.676, 0.6572, 0.7042, 0.8078, 0.7013, 0.8161, 0.7326, 0.7867, 0.7254, 0.5837, 0.7397, 0.7739, 0.6793, 0.6858, 0.8169, 0.6622, 0.7617, 0.7436, 0.7959, 0.6868, 0.7176, 0.7255, 0.8031, 0.6782], [0.7061, 0.7628, 0.8426, 0.7039, 0.7254, 0.6698, 0.7061, 0.6627, 0.6625, 0.6841, 0.5863, 0.5943, 0.6447, 0.7466, 0.6876, 0.8531, 0.7641, 0.7533, 0.8565, 0.8338, 0.7643, 0.8454, 0.8027, 0.8525, 0.5634, 0.7978, 0.7996, 0.8327, 0.8001]]	
Results: 	[[0.7623, 0.772, 0.7828, 0.8477, 0.7748, 0.835, 0.876, 0.7969, 0.6785, 0.7591, 0.8055, 0.7787, 0.627, 0.7229, 0.651, 0.7495, 0.8579, 0.7329, 0.8125, 0.616, 0.4978, 0.6912, 0.7896, 0.6599, 0.7873, 0.7479, 0.8567, 0.8026, 0.7898, 0.6568], [0.7908, 0.7227, 0.5306, 0.7034, 0.8204, 0.676, 0.6572, 0.7042, 0.8078, 0.7013, 0.8161, 0.7326, 0.7867, 0.7254, 0.5837, 0.7397, 0.7739, 0.6793, 0.6858, 0.8169, 0.6622, 0.7617, 0.7436, 0.7959, 0.6868, 0.7176, 0.7255, 0.8031, 0.6782, 0.7423], [0.7061, 0.7628, 0.8426, 0.7039, 0.7254, 0.6698, 0.7061, 0.6627, 0.6625, 0.6841, 0.5863, 0.5943, 0.6447, 0.7466, 0.6876, 0.8531, 0.7641, 0.7533, 0.8565, 0.8338, 0.7643, 0.8454, 0.8027, 0.8525, 0.5634, 0.7978, 0.7996, 0.8327, 0.8001, 0.7914]]
Support Sets: (Mean:0.75062, SD:0.08474858314348142) | 	Support Sets: (Mean:0.7257133333333333, SD:0.06800136780233547) | 	Support Sets: (Mean:0.7432066666666667, SD:0.08478083279371229) | 	
