Results: 	[[0.805], [0.8092], [0.798]]	
Results: 	[[0.805, 0.8043], [0.8092, 0.8177], [0.798, 0.7962]]	
Results: 	[[0.805, 0.8043, 0.8029], [0.8092, 0.8177, 0.8158], [0.798, 0.7962, 0.8011]]	
Results: 	[[0.805, 0.8043, 0.8029, 0.8115], [0.8092, 0.8177, 0.8158, 0.8139], [0.798, 0.7962, 0.8011, 0.7993]]	
Results: 	[[0.805, 0.8043, 0.8029, 0.8115, 0.8121], [0.8092, 0.8177, 0.8158, 0.8139, 0.813], [0.798, 0.7962, 0.8011, 0.7993, 0.8022]]	
Results: 	[[0.805, 0.8043, 0.8029, 0.8115, 0.8121, 0.8084], [0.8092, 0.8177, 0.8158, 0.8139, 0.813, 0.8124], [0.798, 0.7962, 0.8011, 0.7993, 0.8022, 0.8028]]	
Results: 	[[0.805, 0.8043, 0.8029, 0.8115, 0.8121, 0.8084, 0.7994], [0.8092, 0.8177, 0.8158, 0.8139, 0.813, 0.8124, 0.8138], [0.798, 0.7962, 0.8011, 0.7993, 0.8022, 0.8028, 0.8008]]	
Results: 	[[0.805, 0.8043, 0.8029, 0.8115, 0.8121, 0.8084, 0.7994, 0.8074], [0.8092, 0.8177, 0.8158, 0.8139, 0.813, 0.8124, 0.8138, 0.8089], [0.798, 0.7962, 0.8011, 0.7993, 0.8022, 0.8028, 0.8008, 0.7994]]	
Results: 	[[0.805, 0.8043, 0.8029, 0.8115, 0.8121, 0.8084, 0.7994, 0.8074, 0.8115], [0.8092, 0.8177, 0.8158, 0.8139, 0.813, 0.8124, 0.8138, 0.8089, 0.8126], [0.798, 0.7962, 0.8011, 0.7993, 0.8022, 0.8028, 0.8008, 0.7994, 0.7997]]	
Results: 	[[0.805, 0.8043, 0.8029, 0.8115, 0.8121, 0.8084, 0.7994, 0.8074, 0.8115, 0.8096], [0.8092, 0.8177, 0.8158, 0.8139, 0.813, 0.8124, 0.8138, 0.8089, 0.8126, 0.8163], [0.798, 0.7962, 0.8011, 0.7993, 0.8022, 0.8028, 0.8008, 0.7994, 0.7997, 0.7999]]	
Results: 	[[0.805, 0.8043, 0.8029, 0.8115, 0.8121, 0.8084, 0.7994, 0.8074, 0.8115, 0.8096, 0.8024], [0.8092, 0.8177, 0.8158, 0.8139, 0.813, 0.8124, 0.8138, 0.8089, 0.8126, 0.8163, 0.8139], [0.798, 0.7962, 0.8011, 0.7993, 0.8022, 0.8028, 0.8008, 0.7994, 0.7997, 0.7999, 0.8024]]	
Results: 	[[0.805, 0.8043, 0.8029, 0.8115, 0.8121, 0.8084, 0.7994, 0.8074, 0.8115, 0.8096, 0.8024, 0.8055], [0.8092, 0.8177, 0.8158, 0.8139, 0.813, 0.8124, 0.8138, 0.8089, 0.8126, 0.8163, 0.8139, 0.8202], [0.798, 0.7962, 0.8011, 0.7993, 0.8022, 0.8028, 0.8008, 0.7994, 0.7997, 0.7999, 0.8024, 0.7936]]	
Results: 	[[0.805, 0.8043, 0.8029, 0.8115, 0.8121, 0.8084, 0.7994, 0.8074, 0.8115, 0.8096, 0.8024, 0.8055, 0.8033], [0.8092, 0.8177, 0.8158, 0.8139, 0.813, 0.8124, 0.8138, 0.8089, 0.8126, 0.8163, 0.8139, 0.8202, 0.8124], [0.798, 0.7962, 0.8011, 0.7993, 0.8022, 0.8028, 0.8008, 0.7994, 0.7997, 0.7999, 0.8024, 0.7936, 0.7977]]	
Results: 	[[0.805, 0.8043, 0.8029, 0.8115, 0.8121, 0.8084, 0.7994, 0.8074, 0.8115, 0.8096, 0.8024, 0.8055, 0.8033, 0.8068], [0.8092, 0.8177, 0.8158, 0.8139, 0.813, 0.8124, 0.8138, 0.8089, 0.8126, 0.8163, 0.8139, 0.8202, 0.8124, 0.8127], [0.798, 0.7962, 0.8011, 0.7993, 0.8022, 0.8028, 0.8008, 0.7994, 0.7997, 0.7999, 0.8024, 0.7936, 0.7977, 0.8023]]	
Results: 	[[0.805, 0.8043, 0.8029, 0.8115, 0.8121, 0.8084, 0.7994, 0.8074, 0.8115, 0.8096, 0.8024, 0.8055, 0.8033, 0.8068, 0.8111], [0.8092, 0.8177, 0.8158, 0.8139, 0.813, 0.8124, 0.8138, 0.8089, 0.8126, 0.8163, 0.8139, 0.8202, 0.8124, 0.8127, 0.8141], [0.798, 0.7962, 0.8011, 0.7993, 0.8022, 0.8028, 0.8008, 0.7994, 0.7997, 0.7999, 0.8024, 0.7936, 0.7977, 0.8023, 0.7932]]	
Results: 	[[0.805, 0.8043, 0.8029, 0.8115, 0.8121, 0.8084, 0.7994, 0.8074, 0.8115, 0.8096, 0.8024, 0.8055, 0.8033, 0.8068, 0.8111, 0.8091], [0.8092, 0.8177, 0.8158, 0.8139, 0.813, 0.8124, 0.8138, 0.8089, 0.8126, 0.8163, 0.8139, 0.8202, 0.8124, 0.8127, 0.8141, 0.8106], [0.798, 0.7962, 0.8011, 0.7993, 0.8022, 0.8028, 0.8008, 0.7994, 0.7997, 0.7999, 0.8024, 0.7936, 0.7977, 0.8023, 0.7932, 0.8047]]	
Results: 	[[0.805, 0.8043, 0.8029, 0.8115, 0.8121, 0.8084, 0.7994, 0.8074, 0.8115, 0.8096, 0.8024, 0.8055, 0.8033, 0.8068, 0.8111, 0.8091, 0.8055], [0.8092, 0.8177, 0.8158, 0.8139, 0.813, 0.8124, 0.8138, 0.8089, 0.8126, 0.8163, 0.8139, 0.8202, 0.8124, 0.8127, 0.8141, 0.8106, 0.8122], [0.798, 0.7962, 0.8011, 0.7993, 0.8022, 0.8028, 0.8008, 0.7994, 0.7997, 0.7999, 0.8024, 0.7936, 0.7977, 0.8023, 0.7932, 0.8047, 0.7955]]	
Results: 	[[0.805, 0.8043, 0.8029, 0.8115, 0.8121, 0.8084, 0.7994, 0.8074, 0.8115, 0.8096, 0.8024, 0.8055, 0.8033, 0.8068, 0.8111, 0.8091, 0.8055, 0.8143], [0.8092, 0.8177, 0.8158, 0.8139, 0.813, 0.8124, 0.8138, 0.8089, 0.8126, 0.8163, 0.8139, 0.8202, 0.8124, 0.8127, 0.8141, 0.8106, 0.8122, 0.8111], [0.798, 0.7962, 0.8011, 0.7993, 0.8022, 0.8028, 0.8008, 0.7994, 0.7997, 0.7999, 0.8024, 0.7936, 0.7977, 0.8023, 0.7932, 0.8047, 0.7955, 0.8012]]	
Results: 	[[0.805, 0.8043, 0.8029, 0.8115, 0.8121, 0.8084, 0.7994, 0.8074, 0.8115, 0.8096, 0.8024, 0.8055, 0.8033, 0.8068, 0.8111, 0.8091, 0.8055, 0.8143, 0.8045], [0.8092, 0.8177, 0.8158, 0.8139, 0.813, 0.8124, 0.8138, 0.8089, 0.8126, 0.8163, 0.8139, 0.8202, 0.8124, 0.8127, 0.8141, 0.8106, 0.8122, 0.8111, 0.8192], [0.798, 0.7962, 0.8011, 0.7993, 0.8022, 0.8028, 0.8008, 0.7994, 0.7997, 0.7999, 0.8024, 0.7936, 0.7977, 0.8023, 0.7932, 0.8047, 0.7955, 0.8012, 0.8061]]	
Results: 	[[0.805, 0.8043, 0.8029, 0.8115, 0.8121, 0.8084, 0.7994, 0.8074, 0.8115, 0.8096, 0.8024, 0.8055, 0.8033, 0.8068, 0.8111, 0.8091, 0.8055, 0.8143, 0.8045, 0.8104], [0.8092, 0.8177, 0.8158, 0.8139, 0.813, 0.8124, 0.8138, 0.8089, 0.8126, 0.8163, 0.8139, 0.8202, 0.8124, 0.8127, 0.8141, 0.8106, 0.8122, 0.8111, 0.8192, 0.8182], [0.798, 0.7962, 0.8011, 0.7993, 0.8022, 0.8028, 0.8008, 0.7994, 0.7997, 0.7999, 0.8024, 0.7936, 0.7977, 0.8023, 0.7932, 0.8047, 0.7955, 0.8012, 0.8061, 0.7973]]	
Results: 	[[0.805, 0.8043, 0.8029, 0.8115, 0.8121, 0.8084, 0.7994, 0.8074, 0.8115, 0.8096, 0.8024, 0.8055, 0.8033, 0.8068, 0.8111, 0.8091, 0.8055, 0.8143, 0.8045, 0.8104, 0.8106], [0.8092, 0.8177, 0.8158, 0.8139, 0.813, 0.8124, 0.8138, 0.8089, 0.8126, 0.8163, 0.8139, 0.8202, 0.8124, 0.8127, 0.8141, 0.8106, 0.8122, 0.8111, 0.8192, 0.8182, 0.8135], [0.798, 0.7962, 0.8011, 0.7993, 0.8022, 0.8028, 0.8008, 0.7994, 0.7997, 0.7999, 0.8024, 0.7936, 0.7977, 0.8023, 0.7932, 0.8047, 0.7955, 0.8012, 0.8061, 0.7973, 0.796]]	
Results: 	[[0.805, 0.8043, 0.8029, 0.8115, 0.8121, 0.8084, 0.7994, 0.8074, 0.8115, 0.8096, 0.8024, 0.8055, 0.8033, 0.8068, 0.8111, 0.8091, 0.8055, 0.8143, 0.8045, 0.8104, 0.8106, 0.8112], [0.8092, 0.8177, 0.8158, 0.8139, 0.813, 0.8124, 0.8138, 0.8089, 0.8126, 0.8163, 0.8139, 0.8202, 0.8124, 0.8127, 0.8141, 0.8106, 0.8122, 0.8111, 0.8192, 0.8182, 0.8135, 0.8145], [0.798, 0.7962, 0.8011, 0.7993, 0.8022, 0.8028, 0.8008, 0.7994, 0.7997, 0.7999, 0.8024, 0.7936, 0.7977, 0.8023, 0.7932, 0.8047, 0.7955, 0.8012, 0.8061, 0.7973, 0.796, 0.8039]]	
Results: 	[[0.805, 0.8043, 0.8029, 0.8115, 0.8121, 0.8084, 0.7994, 0.8074, 0.8115, 0.8096, 0.8024, 0.8055, 0.8033, 0.8068, 0.8111, 0.8091, 0.8055, 0.8143, 0.8045, 0.8104, 0.8106, 0.8112, 0.7996], [0.8092, 0.8177, 0.8158, 0.8139, 0.813, 0.8124, 0.8138, 0.8089, 0.8126, 0.8163, 0.8139, 0.8202, 0.8124, 0.8127, 0.8141, 0.8106, 0.8122, 0.8111, 0.8192, 0.8182, 0.8135, 0.8145, 0.8196], [0.798, 0.7962, 0.8011, 0.7993, 0.8022, 0.8028, 0.8008, 0.7994, 0.7997, 0.7999, 0.8024, 0.7936, 0.7977, 0.8023, 0.7932, 0.8047, 0.7955, 0.8012, 0.8061, 0.7973, 0.796, 0.8039, 0.7999]]	
Results: 	[[0.805, 0.8043, 0.8029, 0.8115, 0.8121, 0.8084, 0.7994, 0.8074, 0.8115, 0.8096, 0.8024, 0.8055, 0.8033, 0.8068, 0.8111, 0.8091, 0.8055, 0.8143, 0.8045, 0.8104, 0.8106, 0.8112, 0.7996, 0.8069], [0.8092, 0.8177, 0.8158, 0.8139, 0.813, 0.8124, 0.8138, 0.8089, 0.8126, 0.8163, 0.8139, 0.8202, 0.8124, 0.8127, 0.8141, 0.8106, 0.8122, 0.8111, 0.8192, 0.8182, 0.8135, 0.8145, 0.8196, 0.8126], [0.798, 0.7962, 0.8011, 0.7993, 0.8022, 0.8028, 0.8008, 0.7994, 0.7997, 0.7999, 0.8024, 0.7936, 0.7977, 0.8023, 0.7932, 0.8047, 0.7955, 0.8012, 0.8061, 0.7973, 0.796, 0.8039, 0.7999, 0.8017]]	
Results: 	[[0.805, 0.8043, 0.8029, 0.8115, 0.8121, 0.8084, 0.7994, 0.8074, 0.8115, 0.8096, 0.8024, 0.8055, 0.8033, 0.8068, 0.8111, 0.8091, 0.8055, 0.8143, 0.8045, 0.8104, 0.8106, 0.8112, 0.7996, 0.8069, 0.8091], [0.8092, 0.8177, 0.8158, 0.8139, 0.813, 0.8124, 0.8138, 0.8089, 0.8126, 0.8163, 0.8139, 0.8202, 0.8124, 0.8127, 0.8141, 0.8106, 0.8122, 0.8111, 0.8192, 0.8182, 0.8135, 0.8145, 0.8196, 0.8126, 0.8162], [0.798, 0.7962, 0.8011, 0.7993, 0.8022, 0.8028, 0.8008, 0.7994, 0.7997, 0.7999, 0.8024, 0.7936, 0.7977, 0.8023, 0.7932, 0.8047, 0.7955, 0.8012, 0.8061, 0.7973, 0.796, 0.8039, 0.7999, 0.8017, 0.7973]]	
Results: 	[[0.805, 0.8043, 0.8029, 0.8115, 0.8121, 0.8084, 0.7994, 0.8074, 0.8115, 0.8096, 0.8024, 0.8055, 0.8033, 0.8068, 0.8111, 0.8091, 0.8055, 0.8143, 0.8045, 0.8104, 0.8106, 0.8112, 0.7996, 0.8069, 0.8091, 0.8051], [0.8092, 0.8177, 0.8158, 0.8139, 0.813, 0.8124, 0.8138, 0.8089, 0.8126, 0.8163, 0.8139, 0.8202, 0.8124, 0.8127, 0.8141, 0.8106, 0.8122, 0.8111, 0.8192, 0.8182, 0.8135, 0.8145, 0.8196, 0.8126, 0.8162, 0.8154], [0.798, 0.7962, 0.8011, 0.7993, 0.8022, 0.8028, 0.8008, 0.7994, 0.7997, 0.7999, 0.8024, 0.7936, 0.7977, 0.8023, 0.7932, 0.8047, 0.7955, 0.8012, 0.8061, 0.7973, 0.796, 0.8039, 0.7999, 0.8017, 0.7973, 0.7997]]	
Results: 	[[0.805, 0.8043, 0.8029, 0.8115, 0.8121, 0.8084, 0.7994, 0.8074, 0.8115, 0.8096, 0.8024, 0.8055, 0.8033, 0.8068, 0.8111, 0.8091, 0.8055, 0.8143, 0.8045, 0.8104, 0.8106, 0.8112, 0.7996, 0.8069, 0.8091, 0.8051, 0.8124], [0.8092, 0.8177, 0.8158, 0.8139, 0.813, 0.8124, 0.8138, 0.8089, 0.8126, 0.8163, 0.8139, 0.8202, 0.8124, 0.8127, 0.8141, 0.8106, 0.8122, 0.8111, 0.8192, 0.8182, 0.8135, 0.8145, 0.8196, 0.8126, 0.8162, 0.8154, 0.8121], [0.798, 0.7962, 0.8011, 0.7993, 0.8022, 0.8028, 0.8008, 0.7994, 0.7997, 0.7999, 0.8024, 0.7936, 0.7977, 0.8023, 0.7932, 0.8047, 0.7955, 0.8012, 0.8061, 0.7973, 0.796, 0.8039, 0.7999, 0.8017, 0.7973, 0.7997, 0.8017]]	
Results: 	[[0.805, 0.8043, 0.8029, 0.8115, 0.8121, 0.8084, 0.7994, 0.8074, 0.8115, 0.8096, 0.8024, 0.8055, 0.8033, 0.8068, 0.8111, 0.8091, 0.8055, 0.8143, 0.8045, 0.8104, 0.8106, 0.8112, 0.7996, 0.8069, 0.8091, 0.8051, 0.8124, 0.8106], [0.8092, 0.8177, 0.8158, 0.8139, 0.813, 0.8124, 0.8138, 0.8089, 0.8126, 0.8163, 0.8139, 0.8202, 0.8124, 0.8127, 0.8141, 0.8106, 0.8122, 0.8111, 0.8192, 0.8182, 0.8135, 0.8145, 0.8196, 0.8126, 0.8162, 0.8154, 0.8121, 0.8157], [0.798, 0.7962, 0.8011, 0.7993, 0.8022, 0.8028, 0.8008, 0.7994, 0.7997, 0.7999, 0.8024, 0.7936, 0.7977, 0.8023, 0.7932, 0.8047, 0.7955, 0.8012, 0.8061, 0.7973, 0.796, 0.8039, 0.7999, 0.8017, 0.7973, 0.7997, 0.8017, 0.796]]	
Results: 	[[0.805, 0.8043, 0.8029, 0.8115, 0.8121, 0.8084, 0.7994, 0.8074, 0.8115, 0.8096, 0.8024, 0.8055, 0.8033, 0.8068, 0.8111, 0.8091, 0.8055, 0.8143, 0.8045, 0.8104, 0.8106, 0.8112, 0.7996, 0.8069, 0.8091, 0.8051, 0.8124, 0.8106, 0.7989], [0.8092, 0.8177, 0.8158, 0.8139, 0.813, 0.8124, 0.8138, 0.8089, 0.8126, 0.8163, 0.8139, 0.8202, 0.8124, 0.8127, 0.8141, 0.8106, 0.8122, 0.8111, 0.8192, 0.8182, 0.8135, 0.8145, 0.8196, 0.8126, 0.8162, 0.8154, 0.8121, 0.8157, 0.8185], [0.798, 0.7962, 0.8011, 0.7993, 0.8022, 0.8028, 0.8008, 0.7994, 0.7997, 0.7999, 0.8024, 0.7936, 0.7977, 0.8023, 0.7932, 0.8047, 0.7955, 0.8012, 0.8061, 0.7973, 0.796, 0.8039, 0.7999, 0.8017, 0.7973, 0.7997, 0.8017, 0.796, 0.8031]]	
Results: 	[[0.805, 0.8043, 0.8029, 0.8115, 0.8121, 0.8084, 0.7994, 0.8074, 0.8115, 0.8096, 0.8024, 0.8055, 0.8033, 0.8068, 0.8111, 0.8091, 0.8055, 0.8143, 0.8045, 0.8104, 0.8106, 0.8112, 0.7996, 0.8069, 0.8091, 0.8051, 0.8124, 0.8106, 0.7989, 0.8053], [0.8092, 0.8177, 0.8158, 0.8139, 0.813, 0.8124, 0.8138, 0.8089, 0.8126, 0.8163, 0.8139, 0.8202, 0.8124, 0.8127, 0.8141, 0.8106, 0.8122, 0.8111, 0.8192, 0.8182, 0.8135, 0.8145, 0.8196, 0.8126, 0.8162, 0.8154, 0.8121, 0.8157, 0.8185, 0.8142], [0.798, 0.7962, 0.8011, 0.7993, 0.8022, 0.8028, 0.8008, 0.7994, 0.7997, 0.7999, 0.8024, 0.7936, 0.7977, 0.8023, 0.7932, 0.8047, 0.7955, 0.8012, 0.8061, 0.7973, 0.796, 0.8039, 0.7999, 0.8017, 0.7973, 0.7997, 0.8017, 0.796, 0.8031, 0.7982]]
Support Sets: (Mean:0.8071566666666666, SD:0.004136605582736463) | 	Support Sets: (Mean:0.81435, SD:0.0029429928468400605) | 	Support Sets: (Mean:0.7996966666666667, SD:0.003195954698799966) | 	
