Results: 	[[0.5959], [0.687], [0.6169], [0.5923], [0.5766], [0.6247]]	
Results: 	[[0.5959, 0.5958], [0.687, 0.7226], [0.6169, 0.6154], [0.5923, 0.5936], [0.5766, 0.5602], [0.6247, 0.6482]]	
Results: 	[[0.5959, 0.5958, 0.593], [0.687, 0.7226, 0.7151], [0.6169, 0.6154, 0.6108], [0.5923, 0.5936, 0.5945], [0.5766, 0.5602, 0.5749], [0.6247, 0.6482, 0.629]]	
Results: 	[[0.5959, 0.5958, 0.593, 0.5971], [0.687, 0.7226, 0.7151, 0.7221], [0.6169, 0.6154, 0.6108, 0.6161], [0.5923, 0.5936, 0.5945, 0.5971], [0.5766, 0.5602, 0.5749, 0.57], [0.6247, 0.6482, 0.629, 0.6297]]	
Results: 	[[0.5959, 0.5958, 0.593, 0.5971, 0.5998], [0.687, 0.7226, 0.7151, 0.7221, 0.7187], [0.6169, 0.6154, 0.6108, 0.6161, 0.6077], [0.5923, 0.5936, 0.5945, 0.5971, 0.597], [0.5766, 0.5602, 0.5749, 0.57, 0.5768], [0.6247, 0.6482, 0.629, 0.6297, 0.6308]]	
Results: 	[[0.5959, 0.5958, 0.593, 0.5971, 0.5998, 0.5951], [0.687, 0.7226, 0.7151, 0.7221, 0.7187, 0.7209], [0.6169, 0.6154, 0.6108, 0.6161, 0.6077, 0.6172], [0.5923, 0.5936, 0.5945, 0.5971, 0.597, 0.6013], [0.5766, 0.5602, 0.5749, 0.57, 0.5768, 0.5696], [0.6247, 0.6482, 0.629, 0.6297, 0.6308, 0.6318]]	
Results: 	[[0.5959, 0.5958, 0.593, 0.5971, 0.5998, 0.5951, 0.597], [0.687, 0.7226, 0.7151, 0.7221, 0.7187, 0.7209, 0.7065], [0.6169, 0.6154, 0.6108, 0.6161, 0.6077, 0.6172, 0.6205], [0.5923, 0.5936, 0.5945, 0.5971, 0.597, 0.6013, 0.5984], [0.5766, 0.5602, 0.5749, 0.57, 0.5768, 0.5696, 0.573], [0.6247, 0.6482, 0.629, 0.6297, 0.6308, 0.6318, 0.6242]]	
Results: 	[[0.5959, 0.5958, 0.593, 0.5971, 0.5998, 0.5951, 0.597, 0.5904], [0.687, 0.7226, 0.7151, 0.7221, 0.7187, 0.7209, 0.7065, 0.7353], [0.6169, 0.6154, 0.6108, 0.6161, 0.6077, 0.6172, 0.6205, 0.6134], [0.5923, 0.5936, 0.5945, 0.5971, 0.597, 0.6013, 0.5984, 0.5967], [0.5766, 0.5602, 0.5749, 0.57, 0.5768, 0.5696, 0.573, 0.5742], [0.6247, 0.6482, 0.629, 0.6297, 0.6308, 0.6318, 0.6242, 0.6323]]	
Results: 	[[0.5959, 0.5958, 0.593, 0.5971, 0.5998, 0.5951, 0.597, 0.5904, 0.6027], [0.687, 0.7226, 0.7151, 0.7221, 0.7187, 0.7209, 0.7065, 0.7353, 0.7345], [0.6169, 0.6154, 0.6108, 0.6161, 0.6077, 0.6172, 0.6205, 0.6134, 0.6163], [0.5923, 0.5936, 0.5945, 0.5971, 0.597, 0.6013, 0.5984, 0.5967, 0.596], [0.5766, 0.5602, 0.5749, 0.57, 0.5768, 0.5696, 0.573, 0.5742, 0.567], [0.6247, 0.6482, 0.629, 0.6297, 0.6308, 0.6318, 0.6242, 0.6323, 0.6207]]	
Results: 	[[0.5959, 0.5958, 0.593, 0.5971, 0.5998, 0.5951, 0.597, 0.5904, 0.6027, 0.5963], [0.687, 0.7226, 0.7151, 0.7221, 0.7187, 0.7209, 0.7065, 0.7353, 0.7345, 0.714], [0.6169, 0.6154, 0.6108, 0.6161, 0.6077, 0.6172, 0.6205, 0.6134, 0.6163, 0.62], [0.5923, 0.5936, 0.5945, 0.5971, 0.597, 0.6013, 0.5984, 0.5967, 0.596, 0.594], [0.5766, 0.5602, 0.5749, 0.57, 0.5768, 0.5696, 0.573, 0.5742, 0.567, 0.555], [0.6247, 0.6482, 0.629, 0.6297, 0.6308, 0.6318, 0.6242, 0.6323, 0.6207, 0.628]]	
Results: 	[[0.5959, 0.5958, 0.593, 0.5971, 0.5998, 0.5951, 0.597, 0.5904, 0.6027, 0.5963, 0.5922], [0.687, 0.7226, 0.7151, 0.7221, 0.7187, 0.7209, 0.7065, 0.7353, 0.7345, 0.714, 0.7025], [0.6169, 0.6154, 0.6108, 0.6161, 0.6077, 0.6172, 0.6205, 0.6134, 0.6163, 0.62, 0.615], [0.5923, 0.5936, 0.5945, 0.5971, 0.597, 0.6013, 0.5984, 0.5967, 0.596, 0.594, 0.5988], [0.5766, 0.5602, 0.5749, 0.57, 0.5768, 0.5696, 0.573, 0.5742, 0.567, 0.555, 0.5847], [0.6247, 0.6482, 0.629, 0.6297, 0.6308, 0.6318, 0.6242, 0.6323, 0.6207, 0.628, 0.6492]]	
Results: 	[[0.5959, 0.5958, 0.593, 0.5971, 0.5998, 0.5951, 0.597, 0.5904, 0.6027, 0.5963, 0.5922, 0.6002], [0.687, 0.7226, 0.7151, 0.7221, 0.7187, 0.7209, 0.7065, 0.7353, 0.7345, 0.714, 0.7025, 0.7122], [0.6169, 0.6154, 0.6108, 0.6161, 0.6077, 0.6172, 0.6205, 0.6134, 0.6163, 0.62, 0.615, 0.6155], [0.5923, 0.5936, 0.5945, 0.5971, 0.597, 0.6013, 0.5984, 0.5967, 0.596, 0.594, 0.5988, 0.5984], [0.5766, 0.5602, 0.5749, 0.57, 0.5768, 0.5696, 0.573, 0.5742, 0.567, 0.555, 0.5847, 0.5637], [0.6247, 0.6482, 0.629, 0.6297, 0.6308, 0.6318, 0.6242, 0.6323, 0.6207, 0.628, 0.6492, 0.6299]]	
Results: 	[[0.5959, 0.5958, 0.593, 0.5971, 0.5998, 0.5951, 0.597, 0.5904, 0.6027, 0.5963, 0.5922, 0.6002, 0.5921], [0.687, 0.7226, 0.7151, 0.7221, 0.7187, 0.7209, 0.7065, 0.7353, 0.7345, 0.714, 0.7025, 0.7122, 0.7089], [0.6169, 0.6154, 0.6108, 0.6161, 0.6077, 0.6172, 0.6205, 0.6134, 0.6163, 0.62, 0.615, 0.6155, 0.6086], [0.5923, 0.5936, 0.5945, 0.5971, 0.597, 0.6013, 0.5984, 0.5967, 0.596, 0.594, 0.5988, 0.5984, 0.5963], [0.5766, 0.5602, 0.5749, 0.57, 0.5768, 0.5696, 0.573, 0.5742, 0.567, 0.555, 0.5847, 0.5637, 0.5716], [0.6247, 0.6482, 0.629, 0.6297, 0.6308, 0.6318, 0.6242, 0.6323, 0.6207, 0.628, 0.6492, 0.6299, 0.6408]]	
Results: 	[[0.5959, 0.5958, 0.593, 0.5971, 0.5998, 0.5951, 0.597, 0.5904, 0.6027, 0.5963, 0.5922, 0.6002, 0.5921, 0.5934], [0.687, 0.7226, 0.7151, 0.7221, 0.7187, 0.7209, 0.7065, 0.7353, 0.7345, 0.714, 0.7025, 0.7122, 0.7089, 0.6919], [0.6169, 0.6154, 0.6108, 0.6161, 0.6077, 0.6172, 0.6205, 0.6134, 0.6163, 0.62, 0.615, 0.6155, 0.6086, 0.6163], [0.5923, 0.5936, 0.5945, 0.5971, 0.597, 0.6013, 0.5984, 0.5967, 0.596, 0.594, 0.5988, 0.5984, 0.5963, 0.5972], [0.5766, 0.5602, 0.5749, 0.57, 0.5768, 0.5696, 0.573, 0.5742, 0.567, 0.555, 0.5847, 0.5637, 0.5716, 0.5782], [0.6247, 0.6482, 0.629, 0.6297, 0.6308, 0.6318, 0.6242, 0.6323, 0.6207, 0.628, 0.6492, 0.6299, 0.6408, 0.6237]]	
Results: 	[[0.5959, 0.5958, 0.593, 0.5971, 0.5998, 0.5951, 0.597, 0.5904, 0.6027, 0.5963, 0.5922, 0.6002, 0.5921, 0.5934, 0.6], [0.687, 0.7226, 0.7151, 0.7221, 0.7187, 0.7209, 0.7065, 0.7353, 0.7345, 0.714, 0.7025, 0.7122, 0.7089, 0.6919, 0.7286], [0.6169, 0.6154, 0.6108, 0.6161, 0.6077, 0.6172, 0.6205, 0.6134, 0.6163, 0.62, 0.615, 0.6155, 0.6086, 0.6163, 0.6159], [0.5923, 0.5936, 0.5945, 0.5971, 0.597, 0.6013, 0.5984, 0.5967, 0.596, 0.594, 0.5988, 0.5984, 0.5963, 0.5972, 0.5996], [0.5766, 0.5602, 0.5749, 0.57, 0.5768, 0.5696, 0.573, 0.5742, 0.567, 0.555, 0.5847, 0.5637, 0.5716, 0.5782, 0.5736], [0.6247, 0.6482, 0.629, 0.6297, 0.6308, 0.6318, 0.6242, 0.6323, 0.6207, 0.628, 0.6492, 0.6299, 0.6408, 0.6237, 0.6307]]	
Results: 	[[0.5959, 0.5958, 0.593, 0.5971, 0.5998, 0.5951, 0.597, 0.5904, 0.6027, 0.5963, 0.5922, 0.6002, 0.5921, 0.5934, 0.6, 0.5946], [0.687, 0.7226, 0.7151, 0.7221, 0.7187, 0.7209, 0.7065, 0.7353, 0.7345, 0.714, 0.7025, 0.7122, 0.7089, 0.6919, 0.7286, 0.732], [0.6169, 0.6154, 0.6108, 0.6161, 0.6077, 0.6172, 0.6205, 0.6134, 0.6163, 0.62, 0.615, 0.6155, 0.6086, 0.6163, 0.6159, 0.6174], [0.5923, 0.5936, 0.5945, 0.5971, 0.597, 0.6013, 0.5984, 0.5967, 0.596, 0.594, 0.5988, 0.5984, 0.5963, 0.5972, 0.5996, 0.5929], [0.5766, 0.5602, 0.5749, 0.57, 0.5768, 0.5696, 0.573, 0.5742, 0.567, 0.555, 0.5847, 0.5637, 0.5716, 0.5782, 0.5736, 0.5715], [0.6247, 0.6482, 0.629, 0.6297, 0.6308, 0.6318, 0.6242, 0.6323, 0.6207, 0.628, 0.6492, 0.6299, 0.6408, 0.6237, 0.6307, 0.6279]]	
Results: 	[[0.5959, 0.5958, 0.593, 0.5971, 0.5998, 0.5951, 0.597, 0.5904, 0.6027, 0.5963, 0.5922, 0.6002, 0.5921, 0.5934, 0.6, 0.5946, 0.5967], [0.687, 0.7226, 0.7151, 0.7221, 0.7187, 0.7209, 0.7065, 0.7353, 0.7345, 0.714, 0.7025, 0.7122, 0.7089, 0.6919, 0.7286, 0.732, 0.7228], [0.6169, 0.6154, 0.6108, 0.6161, 0.6077, 0.6172, 0.6205, 0.6134, 0.6163, 0.62, 0.615, 0.6155, 0.6086, 0.6163, 0.6159, 0.6174, 0.6102], [0.5923, 0.5936, 0.5945, 0.5971, 0.597, 0.6013, 0.5984, 0.5967, 0.596, 0.594, 0.5988, 0.5984, 0.5963, 0.5972, 0.5996, 0.5929, 0.5927], [0.5766, 0.5602, 0.5749, 0.57, 0.5768, 0.5696, 0.573, 0.5742, 0.567, 0.555, 0.5847, 0.5637, 0.5716, 0.5782, 0.5736, 0.5715, 0.5681], [0.6247, 0.6482, 0.629, 0.6297, 0.6308, 0.6318, 0.6242, 0.6323, 0.6207, 0.628, 0.6492, 0.6299, 0.6408, 0.6237, 0.6307, 0.6279, 0.6308]]	
Results: 	[[0.5959, 0.5958, 0.593, 0.5971, 0.5998, 0.5951, 0.597, 0.5904, 0.6027, 0.5963, 0.5922, 0.6002, 0.5921, 0.5934, 0.6, 0.5946, 0.5967, 0.6018], [0.687, 0.7226, 0.7151, 0.7221, 0.7187, 0.7209, 0.7065, 0.7353, 0.7345, 0.714, 0.7025, 0.7122, 0.7089, 0.6919, 0.7286, 0.732, 0.7228, 0.7135], [0.6169, 0.6154, 0.6108, 0.6161, 0.6077, 0.6172, 0.6205, 0.6134, 0.6163, 0.62, 0.615, 0.6155, 0.6086, 0.6163, 0.6159, 0.6174, 0.6102, 0.612], [0.5923, 0.5936, 0.5945, 0.5971, 0.597, 0.6013, 0.5984, 0.5967, 0.596, 0.594, 0.5988, 0.5984, 0.5963, 0.5972, 0.5996, 0.5929, 0.5927, 0.5962], [0.5766, 0.5602, 0.5749, 0.57, 0.5768, 0.5696, 0.573, 0.5742, 0.567, 0.555, 0.5847, 0.5637, 0.5716, 0.5782, 0.5736, 0.5715, 0.5681, 0.5867], [0.6247, 0.6482, 0.629, 0.6297, 0.6308, 0.6318, 0.6242, 0.6323, 0.6207, 0.628, 0.6492, 0.6299, 0.6408, 0.6237, 0.6307, 0.6279, 0.6308, 0.6279]]	
Results: 	[[0.5959, 0.5958, 0.593, 0.5971, 0.5998, 0.5951, 0.597, 0.5904, 0.6027, 0.5963, 0.5922, 0.6002, 0.5921, 0.5934, 0.6, 0.5946, 0.5967, 0.6018, 0.5952], [0.687, 0.7226, 0.7151, 0.7221, 0.7187, 0.7209, 0.7065, 0.7353, 0.7345, 0.714, 0.7025, 0.7122, 0.7089, 0.6919, 0.7286, 0.732, 0.7228, 0.7135, 0.7244], [0.6169, 0.6154, 0.6108, 0.6161, 0.6077, 0.6172, 0.6205, 0.6134, 0.6163, 0.62, 0.615, 0.6155, 0.6086, 0.6163, 0.6159, 0.6174, 0.6102, 0.612, 0.6123], [0.5923, 0.5936, 0.5945, 0.5971, 0.597, 0.6013, 0.5984, 0.5967, 0.596, 0.594, 0.5988, 0.5984, 0.5963, 0.5972, 0.5996, 0.5929, 0.5927, 0.5962, 0.5997], [0.5766, 0.5602, 0.5749, 0.57, 0.5768, 0.5696, 0.573, 0.5742, 0.567, 0.555, 0.5847, 0.5637, 0.5716, 0.5782, 0.5736, 0.5715, 0.5681, 0.5867, 0.592], [0.6247, 0.6482, 0.629, 0.6297, 0.6308, 0.6318, 0.6242, 0.6323, 0.6207, 0.628, 0.6492, 0.6299, 0.6408, 0.6237, 0.6307, 0.6279, 0.6308, 0.6279, 0.621]]	
Results: 	[[0.5959, 0.5958, 0.593, 0.5971, 0.5998, 0.5951, 0.597, 0.5904, 0.6027, 0.5963, 0.5922, 0.6002, 0.5921, 0.5934, 0.6, 0.5946, 0.5967, 0.6018, 0.5952, 0.597], [0.687, 0.7226, 0.7151, 0.7221, 0.7187, 0.7209, 0.7065, 0.7353, 0.7345, 0.714, 0.7025, 0.7122, 0.7089, 0.6919, 0.7286, 0.732, 0.7228, 0.7135, 0.7244, 0.7021], [0.6169, 0.6154, 0.6108, 0.6161, 0.6077, 0.6172, 0.6205, 0.6134, 0.6163, 0.62, 0.615, 0.6155, 0.6086, 0.6163, 0.6159, 0.6174, 0.6102, 0.612, 0.6123, 0.6174], [0.5923, 0.5936, 0.5945, 0.5971, 0.597, 0.6013, 0.5984, 0.5967, 0.596, 0.594, 0.5988, 0.5984, 0.5963, 0.5972, 0.5996, 0.5929, 0.5927, 0.5962, 0.5997, 0.6016], [0.5766, 0.5602, 0.5749, 0.57, 0.5768, 0.5696, 0.573, 0.5742, 0.567, 0.555, 0.5847, 0.5637, 0.5716, 0.5782, 0.5736, 0.5715, 0.5681, 0.5867, 0.592, 0.5759], [0.6247, 0.6482, 0.629, 0.6297, 0.6308, 0.6318, 0.6242, 0.6323, 0.6207, 0.628, 0.6492, 0.6299, 0.6408, 0.6237, 0.6307, 0.6279, 0.6308, 0.6279, 0.621, 0.6236]]	
Results: 	[[0.5959, 0.5958, 0.593, 0.5971, 0.5998, 0.5951, 0.597, 0.5904, 0.6027, 0.5963, 0.5922, 0.6002, 0.5921, 0.5934, 0.6, 0.5946, 0.5967, 0.6018, 0.5952, 0.597, 0.6007], [0.687, 0.7226, 0.7151, 0.7221, 0.7187, 0.7209, 0.7065, 0.7353, 0.7345, 0.714, 0.7025, 0.7122, 0.7089, 0.6919, 0.7286, 0.732, 0.7228, 0.7135, 0.7244, 0.7021, 0.7272], [0.6169, 0.6154, 0.6108, 0.6161, 0.6077, 0.6172, 0.6205, 0.6134, 0.6163, 0.62, 0.615, 0.6155, 0.6086, 0.6163, 0.6159, 0.6174, 0.6102, 0.612, 0.6123, 0.6174, 0.616], [0.5923, 0.5936, 0.5945, 0.5971, 0.597, 0.6013, 0.5984, 0.5967, 0.596, 0.594, 0.5988, 0.5984, 0.5963, 0.5972, 0.5996, 0.5929, 0.5927, 0.5962, 0.5997, 0.6016, 0.5919], [0.5766, 0.5602, 0.5749, 0.57, 0.5768, 0.5696, 0.573, 0.5742, 0.567, 0.555, 0.5847, 0.5637, 0.5716, 0.5782, 0.5736, 0.5715, 0.5681, 0.5867, 0.592, 0.5759, 0.5709], [0.6247, 0.6482, 0.629, 0.6297, 0.6308, 0.6318, 0.6242, 0.6323, 0.6207, 0.628, 0.6492, 0.6299, 0.6408, 0.6237, 0.6307, 0.6279, 0.6308, 0.6279, 0.621, 0.6236, 0.6311]]	
Results: 	[[0.5959, 0.5958, 0.593, 0.5971, 0.5998, 0.5951, 0.597, 0.5904, 0.6027, 0.5963, 0.5922, 0.6002, 0.5921, 0.5934, 0.6, 0.5946, 0.5967, 0.6018, 0.5952, 0.597, 0.6007, 0.5945], [0.687, 0.7226, 0.7151, 0.7221, 0.7187, 0.7209, 0.7065, 0.7353, 0.7345, 0.714, 0.7025, 0.7122, 0.7089, 0.6919, 0.7286, 0.732, 0.7228, 0.7135, 0.7244, 0.7021, 0.7272, 0.6984], [0.6169, 0.6154, 0.6108, 0.6161, 0.6077, 0.6172, 0.6205, 0.6134, 0.6163, 0.62, 0.615, 0.6155, 0.6086, 0.6163, 0.6159, 0.6174, 0.6102, 0.612, 0.6123, 0.6174, 0.616, 0.6145], [0.5923, 0.5936, 0.5945, 0.5971, 0.597, 0.6013, 0.5984, 0.5967, 0.596, 0.594, 0.5988, 0.5984, 0.5963, 0.5972, 0.5996, 0.5929, 0.5927, 0.5962, 0.5997, 0.6016, 0.5919, 0.6007], [0.5766, 0.5602, 0.5749, 0.57, 0.5768, 0.5696, 0.573, 0.5742, 0.567, 0.555, 0.5847, 0.5637, 0.5716, 0.5782, 0.5736, 0.5715, 0.5681, 0.5867, 0.592, 0.5759, 0.5709, 0.5734], [0.6247, 0.6482, 0.629, 0.6297, 0.6308, 0.6318, 0.6242, 0.6323, 0.6207, 0.628, 0.6492, 0.6299, 0.6408, 0.6237, 0.6307, 0.6279, 0.6308, 0.6279, 0.621, 0.6236, 0.6311, 0.6303]]	
Results: 	[[0.5959, 0.5958, 0.593, 0.5971, 0.5998, 0.5951, 0.597, 0.5904, 0.6027, 0.5963, 0.5922, 0.6002, 0.5921, 0.5934, 0.6, 0.5946, 0.5967, 0.6018, 0.5952, 0.597, 0.6007, 0.5945, 0.601], [0.687, 0.7226, 0.7151, 0.7221, 0.7187, 0.7209, 0.7065, 0.7353, 0.7345, 0.714, 0.7025, 0.7122, 0.7089, 0.6919, 0.7286, 0.732, 0.7228, 0.7135, 0.7244, 0.7021, 0.7272, 0.6984, 0.7157], [0.6169, 0.6154, 0.6108, 0.6161, 0.6077, 0.6172, 0.6205, 0.6134, 0.6163, 0.62, 0.615, 0.6155, 0.6086, 0.6163, 0.6159, 0.6174, 0.6102, 0.612, 0.6123, 0.6174, 0.616, 0.6145, 0.6135], [0.5923, 0.5936, 0.5945, 0.5971, 0.597, 0.6013, 0.5984, 0.5967, 0.596, 0.594, 0.5988, 0.5984, 0.5963, 0.5972, 0.5996, 0.5929, 0.5927, 0.5962, 0.5997, 0.6016, 0.5919, 0.6007, 0.599], [0.5766, 0.5602, 0.5749, 0.57, 0.5768, 0.5696, 0.573, 0.5742, 0.567, 0.555, 0.5847, 0.5637, 0.5716, 0.5782, 0.5736, 0.5715, 0.5681, 0.5867, 0.592, 0.5759, 0.5709, 0.5734, 0.5799], [0.6247, 0.6482, 0.629, 0.6297, 0.6308, 0.6318, 0.6242, 0.6323, 0.6207, 0.628, 0.6492, 0.6299, 0.6408, 0.6237, 0.6307, 0.6279, 0.6308, 0.6279, 0.621, 0.6236, 0.6311, 0.6303, 0.6397]]	
Results: 	[[0.5959, 0.5958, 0.593, 0.5971, 0.5998, 0.5951, 0.597, 0.5904, 0.6027, 0.5963, 0.5922, 0.6002, 0.5921, 0.5934, 0.6, 0.5946, 0.5967, 0.6018, 0.5952, 0.597, 0.6007, 0.5945, 0.601, 0.5911], [0.687, 0.7226, 0.7151, 0.7221, 0.7187, 0.7209, 0.7065, 0.7353, 0.7345, 0.714, 0.7025, 0.7122, 0.7089, 0.6919, 0.7286, 0.732, 0.7228, 0.7135, 0.7244, 0.7021, 0.7272, 0.6984, 0.7157, 0.7264], [0.6169, 0.6154, 0.6108, 0.6161, 0.6077, 0.6172, 0.6205, 0.6134, 0.6163, 0.62, 0.615, 0.6155, 0.6086, 0.6163, 0.6159, 0.6174, 0.6102, 0.612, 0.6123, 0.6174, 0.616, 0.6145, 0.6135, 0.6118], [0.5923, 0.5936, 0.5945, 0.5971, 0.597, 0.6013, 0.5984, 0.5967, 0.596, 0.594, 0.5988, 0.5984, 0.5963, 0.5972, 0.5996, 0.5929, 0.5927, 0.5962, 0.5997, 0.6016, 0.5919, 0.6007, 0.599, 0.5977], [0.5766, 0.5602, 0.5749, 0.57, 0.5768, 0.5696, 0.573, 0.5742, 0.567, 0.555, 0.5847, 0.5637, 0.5716, 0.5782, 0.5736, 0.5715, 0.5681, 0.5867, 0.592, 0.5759, 0.5709, 0.5734, 0.5799, 0.5887], [0.6247, 0.6482, 0.629, 0.6297, 0.6308, 0.6318, 0.6242, 0.6323, 0.6207, 0.628, 0.6492, 0.6299, 0.6408, 0.6237, 0.6307, 0.6279, 0.6308, 0.6279, 0.621, 0.6236, 0.6311, 0.6303, 0.6397, 0.6275]]	
Results: 	[[0.5959, 0.5958, 0.593, 0.5971, 0.5998, 0.5951, 0.597, 0.5904, 0.6027, 0.5963, 0.5922, 0.6002, 0.5921, 0.5934, 0.6, 0.5946, 0.5967, 0.6018, 0.5952, 0.597, 0.6007, 0.5945, 0.601, 0.5911, 0.5965], [0.687, 0.7226, 0.7151, 0.7221, 0.7187, 0.7209, 0.7065, 0.7353, 0.7345, 0.714, 0.7025, 0.7122, 0.7089, 0.6919, 0.7286, 0.732, 0.7228, 0.7135, 0.7244, 0.7021, 0.7272, 0.6984, 0.7157, 0.7264, 0.7227], [0.6169, 0.6154, 0.6108, 0.6161, 0.6077, 0.6172, 0.6205, 0.6134, 0.6163, 0.62, 0.615, 0.6155, 0.6086, 0.6163, 0.6159, 0.6174, 0.6102, 0.612, 0.6123, 0.6174, 0.616, 0.6145, 0.6135, 0.6118, 0.6182], [0.5923, 0.5936, 0.5945, 0.5971, 0.597, 0.6013, 0.5984, 0.5967, 0.596, 0.594, 0.5988, 0.5984, 0.5963, 0.5972, 0.5996, 0.5929, 0.5927, 0.5962, 0.5997, 0.6016, 0.5919, 0.6007, 0.599, 0.5977, 0.5955], [0.5766, 0.5602, 0.5749, 0.57, 0.5768, 0.5696, 0.573, 0.5742, 0.567, 0.555, 0.5847, 0.5637, 0.5716, 0.5782, 0.5736, 0.5715, 0.5681, 0.5867, 0.592, 0.5759, 0.5709, 0.5734, 0.5799, 0.5887, 0.5715], [0.6247, 0.6482, 0.629, 0.6297, 0.6308, 0.6318, 0.6242, 0.6323, 0.6207, 0.628, 0.6492, 0.6299, 0.6408, 0.6237, 0.6307, 0.6279, 0.6308, 0.6279, 0.621, 0.6236, 0.6311, 0.6303, 0.6397, 0.6275, 0.6292]]	
Results: 	[[0.5959, 0.5958, 0.593, 0.5971, 0.5998, 0.5951, 0.597, 0.5904, 0.6027, 0.5963, 0.5922, 0.6002, 0.5921, 0.5934, 0.6, 0.5946, 0.5967, 0.6018, 0.5952, 0.597, 0.6007, 0.5945, 0.601, 0.5911, 0.5965, 0.5976], [0.687, 0.7226, 0.7151, 0.7221, 0.7187, 0.7209, 0.7065, 0.7353, 0.7345, 0.714, 0.7025, 0.7122, 0.7089, 0.6919, 0.7286, 0.732, 0.7228, 0.7135, 0.7244, 0.7021, 0.7272, 0.6984, 0.7157, 0.7264, 0.7227, 0.7331], [0.6169, 0.6154, 0.6108, 0.6161, 0.6077, 0.6172, 0.6205, 0.6134, 0.6163, 0.62, 0.615, 0.6155, 0.6086, 0.6163, 0.6159, 0.6174, 0.6102, 0.612, 0.6123, 0.6174, 0.616, 0.6145, 0.6135, 0.6118, 0.6182, 0.6162], [0.5923, 0.5936, 0.5945, 0.5971, 0.597, 0.6013, 0.5984, 0.5967, 0.596, 0.594, 0.5988, 0.5984, 0.5963, 0.5972, 0.5996, 0.5929, 0.5927, 0.5962, 0.5997, 0.6016, 0.5919, 0.6007, 0.599, 0.5977, 0.5955, 0.5993], [0.5766, 0.5602, 0.5749, 0.57, 0.5768, 0.5696, 0.573, 0.5742, 0.567, 0.555, 0.5847, 0.5637, 0.5716, 0.5782, 0.5736, 0.5715, 0.5681, 0.5867, 0.592, 0.5759, 0.5709, 0.5734, 0.5799, 0.5887, 0.5715, 0.5727], [0.6247, 0.6482, 0.629, 0.6297, 0.6308, 0.6318, 0.6242, 0.6323, 0.6207, 0.628, 0.6492, 0.6299, 0.6408, 0.6237, 0.6307, 0.6279, 0.6308, 0.6279, 0.621, 0.6236, 0.6311, 0.6303, 0.6397, 0.6275, 0.6292, 0.6222]]	
Results: 	[[0.5959, 0.5958, 0.593, 0.5971, 0.5998, 0.5951, 0.597, 0.5904, 0.6027, 0.5963, 0.5922, 0.6002, 0.5921, 0.5934, 0.6, 0.5946, 0.5967, 0.6018, 0.5952, 0.597, 0.6007, 0.5945, 0.601, 0.5911, 0.5965, 0.5976, 0.5943], [0.687, 0.7226, 0.7151, 0.7221, 0.7187, 0.7209, 0.7065, 0.7353, 0.7345, 0.714, 0.7025, 0.7122, 0.7089, 0.6919, 0.7286, 0.732, 0.7228, 0.7135, 0.7244, 0.7021, 0.7272, 0.6984, 0.7157, 0.7264, 0.7227, 0.7331, 0.7303], [0.6169, 0.6154, 0.6108, 0.6161, 0.6077, 0.6172, 0.6205, 0.6134, 0.6163, 0.62, 0.615, 0.6155, 0.6086, 0.6163, 0.6159, 0.6174, 0.6102, 0.612, 0.6123, 0.6174, 0.616, 0.6145, 0.6135, 0.6118, 0.6182, 0.6162, 0.6156], [0.5923, 0.5936, 0.5945, 0.5971, 0.597, 0.6013, 0.5984, 0.5967, 0.596, 0.594, 0.5988, 0.5984, 0.5963, 0.5972, 0.5996, 0.5929, 0.5927, 0.5962, 0.5997, 0.6016, 0.5919, 0.6007, 0.599, 0.5977, 0.5955, 0.5993, 0.5969], [0.5766, 0.5602, 0.5749, 0.57, 0.5768, 0.5696, 0.573, 0.5742, 0.567, 0.555, 0.5847, 0.5637, 0.5716, 0.5782, 0.5736, 0.5715, 0.5681, 0.5867, 0.592, 0.5759, 0.5709, 0.5734, 0.5799, 0.5887, 0.5715, 0.5727, 0.5835], [0.6247, 0.6482, 0.629, 0.6297, 0.6308, 0.6318, 0.6242, 0.6323, 0.6207, 0.628, 0.6492, 0.6299, 0.6408, 0.6237, 0.6307, 0.6279, 0.6308, 0.6279, 0.621, 0.6236, 0.6311, 0.6303, 0.6397, 0.6275, 0.6292, 0.6222, 0.6327]]	
Results: 	[[0.5959, 0.5958, 0.593, 0.5971, 0.5998, 0.5951, 0.597, 0.5904, 0.6027, 0.5963, 0.5922, 0.6002, 0.5921, 0.5934, 0.6, 0.5946, 0.5967, 0.6018, 0.5952, 0.597, 0.6007, 0.5945, 0.601, 0.5911, 0.5965, 0.5976, 0.5943, 0.595], [0.687, 0.7226, 0.7151, 0.7221, 0.7187, 0.7209, 0.7065, 0.7353, 0.7345, 0.714, 0.7025, 0.7122, 0.7089, 0.6919, 0.7286, 0.732, 0.7228, 0.7135, 0.7244, 0.7021, 0.7272, 0.6984, 0.7157, 0.7264, 0.7227, 0.7331, 0.7303, 0.715], [0.6169, 0.6154, 0.6108, 0.6161, 0.6077, 0.6172, 0.6205, 0.6134, 0.6163, 0.62, 0.615, 0.6155, 0.6086, 0.6163, 0.6159, 0.6174, 0.6102, 0.612, 0.6123, 0.6174, 0.616, 0.6145, 0.6135, 0.6118, 0.6182, 0.6162, 0.6156, 0.6159], [0.5923, 0.5936, 0.5945, 0.5971, 0.597, 0.6013, 0.5984, 0.5967, 0.596, 0.594, 0.5988, 0.5984, 0.5963, 0.5972, 0.5996, 0.5929, 0.5927, 0.5962, 0.5997, 0.6016, 0.5919, 0.6007, 0.599, 0.5977, 0.5955, 0.5993, 0.5969, 0.5941], [0.5766, 0.5602, 0.5749, 0.57, 0.5768, 0.5696, 0.573, 0.5742, 0.567, 0.555, 0.5847, 0.5637, 0.5716, 0.5782, 0.5736, 0.5715, 0.5681, 0.5867, 0.592, 0.5759, 0.5709, 0.5734, 0.5799, 0.5887, 0.5715, 0.5727, 0.5835, 0.5935], [0.6247, 0.6482, 0.629, 0.6297, 0.6308, 0.6318, 0.6242, 0.6323, 0.6207, 0.628, 0.6492, 0.6299, 0.6408, 0.6237, 0.6307, 0.6279, 0.6308, 0.6279, 0.621, 0.6236, 0.6311, 0.6303, 0.6397, 0.6275, 0.6292, 0.6222, 0.6327, 0.6303]]	
Results: 	[[0.5959, 0.5958, 0.593, 0.5971, 0.5998, 0.5951, 0.597, 0.5904, 0.6027, 0.5963, 0.5922, 0.6002, 0.5921, 0.5934, 0.6, 0.5946, 0.5967, 0.6018, 0.5952, 0.597, 0.6007, 0.5945, 0.601, 0.5911, 0.5965, 0.5976, 0.5943, 0.595, 0.5961], [0.687, 0.7226, 0.7151, 0.7221, 0.7187, 0.7209, 0.7065, 0.7353, 0.7345, 0.714, 0.7025, 0.7122, 0.7089, 0.6919, 0.7286, 0.732, 0.7228, 0.7135, 0.7244, 0.7021, 0.7272, 0.6984, 0.7157, 0.7264, 0.7227, 0.7331, 0.7303, 0.715, 0.6969], [0.6169, 0.6154, 0.6108, 0.6161, 0.6077, 0.6172, 0.6205, 0.6134, 0.6163, 0.62, 0.615, 0.6155, 0.6086, 0.6163, 0.6159, 0.6174, 0.6102, 0.612, 0.6123, 0.6174, 0.616, 0.6145, 0.6135, 0.6118, 0.6182, 0.6162, 0.6156, 0.6159, 0.6086], [0.5923, 0.5936, 0.5945, 0.5971, 0.597, 0.6013, 0.5984, 0.5967, 0.596, 0.594, 0.5988, 0.5984, 0.5963, 0.5972, 0.5996, 0.5929, 0.5927, 0.5962, 0.5997, 0.6016, 0.5919, 0.6007, 0.599, 0.5977, 0.5955, 0.5993, 0.5969, 0.5941, 0.6011], [0.5766, 0.5602, 0.5749, 0.57, 0.5768, 0.5696, 0.573, 0.5742, 0.567, 0.555, 0.5847, 0.5637, 0.5716, 0.5782, 0.5736, 0.5715, 0.5681, 0.5867, 0.592, 0.5759, 0.5709, 0.5734, 0.5799, 0.5887, 0.5715, 0.5727, 0.5835, 0.5935, 0.5821], [0.6247, 0.6482, 0.629, 0.6297, 0.6308, 0.6318, 0.6242, 0.6323, 0.6207, 0.628, 0.6492, 0.6299, 0.6408, 0.6237, 0.6307, 0.6279, 0.6308, 0.6279, 0.621, 0.6236, 0.6311, 0.6303, 0.6397, 0.6275, 0.6292, 0.6222, 0.6327, 0.6303, 0.6285]]	
Results: 	30 Support Sets: (Mean:0.59642, SD:0.0032037047519912084) | 	30 Support Sets: (Mean:0.7161066666666667, SD:0.013092928687241651) | 	30 Support Sets: (Mean:0.61469, SD:0.003214873837820609) | 	30 Support Sets: (Mean:0.5968866666666667, SD:0.0027836633433652508) | 	30 Support Sets: (Mean:0.5746833333333333, SD:0.009071101645195645) | 	30 Support Sets: (Mean:0.6299766666666666, SD:0.006882646009490395) | 	
	
