Results: 	[[0.6526, 0.6672], [0.6008, 0.6289], [0.6113, 0.6378]]	
Results: 	[[0.6526, 0.6672, 0.6662], [0.6008, 0.6289, 0.6253], [0.6113, 0.6378, 0.6495]]	
Results: 	[[0.6526, 0.6672, 0.6662, 0.633], [0.6008, 0.6289, 0.6253, 0.6163], [0.6113, 0.6378, 0.6495, 0.6419]]	
Results: 	[[0.6526, 0.6672, 0.6662, 0.633, 0.6724], [0.6008, 0.6289, 0.6253, 0.6163, 0.6028], [0.6113, 0.6378, 0.6495, 0.6419, 0.6473]]	
Results: 	[[0.6526, 0.6672, 0.6662, 0.633, 0.6724, 0.6536], [0.6008, 0.6289, 0.6253, 0.6163, 0.6028, 0.6262], [0.6113, 0.6378, 0.6495, 0.6419, 0.6473, 0.6453]]	
Results: 	[[0.6526, 0.6672, 0.6662, 0.633, 0.6724, 0.6536, 0.6685], [0.6008, 0.6289, 0.6253, 0.6163, 0.6028, 0.6262, 0.6103], [0.6113, 0.6378, 0.6495, 0.6419, 0.6473, 0.6453, 0.6502]]	
Results: 	[[0.6526, 0.6672, 0.6662, 0.633, 0.6724, 0.6536, 0.6685, 0.6632], [0.6008, 0.6289, 0.6253, 0.6163, 0.6028, 0.6262, 0.6103, 0.6026], [0.6113, 0.6378, 0.6495, 0.6419, 0.6473, 0.6453, 0.6502, 0.6291]]	
Results: 	[[0.6526, 0.6672, 0.6662, 0.633, 0.6724, 0.6536, 0.6685, 0.6632, 0.6639], [0.6008, 0.6289, 0.6253, 0.6163, 0.6028, 0.6262, 0.6103, 0.6026, 0.5804], [0.6113, 0.6378, 0.6495, 0.6419, 0.6473, 0.6453, 0.6502, 0.6291, 0.6307]]	
Results: 	[[0.6526, 0.6672, 0.6662, 0.633, 0.6724, 0.6536, 0.6685, 0.6632, 0.6639, 0.6677], [0.6008, 0.6289, 0.6253, 0.6163, 0.6028, 0.6262, 0.6103, 0.6026, 0.5804, 0.61], [0.6113, 0.6378, 0.6495, 0.6419, 0.6473, 0.6453, 0.6502, 0.6291, 0.6307, 0.6287]]	
Results: 	[[0.6526, 0.6672, 0.6662, 0.633, 0.6724, 0.6536, 0.6685, 0.6632, 0.6639, 0.6677, 0.6514], [0.6008, 0.6289, 0.6253, 0.6163, 0.6028, 0.6262, 0.6103, 0.6026, 0.5804, 0.61, 0.5959], [0.6113, 0.6378, 0.6495, 0.6419, 0.6473, 0.6453, 0.6502, 0.6291, 0.6307, 0.6287, 0.6224]]	
Results: 	[[0.6526, 0.6672, 0.6662, 0.633, 0.6724, 0.6536, 0.6685, 0.6632, 0.6639, 0.6677, 0.6514, 0.6578], [0.6008, 0.6289, 0.6253, 0.6163, 0.6028, 0.6262, 0.6103, 0.6026, 0.5804, 0.61, 0.5959, 0.6017], [0.6113, 0.6378, 0.6495, 0.6419, 0.6473, 0.6453, 0.6502, 0.6291, 0.6307, 0.6287, 0.6224, 0.6273]]	
Results: 	[[0.6526, 0.6672, 0.6662, 0.633, 0.6724, 0.6536, 0.6685, 0.6632, 0.6639, 0.6677, 0.6514, 0.6578, 0.6647], [0.6008, 0.6289, 0.6253, 0.6163, 0.6028, 0.6262, 0.6103, 0.6026, 0.5804, 0.61, 0.5959, 0.6017, 0.6096], [0.6113, 0.6378, 0.6495, 0.6419, 0.6473, 0.6453, 0.6502, 0.6291, 0.6307, 0.6287, 0.6224, 0.6273, 0.637]]	
Results: 	[[0.6526, 0.6672, 0.6662, 0.633, 0.6724, 0.6536, 0.6685, 0.6632, 0.6639, 0.6677, 0.6514, 0.6578, 0.6647, 0.6384], [0.6008, 0.6289, 0.6253, 0.6163, 0.6028, 0.6262, 0.6103, 0.6026, 0.5804, 0.61, 0.5959, 0.6017, 0.6096, 0.6105], [0.6113, 0.6378, 0.6495, 0.6419, 0.6473, 0.6453, 0.6502, 0.6291, 0.6307, 0.6287, 0.6224, 0.6273, 0.637, 0.6423]]	
Results: 	[[0.6526, 0.6672, 0.6662, 0.633, 0.6724, 0.6536, 0.6685, 0.6632, 0.6639, 0.6677, 0.6514, 0.6578, 0.6647, 0.6384, 0.6375], [0.6008, 0.6289, 0.6253, 0.6163, 0.6028, 0.6262, 0.6103, 0.6026, 0.5804, 0.61, 0.5959, 0.6017, 0.6096, 0.6105, 0.6247], [0.6113, 0.6378, 0.6495, 0.6419, 0.6473, 0.6453, 0.6502, 0.6291, 0.6307, 0.6287, 0.6224, 0.6273, 0.637, 0.6423, 0.602]]	
Results: 	[[0.6526, 0.6672, 0.6662, 0.633, 0.6724, 0.6536, 0.6685, 0.6632, 0.6639, 0.6677, 0.6514, 0.6578, 0.6647, 0.6384, 0.6375, 0.6651], [0.6008, 0.6289, 0.6253, 0.6163, 0.6028, 0.6262, 0.6103, 0.6026, 0.5804, 0.61, 0.5959, 0.6017, 0.6096, 0.6105, 0.6247, 0.6036], [0.6113, 0.6378, 0.6495, 0.6419, 0.6473, 0.6453, 0.6502, 0.6291, 0.6307, 0.6287, 0.6224, 0.6273, 0.637, 0.6423, 0.602, 0.6472]]	
Results: 	[[0.6526, 0.6672, 0.6662, 0.633, 0.6724, 0.6536, 0.6685, 0.6632, 0.6639, 0.6677, 0.6514, 0.6578, 0.6647, 0.6384, 0.6375, 0.6651, 0.6524], [0.6008, 0.6289, 0.6253, 0.6163, 0.6028, 0.6262, 0.6103, 0.6026, 0.5804, 0.61, 0.5959, 0.6017, 0.6096, 0.6105, 0.6247, 0.6036, 0.6118], [0.6113, 0.6378, 0.6495, 0.6419, 0.6473, 0.6453, 0.6502, 0.6291, 0.6307, 0.6287, 0.6224, 0.6273, 0.637, 0.6423, 0.602, 0.6472, 0.6485]]	
Results: 	[[0.6526, 0.6672, 0.6662, 0.633, 0.6724, 0.6536, 0.6685, 0.6632, 0.6639, 0.6677, 0.6514, 0.6578, 0.6647, 0.6384, 0.6375, 0.6651, 0.6524, 0.6164], [0.6008, 0.6289, 0.6253, 0.6163, 0.6028, 0.6262, 0.6103, 0.6026, 0.5804, 0.61, 0.5959, 0.6017, 0.6096, 0.6105, 0.6247, 0.6036, 0.6118, 0.6283], [0.6113, 0.6378, 0.6495, 0.6419, 0.6473, 0.6453, 0.6502, 0.6291, 0.6307, 0.6287, 0.6224, 0.6273, 0.637, 0.6423, 0.602, 0.6472, 0.6485, 0.6371]]	
Results: 	[[0.6526, 0.6672, 0.6662, 0.633, 0.6724, 0.6536, 0.6685, 0.6632, 0.6639, 0.6677, 0.6514, 0.6578, 0.6647, 0.6384, 0.6375, 0.6651, 0.6524, 0.6164, 0.6615], [0.6008, 0.6289, 0.6253, 0.6163, 0.6028, 0.6262, 0.6103, 0.6026, 0.5804, 0.61, 0.5959, 0.6017, 0.6096, 0.6105, 0.6247, 0.6036, 0.6118, 0.6283, 0.6046], [0.6113, 0.6378, 0.6495, 0.6419, 0.6473, 0.6453, 0.6502, 0.6291, 0.6307, 0.6287, 0.6224, 0.6273, 0.637, 0.6423, 0.602, 0.6472, 0.6485, 0.6371, 0.6421]]	
Results: 	[[0.6526, 0.6672, 0.6662, 0.633, 0.6724, 0.6536, 0.6685, 0.6632, 0.6639, 0.6677, 0.6514, 0.6578, 0.6647, 0.6384, 0.6375, 0.6651, 0.6524, 0.6164, 0.6615, 0.6502], [0.6008, 0.6289, 0.6253, 0.6163, 0.6028, 0.6262, 0.6103, 0.6026, 0.5804, 0.61, 0.5959, 0.6017, 0.6096, 0.6105, 0.6247, 0.6036, 0.6118, 0.6283, 0.6046, 0.6116], [0.6113, 0.6378, 0.6495, 0.6419, 0.6473, 0.6453, 0.6502, 0.6291, 0.6307, 0.6287, 0.6224, 0.6273, 0.637, 0.6423, 0.602, 0.6472, 0.6485, 0.6371, 0.6421, 0.6339]]	
Results: 	[[0.6526, 0.6672, 0.6662, 0.633, 0.6724, 0.6536, 0.6685, 0.6632, 0.6639, 0.6677, 0.6514, 0.6578, 0.6647, 0.6384, 0.6375, 0.6651, 0.6524, 0.6164, 0.6615, 0.6502, 0.6673], [0.6008, 0.6289, 0.6253, 0.6163, 0.6028, 0.6262, 0.6103, 0.6026, 0.5804, 0.61, 0.5959, 0.6017, 0.6096, 0.6105, 0.6247, 0.6036, 0.6118, 0.6283, 0.6046, 0.6116, 0.6127], [0.6113, 0.6378, 0.6495, 0.6419, 0.6473, 0.6453, 0.6502, 0.6291, 0.6307, 0.6287, 0.6224, 0.6273, 0.637, 0.6423, 0.602, 0.6472, 0.6485, 0.6371, 0.6421, 0.6339, 0.6293]]	
Results: 	[[0.6526, 0.6672, 0.6662, 0.633, 0.6724, 0.6536, 0.6685, 0.6632, 0.6639, 0.6677, 0.6514, 0.6578, 0.6647, 0.6384, 0.6375, 0.6651, 0.6524, 0.6164, 0.6615, 0.6502, 0.6673, 0.6545], [0.6008, 0.6289, 0.6253, 0.6163, 0.6028, 0.6262, 0.6103, 0.6026, 0.5804, 0.61, 0.5959, 0.6017, 0.6096, 0.6105, 0.6247, 0.6036, 0.6118, 0.6283, 0.6046, 0.6116, 0.6127, 0.6156], [0.6113, 0.6378, 0.6495, 0.6419, 0.6473, 0.6453, 0.6502, 0.6291, 0.6307, 0.6287, 0.6224, 0.6273, 0.637, 0.6423, 0.602, 0.6472, 0.6485, 0.6371, 0.6421, 0.6339, 0.6293, 0.6288]]	
Results: 	[[0.6526, 0.6672, 0.6662, 0.633, 0.6724, 0.6536, 0.6685, 0.6632, 0.6639, 0.6677, 0.6514, 0.6578, 0.6647, 0.6384, 0.6375, 0.6651, 0.6524, 0.6164, 0.6615, 0.6502, 0.6673, 0.6545, 0.6678], [0.6008, 0.6289, 0.6253, 0.6163, 0.6028, 0.6262, 0.6103, 0.6026, 0.5804, 0.61, 0.5959, 0.6017, 0.6096, 0.6105, 0.6247, 0.6036, 0.6118, 0.6283, 0.6046, 0.6116, 0.6127, 0.6156, 0.6117], [0.6113, 0.6378, 0.6495, 0.6419, 0.6473, 0.6453, 0.6502, 0.6291, 0.6307, 0.6287, 0.6224, 0.6273, 0.637, 0.6423, 0.602, 0.6472, 0.6485, 0.6371, 0.6421, 0.6339, 0.6293, 0.6288, 0.641]]	
Results: 	[[0.6526, 0.6672, 0.6662, 0.633, 0.6724, 0.6536, 0.6685, 0.6632, 0.6639, 0.6677, 0.6514, 0.6578, 0.6647, 0.6384, 0.6375, 0.6651, 0.6524, 0.6164, 0.6615, 0.6502, 0.6673, 0.6545, 0.6678, 0.6731], [0.6008, 0.6289, 0.6253, 0.6163, 0.6028, 0.6262, 0.6103, 0.6026, 0.5804, 0.61, 0.5959, 0.6017, 0.6096, 0.6105, 0.6247, 0.6036, 0.6118, 0.6283, 0.6046, 0.6116, 0.6127, 0.6156, 0.6117, 0.6231], [0.6113, 0.6378, 0.6495, 0.6419, 0.6473, 0.6453, 0.6502, 0.6291, 0.6307, 0.6287, 0.6224, 0.6273, 0.637, 0.6423, 0.602, 0.6472, 0.6485, 0.6371, 0.6421, 0.6339, 0.6293, 0.6288, 0.641, 0.6124]]	
Results: 	[[0.6526, 0.6672, 0.6662, 0.633, 0.6724, 0.6536, 0.6685, 0.6632, 0.6639, 0.6677, 0.6514, 0.6578, 0.6647, 0.6384, 0.6375, 0.6651, 0.6524, 0.6164, 0.6615, 0.6502, 0.6673, 0.6545, 0.6678, 0.6731, 0.6737], [0.6008, 0.6289, 0.6253, 0.6163, 0.6028, 0.6262, 0.6103, 0.6026, 0.5804, 0.61, 0.5959, 0.6017, 0.6096, 0.6105, 0.6247, 0.6036, 0.6118, 0.6283, 0.6046, 0.6116, 0.6127, 0.6156, 0.6117, 0.6231, 0.599], [0.6113, 0.6378, 0.6495, 0.6419, 0.6473, 0.6453, 0.6502, 0.6291, 0.6307, 0.6287, 0.6224, 0.6273, 0.637, 0.6423, 0.602, 0.6472, 0.6485, 0.6371, 0.6421, 0.6339, 0.6293, 0.6288, 0.641, 0.6124, 0.6142]]	
Results: 	[[0.6526, 0.6672, 0.6662, 0.633, 0.6724, 0.6536, 0.6685, 0.6632, 0.6639, 0.6677, 0.6514, 0.6578, 0.6647, 0.6384, 0.6375, 0.6651, 0.6524, 0.6164, 0.6615, 0.6502, 0.6673, 0.6545, 0.6678, 0.6731, 0.6737, 0.6621], [0.6008, 0.6289, 0.6253, 0.6163, 0.6028, 0.6262, 0.6103, 0.6026, 0.5804, 0.61, 0.5959, 0.6017, 0.6096, 0.6105, 0.6247, 0.6036, 0.6118, 0.6283, 0.6046, 0.6116, 0.6127, 0.6156, 0.6117, 0.6231, 0.599, 0.621], [0.6113, 0.6378, 0.6495, 0.6419, 0.6473, 0.6453, 0.6502, 0.6291, 0.6307, 0.6287, 0.6224, 0.6273, 0.637, 0.6423, 0.602, 0.6472, 0.6485, 0.6371, 0.6421, 0.6339, 0.6293, 0.6288, 0.641, 0.6124, 0.6142, 0.6299]]	
Results: 	[[0.6526, 0.6672, 0.6662, 0.633, 0.6724, 0.6536, 0.6685, 0.6632, 0.6639, 0.6677, 0.6514, 0.6578, 0.6647, 0.6384, 0.6375, 0.6651, 0.6524, 0.6164, 0.6615, 0.6502, 0.6673, 0.6545, 0.6678, 0.6731, 0.6737, 0.6621, 0.6617], [0.6008, 0.6289, 0.6253, 0.6163, 0.6028, 0.6262, 0.6103, 0.6026, 0.5804, 0.61, 0.5959, 0.6017, 0.6096, 0.6105, 0.6247, 0.6036, 0.6118, 0.6283, 0.6046, 0.6116, 0.6127, 0.6156, 0.6117, 0.6231, 0.599, 0.621, 0.6012], [0.6113, 0.6378, 0.6495, 0.6419, 0.6473, 0.6453, 0.6502, 0.6291, 0.6307, 0.6287, 0.6224, 0.6273, 0.637, 0.6423, 0.602, 0.6472, 0.6485, 0.6371, 0.6421, 0.6339, 0.6293, 0.6288, 0.641, 0.6124, 0.6142, 0.6299, 0.6357]]	
Results: 	[[0.6526, 0.6672, 0.6662, 0.633, 0.6724, 0.6536, 0.6685, 0.6632, 0.6639, 0.6677, 0.6514, 0.6578, 0.6647, 0.6384, 0.6375, 0.6651, 0.6524, 0.6164, 0.6615, 0.6502, 0.6673, 0.6545, 0.6678, 0.6731, 0.6737, 0.6621, 0.6617, 0.6461], [0.6008, 0.6289, 0.6253, 0.6163, 0.6028, 0.6262, 0.6103, 0.6026, 0.5804, 0.61, 0.5959, 0.6017, 0.6096, 0.6105, 0.6247, 0.6036, 0.6118, 0.6283, 0.6046, 0.6116, 0.6127, 0.6156, 0.6117, 0.6231, 0.599, 0.621, 0.6012, 0.6141], [0.6113, 0.6378, 0.6495, 0.6419, 0.6473, 0.6453, 0.6502, 0.6291, 0.6307, 0.6287, 0.6224, 0.6273, 0.637, 0.6423, 0.602, 0.6472, 0.6485, 0.6371, 0.6421, 0.6339, 0.6293, 0.6288, 0.641, 0.6124, 0.6142, 0.6299, 0.6357, 0.6442]]	
Results: 	[[0.6526, 0.6672, 0.6662, 0.633, 0.6724, 0.6536, 0.6685, 0.6632, 0.6639, 0.6677, 0.6514, 0.6578, 0.6647, 0.6384, 0.6375, 0.6651, 0.6524, 0.6164, 0.6615, 0.6502, 0.6673, 0.6545, 0.6678, 0.6731, 0.6737, 0.6621, 0.6617, 0.6461, 0.6287], [0.6008, 0.6289, 0.6253, 0.6163, 0.6028, 0.6262, 0.6103, 0.6026, 0.5804, 0.61, 0.5959, 0.6017, 0.6096, 0.6105, 0.6247, 0.6036, 0.6118, 0.6283, 0.6046, 0.6116, 0.6127, 0.6156, 0.6117, 0.6231, 0.599, 0.621, 0.6012, 0.6141, 0.6191], [0.6113, 0.6378, 0.6495, 0.6419, 0.6473, 0.6453, 0.6502, 0.6291, 0.6307, 0.6287, 0.6224, 0.6273, 0.637, 0.6423, 0.602, 0.6472, 0.6485, 0.6371, 0.6421, 0.6339, 0.6293, 0.6288, 0.641, 0.6124, 0.6142, 0.6299, 0.6357, 0.6442, 0.635]]	
Results: 	30 Support Sets: (Mean:0.65626, SD:0.014100051357206548) | 	30 Support Sets: (Mean:0.6110733333333334, SD:0.010915061828164032) | 	30 Support Sets: (Mean:0.6341066666666667, SD:0.012226312307628912) | 	
