Results: 	[[0.6257], [0.6719], [0.6548]]	
Results: 	[[0.6257, 0.67], [0.6719, 0.6436], [0.6548, 0.6448]]	
Results: 	[[0.6257, 0.67, 0.6667], [0.6719, 0.6436, 0.6478], [0.6548, 0.6448, 0.6227]]	
Results: 	[[0.6257, 0.67, 0.6667, 0.6759], [0.6719, 0.6436, 0.6478, 0.6429], [0.6548, 0.6448, 0.6227, 0.6555]]	
Results: 	[[0.6257, 0.67, 0.6667, 0.6759, 0.6487], [0.6719, 0.6436, 0.6478, 0.6429, 0.6839], [0.6548, 0.6448, 0.6227, 0.6555, 0.6161]]	
Results: 	[[0.6257, 0.67, 0.6667, 0.6759, 0.6487, 0.6797], [0.6719, 0.6436, 0.6478, 0.6429, 0.6839, 0.6645], [0.6548, 0.6448, 0.6227, 0.6555, 0.6161, 0.6443]]	
Results: 	[[0.6257, 0.67, 0.6667, 0.6759, 0.6487, 0.6797, 0.6729], [0.6719, 0.6436, 0.6478, 0.6429, 0.6839, 0.6645, 0.6778], [0.6548, 0.6448, 0.6227, 0.6555, 0.6161, 0.6443, 0.6276]]	
Results: 	[[0.6257, 0.67, 0.6667, 0.6759, 0.6487, 0.6797, 0.6729, 0.672], [0.6719, 0.6436, 0.6478, 0.6429, 0.6839, 0.6645, 0.6778, 0.6962], [0.6548, 0.6448, 0.6227, 0.6555, 0.6161, 0.6443, 0.6276, 0.615]]	
Results: 	[[0.6257, 0.67, 0.6667, 0.6759, 0.6487, 0.6797, 0.6729, 0.672, 0.6369], [0.6719, 0.6436, 0.6478, 0.6429, 0.6839, 0.6645, 0.6778, 0.6962, 0.6671], [0.6548, 0.6448, 0.6227, 0.6555, 0.6161, 0.6443, 0.6276, 0.615, 0.6523]]	
Results: 	[[0.6257, 0.67, 0.6667, 0.6759, 0.6487, 0.6797, 0.6729, 0.672, 0.6369, 0.6545], [0.6719, 0.6436, 0.6478, 0.6429, 0.6839, 0.6645, 0.6778, 0.6962, 0.6671, 0.6807], [0.6548, 0.6448, 0.6227, 0.6555, 0.6161, 0.6443, 0.6276, 0.615, 0.6523, 0.6464]]	
Results: 	[[0.6257, 0.67, 0.6667, 0.6759, 0.6487, 0.6797, 0.6729, 0.672, 0.6369, 0.6545, 0.645], [0.6719, 0.6436, 0.6478, 0.6429, 0.6839, 0.6645, 0.6778, 0.6962, 0.6671, 0.6807, 0.6422], [0.6548, 0.6448, 0.6227, 0.6555, 0.6161, 0.6443, 0.6276, 0.615, 0.6523, 0.6464, 0.6247]]	
Results: 	[[0.6257, 0.67, 0.6667, 0.6759, 0.6487, 0.6797, 0.6729, 0.672, 0.6369, 0.6545, 0.645, 0.6745], [0.6719, 0.6436, 0.6478, 0.6429, 0.6839, 0.6645, 0.6778, 0.6962, 0.6671, 0.6807, 0.6422, 0.6439], [0.6548, 0.6448, 0.6227, 0.6555, 0.6161, 0.6443, 0.6276, 0.615, 0.6523, 0.6464, 0.6247, 0.6418]]	
Results: 	[[0.6257, 0.67, 0.6667, 0.6759, 0.6487, 0.6797, 0.6729, 0.672, 0.6369, 0.6545, 0.645, 0.6745, 0.5973], [0.6719, 0.6436, 0.6478, 0.6429, 0.6839, 0.6645, 0.6778, 0.6962, 0.6671, 0.6807, 0.6422, 0.6439, 0.6647], [0.6548, 0.6448, 0.6227, 0.6555, 0.6161, 0.6443, 0.6276, 0.615, 0.6523, 0.6464, 0.6247, 0.6418, 0.6195]]	
Results: 	[[0.6257, 0.67, 0.6667, 0.6759, 0.6487, 0.6797, 0.6729, 0.672, 0.6369, 0.6545, 0.645, 0.6745, 0.5973, 0.6515], [0.6719, 0.6436, 0.6478, 0.6429, 0.6839, 0.6645, 0.6778, 0.6962, 0.6671, 0.6807, 0.6422, 0.6439, 0.6647, 0.6724], [0.6548, 0.6448, 0.6227, 0.6555, 0.6161, 0.6443, 0.6276, 0.615, 0.6523, 0.6464, 0.6247, 0.6418, 0.6195, 0.6187]]	
Results: 	[[0.6257, 0.67, 0.6667, 0.6759, 0.6487, 0.6797, 0.6729, 0.672, 0.6369, 0.6545, 0.645, 0.6745, 0.5973, 0.6515, 0.641], [0.6719, 0.6436, 0.6478, 0.6429, 0.6839, 0.6645, 0.6778, 0.6962, 0.6671, 0.6807, 0.6422, 0.6439, 0.6647, 0.6724, 0.6553], [0.6548, 0.6448, 0.6227, 0.6555, 0.6161, 0.6443, 0.6276, 0.615, 0.6523, 0.6464, 0.6247, 0.6418, 0.6195, 0.6187, 0.6287]]	
Results: 	[[0.6257, 0.67, 0.6667, 0.6759, 0.6487, 0.6797, 0.6729, 0.672, 0.6369, 0.6545, 0.645, 0.6745, 0.5973, 0.6515, 0.641, 0.6652], [0.6719, 0.6436, 0.6478, 0.6429, 0.6839, 0.6645, 0.6778, 0.6962, 0.6671, 0.6807, 0.6422, 0.6439, 0.6647, 0.6724, 0.6553, 0.6827], [0.6548, 0.6448, 0.6227, 0.6555, 0.6161, 0.6443, 0.6276, 0.615, 0.6523, 0.6464, 0.6247, 0.6418, 0.6195, 0.6187, 0.6287, 0.6321]]	
Results: 	[[0.6257, 0.67, 0.6667, 0.6759, 0.6487, 0.6797, 0.6729, 0.672, 0.6369, 0.6545, 0.645, 0.6745, 0.5973, 0.6515, 0.641, 0.6652, 0.6848], [0.6719, 0.6436, 0.6478, 0.6429, 0.6839, 0.6645, 0.6778, 0.6962, 0.6671, 0.6807, 0.6422, 0.6439, 0.6647, 0.6724, 0.6553, 0.6827, 0.6538], [0.6548, 0.6448, 0.6227, 0.6555, 0.6161, 0.6443, 0.6276, 0.615, 0.6523, 0.6464, 0.6247, 0.6418, 0.6195, 0.6187, 0.6287, 0.6321, 0.6622]]	
Results: 	[[0.6257, 0.67, 0.6667, 0.6759, 0.6487, 0.6797, 0.6729, 0.672, 0.6369, 0.6545, 0.645, 0.6745, 0.5973, 0.6515, 0.641, 0.6652, 0.6848, 0.6515], [0.6719, 0.6436, 0.6478, 0.6429, 0.6839, 0.6645, 0.6778, 0.6962, 0.6671, 0.6807, 0.6422, 0.6439, 0.6647, 0.6724, 0.6553, 0.6827, 0.6538, 0.6834], [0.6548, 0.6448, 0.6227, 0.6555, 0.6161, 0.6443, 0.6276, 0.615, 0.6523, 0.6464, 0.6247, 0.6418, 0.6195, 0.6187, 0.6287, 0.6321, 0.6622, 0.6364]]	
Results: 	[[0.6257, 0.67, 0.6667, 0.6759, 0.6487, 0.6797, 0.6729, 0.672, 0.6369, 0.6545, 0.645, 0.6745, 0.5973, 0.6515, 0.641, 0.6652, 0.6848, 0.6515, 0.6683], [0.6719, 0.6436, 0.6478, 0.6429, 0.6839, 0.6645, 0.6778, 0.6962, 0.6671, 0.6807, 0.6422, 0.6439, 0.6647, 0.6724, 0.6553, 0.6827, 0.6538, 0.6834, 0.6391], [0.6548, 0.6448, 0.6227, 0.6555, 0.6161, 0.6443, 0.6276, 0.615, 0.6523, 0.6464, 0.6247, 0.6418, 0.6195, 0.6187, 0.6287, 0.6321, 0.6622, 0.6364, 0.6343]]	
Results: 	[[0.6257, 0.67, 0.6667, 0.6759, 0.6487, 0.6797, 0.6729, 0.672, 0.6369, 0.6545, 0.645, 0.6745, 0.5973, 0.6515, 0.641, 0.6652, 0.6848, 0.6515, 0.6683, 0.6735], [0.6719, 0.6436, 0.6478, 0.6429, 0.6839, 0.6645, 0.6778, 0.6962, 0.6671, 0.6807, 0.6422, 0.6439, 0.6647, 0.6724, 0.6553, 0.6827, 0.6538, 0.6834, 0.6391, 0.6733], [0.6548, 0.6448, 0.6227, 0.6555, 0.6161, 0.6443, 0.6276, 0.615, 0.6523, 0.6464, 0.6247, 0.6418, 0.6195, 0.6187, 0.6287, 0.6321, 0.6622, 0.6364, 0.6343, 0.6296]]	
Results: 	[[0.6257, 0.67, 0.6667, 0.6759, 0.6487, 0.6797, 0.6729, 0.672, 0.6369, 0.6545, 0.645, 0.6745, 0.5973, 0.6515, 0.641, 0.6652, 0.6848, 0.6515, 0.6683, 0.6735, 0.6369], [0.6719, 0.6436, 0.6478, 0.6429, 0.6839, 0.6645, 0.6778, 0.6962, 0.6671, 0.6807, 0.6422, 0.6439, 0.6647, 0.6724, 0.6553, 0.6827, 0.6538, 0.6834, 0.6391, 0.6733, 0.6884], [0.6548, 0.6448, 0.6227, 0.6555, 0.6161, 0.6443, 0.6276, 0.615, 0.6523, 0.6464, 0.6247, 0.6418, 0.6195, 0.6187, 0.6287, 0.6321, 0.6622, 0.6364, 0.6343, 0.6296, 0.6512]]	
Results: 	[[0.6257, 0.67, 0.6667, 0.6759, 0.6487, 0.6797, 0.6729, 0.672, 0.6369, 0.6545, 0.645, 0.6745, 0.5973, 0.6515, 0.641, 0.6652, 0.6848, 0.6515, 0.6683, 0.6735, 0.6369, 0.6412], [0.6719, 0.6436, 0.6478, 0.6429, 0.6839, 0.6645, 0.6778, 0.6962, 0.6671, 0.6807, 0.6422, 0.6439, 0.6647, 0.6724, 0.6553, 0.6827, 0.6538, 0.6834, 0.6391, 0.6733, 0.6884, 0.6599], [0.6548, 0.6448, 0.6227, 0.6555, 0.6161, 0.6443, 0.6276, 0.615, 0.6523, 0.6464, 0.6247, 0.6418, 0.6195, 0.6187, 0.6287, 0.6321, 0.6622, 0.6364, 0.6343, 0.6296, 0.6512, 0.6401]]	
Results: 	[[0.6257, 0.67, 0.6667, 0.6759, 0.6487, 0.6797, 0.6729, 0.672, 0.6369, 0.6545, 0.645, 0.6745, 0.5973, 0.6515, 0.641, 0.6652, 0.6848, 0.6515, 0.6683, 0.6735, 0.6369, 0.6412, 0.674], [0.6719, 0.6436, 0.6478, 0.6429, 0.6839, 0.6645, 0.6778, 0.6962, 0.6671, 0.6807, 0.6422, 0.6439, 0.6647, 0.6724, 0.6553, 0.6827, 0.6538, 0.6834, 0.6391, 0.6733, 0.6884, 0.6599, 0.6876], [0.6548, 0.6448, 0.6227, 0.6555, 0.6161, 0.6443, 0.6276, 0.615, 0.6523, 0.6464, 0.6247, 0.6418, 0.6195, 0.6187, 0.6287, 0.6321, 0.6622, 0.6364, 0.6343, 0.6296, 0.6512, 0.6401, 0.6102]]	
Results: 	30 Support Sets: (Mean:0.6663829479769188, SD:0.013332291993832701) | 	30 Support Sets: (Mean:0.6680533425918642, SD:0.01427173691747821) | 	30 Support Sets: (Mean:0.6389875911573286, SD:0.011472716841556601) | 	
