Results: 	[[0.5793], [0.5504], [0.5323]]	
Results: 	[[0.5793, 0.5715], [0.5504, 0.5515], [0.5323, 0.5315]]	
Results: 	[[0.5793, 0.5715, 0.5689], [0.5504, 0.5515, 0.5479], [0.5323, 0.5315, 0.5259]]	
Results: 	[[0.5793, 0.5715, 0.5689, 0.5798], [0.5504, 0.5515, 0.5479, 0.5428], [0.5323, 0.5315, 0.5259, 0.5343]]	
Results: 	[[0.5793, 0.5715, 0.5689, 0.5798, 0.5776], [0.5504, 0.5515, 0.5479, 0.5428, 0.5484], [0.5323, 0.5315, 0.5259, 0.5343, 0.5325]]	
Results: 	[[0.5793, 0.5715, 0.5689, 0.5798, 0.5776, 0.572], [0.5504, 0.5515, 0.5479, 0.5428, 0.5484, 0.5496], [0.5323, 0.5315, 0.5259, 0.5343, 0.5325, 0.5337]]	
Results: 	[[0.5793, 0.5715, 0.5689, 0.5798, 0.5776, 0.572, 0.5691], [0.5504, 0.5515, 0.5479, 0.5428, 0.5484, 0.5496, 0.5505], [0.5323, 0.5315, 0.5259, 0.5343, 0.5325, 0.5337, 0.5331]]	
Results: 	[[0.5793, 0.5715, 0.5689, 0.5798, 0.5776, 0.572, 0.5691, 0.5697], [0.5504, 0.5515, 0.5479, 0.5428, 0.5484, 0.5496, 0.5505, 0.5451], [0.5323, 0.5315, 0.5259, 0.5343, 0.5325, 0.5337, 0.5331, 0.5336]]	
Results: 	[[0.5793, 0.5715, 0.5689, 0.5798, 0.5776, 0.572, 0.5691, 0.5697, 0.5651], [0.5504, 0.5515, 0.5479, 0.5428, 0.5484, 0.5496, 0.5505, 0.5451, 0.5485], [0.5323, 0.5315, 0.5259, 0.5343, 0.5325, 0.5337, 0.5331, 0.5336, 0.531]]	
Results: 	[[0.5793, 0.5715, 0.5689, 0.5798, 0.5776, 0.572, 0.5691, 0.5697, 0.5651, 0.5641], [0.5504, 0.5515, 0.5479, 0.5428, 0.5484, 0.5496, 0.5505, 0.5451, 0.5485, 0.5495], [0.5323, 0.5315, 0.5259, 0.5343, 0.5325, 0.5337, 0.5331, 0.5336, 0.531, 0.5399]]	
Results: 	[[0.5793, 0.5715, 0.5689, 0.5798, 0.5776, 0.572, 0.5691, 0.5697, 0.5651, 0.5641, 0.5654], [0.5504, 0.5515, 0.5479, 0.5428, 0.5484, 0.5496, 0.5505, 0.5451, 0.5485, 0.5495, 0.5494], [0.5323, 0.5315, 0.5259, 0.5343, 0.5325, 0.5337, 0.5331, 0.5336, 0.531, 0.5399, 0.5284]]	
Results: 	[[0.5793, 0.5715, 0.5689, 0.5798, 0.5776, 0.572, 0.5691, 0.5697, 0.5651, 0.5641, 0.5654, 0.5734], [0.5504, 0.5515, 0.5479, 0.5428, 0.5484, 0.5496, 0.5505, 0.5451, 0.5485, 0.5495, 0.5494, 0.5487], [0.5323, 0.5315, 0.5259, 0.5343, 0.5325, 0.5337, 0.5331, 0.5336, 0.531, 0.5399, 0.5284, 0.5398]]	
Results: 	[[0.5793, 0.5715, 0.5689, 0.5798, 0.5776, 0.572, 0.5691, 0.5697, 0.5651, 0.5641, 0.5654, 0.5734, 0.5766], [0.5504, 0.5515, 0.5479, 0.5428, 0.5484, 0.5496, 0.5505, 0.5451, 0.5485, 0.5495, 0.5494, 0.5487, 0.5473], [0.5323, 0.5315, 0.5259, 0.5343, 0.5325, 0.5337, 0.5331, 0.5336, 0.531, 0.5399, 0.5284, 0.5398, 0.5333]]	
Results: 	[[0.5793, 0.5715, 0.5689, 0.5798, 0.5776, 0.572, 0.5691, 0.5697, 0.5651, 0.5641, 0.5654, 0.5734, 0.5766, 0.5639], [0.5504, 0.5515, 0.5479, 0.5428, 0.5484, 0.5496, 0.5505, 0.5451, 0.5485, 0.5495, 0.5494, 0.5487, 0.5473, 0.5486], [0.5323, 0.5315, 0.5259, 0.5343, 0.5325, 0.5337, 0.5331, 0.5336, 0.531, 0.5399, 0.5284, 0.5398, 0.5333, 0.5308]]	
Results: 	[[0.5793, 0.5715, 0.5689, 0.5798, 0.5776, 0.572, 0.5691, 0.5697, 0.5651, 0.5641, 0.5654, 0.5734, 0.5766, 0.5639, 0.569], [0.5504, 0.5515, 0.5479, 0.5428, 0.5484, 0.5496, 0.5505, 0.5451, 0.5485, 0.5495, 0.5494, 0.5487, 0.5473, 0.5486, 0.5524], [0.5323, 0.5315, 0.5259, 0.5343, 0.5325, 0.5337, 0.5331, 0.5336, 0.531, 0.5399, 0.5284, 0.5398, 0.5333, 0.5308, 0.535]]	
Results: 	[[0.5793, 0.5715, 0.5689, 0.5798, 0.5776, 0.572, 0.5691, 0.5697, 0.5651, 0.5641, 0.5654, 0.5734, 0.5766, 0.5639, 0.569, 0.5788], [0.5504, 0.5515, 0.5479, 0.5428, 0.5484, 0.5496, 0.5505, 0.5451, 0.5485, 0.5495, 0.5494, 0.5487, 0.5473, 0.5486, 0.5524, 0.5504], [0.5323, 0.5315, 0.5259, 0.5343, 0.5325, 0.5337, 0.5331, 0.5336, 0.531, 0.5399, 0.5284, 0.5398, 0.5333, 0.5308, 0.535, 0.5314]]	
Results: 	[[0.5793, 0.5715, 0.5689, 0.5798, 0.5776, 0.572, 0.5691, 0.5697, 0.5651, 0.5641, 0.5654, 0.5734, 0.5766, 0.5639, 0.569, 0.5788, 0.5742], [0.5504, 0.5515, 0.5479, 0.5428, 0.5484, 0.5496, 0.5505, 0.5451, 0.5485, 0.5495, 0.5494, 0.5487, 0.5473, 0.5486, 0.5524, 0.5504, 0.5481], [0.5323, 0.5315, 0.5259, 0.5343, 0.5325, 0.5337, 0.5331, 0.5336, 0.531, 0.5399, 0.5284, 0.5398, 0.5333, 0.5308, 0.535, 0.5314, 0.5331]]	
Results: 	[[0.5793, 0.5715, 0.5689, 0.5798, 0.5776, 0.572, 0.5691, 0.5697, 0.5651, 0.5641, 0.5654, 0.5734, 0.5766, 0.5639, 0.569, 0.5788, 0.5742, 0.5737], [0.5504, 0.5515, 0.5479, 0.5428, 0.5484, 0.5496, 0.5505, 0.5451, 0.5485, 0.5495, 0.5494, 0.5487, 0.5473, 0.5486, 0.5524, 0.5504, 0.5481, 0.551], [0.5323, 0.5315, 0.5259, 0.5343, 0.5325, 0.5337, 0.5331, 0.5336, 0.531, 0.5399, 0.5284, 0.5398, 0.5333, 0.5308, 0.535, 0.5314, 0.5331, 0.5338]]	
Results: 	[[0.5793, 0.5715, 0.5689, 0.5798, 0.5776, 0.572, 0.5691, 0.5697, 0.5651, 0.5641, 0.5654, 0.5734, 0.5766, 0.5639, 0.569, 0.5788, 0.5742, 0.5737, 0.5699], [0.5504, 0.5515, 0.5479, 0.5428, 0.5484, 0.5496, 0.5505, 0.5451, 0.5485, 0.5495, 0.5494, 0.5487, 0.5473, 0.5486, 0.5524, 0.5504, 0.5481, 0.551, 0.5443], [0.5323, 0.5315, 0.5259, 0.5343, 0.5325, 0.5337, 0.5331, 0.5336, 0.531, 0.5399, 0.5284, 0.5398, 0.5333, 0.5308, 0.535, 0.5314, 0.5331, 0.5338, 0.5313]]	
Results: 	[[0.5793, 0.5715, 0.5689, 0.5798, 0.5776, 0.572, 0.5691, 0.5697, 0.5651, 0.5641, 0.5654, 0.5734, 0.5766, 0.5639, 0.569, 0.5788, 0.5742, 0.5737, 0.5699, 0.5765], [0.5504, 0.5515, 0.5479, 0.5428, 0.5484, 0.5496, 0.5505, 0.5451, 0.5485, 0.5495, 0.5494, 0.5487, 0.5473, 0.5486, 0.5524, 0.5504, 0.5481, 0.551, 0.5443, 0.5503], [0.5323, 0.5315, 0.5259, 0.5343, 0.5325, 0.5337, 0.5331, 0.5336, 0.531, 0.5399, 0.5284, 0.5398, 0.5333, 0.5308, 0.535, 0.5314, 0.5331, 0.5338, 0.5313, 0.5321]]	
Results: 	[[0.5793, 0.5715, 0.5689, 0.5798, 0.5776, 0.572, 0.5691, 0.5697, 0.5651, 0.5641, 0.5654, 0.5734, 0.5766, 0.5639, 0.569, 0.5788, 0.5742, 0.5737, 0.5699, 0.5765, 0.5755], [0.5504, 0.5515, 0.5479, 0.5428, 0.5484, 0.5496, 0.5505, 0.5451, 0.5485, 0.5495, 0.5494, 0.5487, 0.5473, 0.5486, 0.5524, 0.5504, 0.5481, 0.551, 0.5443, 0.5503, 0.5473], [0.5323, 0.5315, 0.5259, 0.5343, 0.5325, 0.5337, 0.5331, 0.5336, 0.531, 0.5399, 0.5284, 0.5398, 0.5333, 0.5308, 0.535, 0.5314, 0.5331, 0.5338, 0.5313, 0.5321, 0.5325]]	
Results: 	[[0.5793, 0.5715, 0.5689, 0.5798, 0.5776, 0.572, 0.5691, 0.5697, 0.5651, 0.5641, 0.5654, 0.5734, 0.5766, 0.5639, 0.569, 0.5788, 0.5742, 0.5737, 0.5699, 0.5765, 0.5755, 0.5732], [0.5504, 0.5515, 0.5479, 0.5428, 0.5484, 0.5496, 0.5505, 0.5451, 0.5485, 0.5495, 0.5494, 0.5487, 0.5473, 0.5486, 0.5524, 0.5504, 0.5481, 0.551, 0.5443, 0.5503, 0.5473, 0.5525], [0.5323, 0.5315, 0.5259, 0.5343, 0.5325, 0.5337, 0.5331, 0.5336, 0.531, 0.5399, 0.5284, 0.5398, 0.5333, 0.5308, 0.535, 0.5314, 0.5331, 0.5338, 0.5313, 0.5321, 0.5325, 0.536]]	
Results: 	[[0.5793, 0.5715, 0.5689, 0.5798, 0.5776, 0.572, 0.5691, 0.5697, 0.5651, 0.5641, 0.5654, 0.5734, 0.5766, 0.5639, 0.569, 0.5788, 0.5742, 0.5737, 0.5699, 0.5765, 0.5755, 0.5732, 0.5622], [0.5504, 0.5515, 0.5479, 0.5428, 0.5484, 0.5496, 0.5505, 0.5451, 0.5485, 0.5495, 0.5494, 0.5487, 0.5473, 0.5486, 0.5524, 0.5504, 0.5481, 0.551, 0.5443, 0.5503, 0.5473, 0.5525, 0.5514], [0.5323, 0.5315, 0.5259, 0.5343, 0.5325, 0.5337, 0.5331, 0.5336, 0.531, 0.5399, 0.5284, 0.5398, 0.5333, 0.5308, 0.535, 0.5314, 0.5331, 0.5338, 0.5313, 0.5321, 0.5325, 0.536, 0.5328]]	
Results: 	[[0.5793, 0.5715, 0.5689, 0.5798, 0.5776, 0.572, 0.5691, 0.5697, 0.5651, 0.5641, 0.5654, 0.5734, 0.5766, 0.5639, 0.569, 0.5788, 0.5742, 0.5737, 0.5699, 0.5765, 0.5755, 0.5732, 0.5622, 0.5754], [0.5504, 0.5515, 0.5479, 0.5428, 0.5484, 0.5496, 0.5505, 0.5451, 0.5485, 0.5495, 0.5494, 0.5487, 0.5473, 0.5486, 0.5524, 0.5504, 0.5481, 0.551, 0.5443, 0.5503, 0.5473, 0.5525, 0.5514, 0.5492], [0.5323, 0.5315, 0.5259, 0.5343, 0.5325, 0.5337, 0.5331, 0.5336, 0.531, 0.5399, 0.5284, 0.5398, 0.5333, 0.5308, 0.535, 0.5314, 0.5331, 0.5338, 0.5313, 0.5321, 0.5325, 0.536, 0.5328, 0.5358]]	
Results: 	[[0.5793, 0.5715, 0.5689, 0.5798, 0.5776, 0.572, 0.5691, 0.5697, 0.5651, 0.5641, 0.5654, 0.5734, 0.5766, 0.5639, 0.569, 0.5788, 0.5742, 0.5737, 0.5699, 0.5765, 0.5755, 0.5732, 0.5622, 0.5754, 0.5643], [0.5504, 0.5515, 0.5479, 0.5428, 0.5484, 0.5496, 0.5505, 0.5451, 0.5485, 0.5495, 0.5494, 0.5487, 0.5473, 0.5486, 0.5524, 0.5504, 0.5481, 0.551, 0.5443, 0.5503, 0.5473, 0.5525, 0.5514, 0.5492, 0.5488], [0.5323, 0.5315, 0.5259, 0.5343, 0.5325, 0.5337, 0.5331, 0.5336, 0.531, 0.5399, 0.5284, 0.5398, 0.5333, 0.5308, 0.535, 0.5314, 0.5331, 0.5338, 0.5313, 0.5321, 0.5325, 0.536, 0.5328, 0.5358, 0.531]]	
Results: 	[[0.5793, 0.5715, 0.5689, 0.5798, 0.5776, 0.572, 0.5691, 0.5697, 0.5651, 0.5641, 0.5654, 0.5734, 0.5766, 0.5639, 0.569, 0.5788, 0.5742, 0.5737, 0.5699, 0.5765, 0.5755, 0.5732, 0.5622, 0.5754, 0.5643, 0.5598], [0.5504, 0.5515, 0.5479, 0.5428, 0.5484, 0.5496, 0.5505, 0.5451, 0.5485, 0.5495, 0.5494, 0.5487, 0.5473, 0.5486, 0.5524, 0.5504, 0.5481, 0.551, 0.5443, 0.5503, 0.5473, 0.5525, 0.5514, 0.5492, 0.5488, 0.5501], [0.5323, 0.5315, 0.5259, 0.5343, 0.5325, 0.5337, 0.5331, 0.5336, 0.531, 0.5399, 0.5284, 0.5398, 0.5333, 0.5308, 0.535, 0.5314, 0.5331, 0.5338, 0.5313, 0.5321, 0.5325, 0.536, 0.5328, 0.5358, 0.531, 0.5349]]	
Results: 	[[0.5793, 0.5715, 0.5689, 0.5798, 0.5776, 0.572, 0.5691, 0.5697, 0.5651, 0.5641, 0.5654, 0.5734, 0.5766, 0.5639, 0.569, 0.5788, 0.5742, 0.5737, 0.5699, 0.5765, 0.5755, 0.5732, 0.5622, 0.5754, 0.5643, 0.5598, 0.5755], [0.5504, 0.5515, 0.5479, 0.5428, 0.5484, 0.5496, 0.5505, 0.5451, 0.5485, 0.5495, 0.5494, 0.5487, 0.5473, 0.5486, 0.5524, 0.5504, 0.5481, 0.551, 0.5443, 0.5503, 0.5473, 0.5525, 0.5514, 0.5492, 0.5488, 0.5501, 0.5497], [0.5323, 0.5315, 0.5259, 0.5343, 0.5325, 0.5337, 0.5331, 0.5336, 0.531, 0.5399, 0.5284, 0.5398, 0.5333, 0.5308, 0.535, 0.5314, 0.5331, 0.5338, 0.5313, 0.5321, 0.5325, 0.536, 0.5328, 0.5358, 0.531, 0.5349, 0.5333]]	
Results: 	[[0.5793, 0.5715, 0.5689, 0.5798, 0.5776, 0.572, 0.5691, 0.5697, 0.5651, 0.5641, 0.5654, 0.5734, 0.5766, 0.5639, 0.569, 0.5788, 0.5742, 0.5737, 0.5699, 0.5765, 0.5755, 0.5732, 0.5622, 0.5754, 0.5643, 0.5598, 0.5755, 0.5616], [0.5504, 0.5515, 0.5479, 0.5428, 0.5484, 0.5496, 0.5505, 0.5451, 0.5485, 0.5495, 0.5494, 0.5487, 0.5473, 0.5486, 0.5524, 0.5504, 0.5481, 0.551, 0.5443, 0.5503, 0.5473, 0.5525, 0.5514, 0.5492, 0.5488, 0.5501, 0.5497, 0.5482], [0.5323, 0.5315, 0.5259, 0.5343, 0.5325, 0.5337, 0.5331, 0.5336, 0.531, 0.5399, 0.5284, 0.5398, 0.5333, 0.5308, 0.535, 0.5314, 0.5331, 0.5338, 0.5313, 0.5321, 0.5325, 0.536, 0.5328, 0.5358, 0.531, 0.5349, 0.5333, 0.5329]]	
Results: 	[[0.5793, 0.5715, 0.5689, 0.5798, 0.5776, 0.572, 0.5691, 0.5697, 0.5651, 0.5641, 0.5654, 0.5734, 0.5766, 0.5639, 0.569, 0.5788, 0.5742, 0.5737, 0.5699, 0.5765, 0.5755, 0.5732, 0.5622, 0.5754, 0.5643, 0.5598, 0.5755, 0.5616, 0.5699], [0.5504, 0.5515, 0.5479, 0.5428, 0.5484, 0.5496, 0.5505, 0.5451, 0.5485, 0.5495, 0.5494, 0.5487, 0.5473, 0.5486, 0.5524, 0.5504, 0.5481, 0.551, 0.5443, 0.5503, 0.5473, 0.5525, 0.5514, 0.5492, 0.5488, 0.5501, 0.5497, 0.5482, 0.5503], [0.5323, 0.5315, 0.5259, 0.5343, 0.5325, 0.5337, 0.5331, 0.5336, 0.531, 0.5399, 0.5284, 0.5398, 0.5333, 0.5308, 0.535, 0.5314, 0.5331, 0.5338, 0.5313, 0.5321, 0.5325, 0.536, 0.5328, 0.5358, 0.531, 0.5349, 0.5333, 0.5329, 0.5322]]	
Results: 	30 Support Sets: (Mean:0.57066, SD:0.005768439698196054) | 	30 Support Sets: (Mean:0.5491233333333333, SD:0.0022186798394281822) | 	30 Support Sets: (Mean:0.5329200000000001, SD:0.0028103748676202847) | 	
