Results: 	[[0.6292], [0.655], [0.5743]]	
Results: 	[[0.6292, 0.6328], [0.655, 0.6279], [0.5743, 0.6457]]	
Results: 	[[0.6292, 0.6328, 0.6075], [0.655, 0.6279, 0.6837], [0.5743, 0.6457, 0.6014]]	
Results: 	[[0.6292, 0.6328, 0.6075, 0.6655], [0.655, 0.6279, 0.6837, 0.6796], [0.5743, 0.6457, 0.6014, 0.589]]	
Results: 	[[0.6292, 0.6328, 0.6075, 0.6655, 0.6712], [0.655, 0.6279, 0.6837, 0.6796, 0.68], [0.5743, 0.6457, 0.6014, 0.589, 0.6446]]	
Results: 	[[0.6292, 0.6328, 0.6075, 0.6655, 0.6712, 0.6584], [0.655, 0.6279, 0.6837, 0.6796, 0.68, 0.6813], [0.5743, 0.6457, 0.6014, 0.589, 0.6446, 0.6291]]	
Results: 	[[0.6292, 0.6328, 0.6075, 0.6655, 0.6712, 0.6584, 0.6302], [0.655, 0.6279, 0.6837, 0.6796, 0.68, 0.6813, 0.6468], [0.5743, 0.6457, 0.6014, 0.589, 0.6446, 0.6291, 0.5608]]	
Results: 	[[0.6292, 0.6328, 0.6075, 0.6655, 0.6712, 0.6584, 0.6302, 0.576], [0.655, 0.6279, 0.6837, 0.6796, 0.68, 0.6813, 0.6468, 0.6913], [0.5743, 0.6457, 0.6014, 0.589, 0.6446, 0.6291, 0.5608, 0.6527]]	
Results: 	[[0.6292, 0.6328, 0.6075, 0.6655, 0.6712, 0.6584, 0.6302, 0.576, 0.6741], [0.655, 0.6279, 0.6837, 0.6796, 0.68, 0.6813, 0.6468, 0.6913, 0.6358], [0.5743, 0.6457, 0.6014, 0.589, 0.6446, 0.6291, 0.5608, 0.6527, 0.6417]]	
Results: 	[[0.6292, 0.6328, 0.6075, 0.6655, 0.6712, 0.6584, 0.6302, 0.576, 0.6741, 0.6628], [0.655, 0.6279, 0.6837, 0.6796, 0.68, 0.6813, 0.6468, 0.6913, 0.6358, 0.5774], [0.5743, 0.6457, 0.6014, 0.589, 0.6446, 0.6291, 0.5608, 0.6527, 0.6417, 0.624]]	
Results: 	[[0.6292, 0.6328, 0.6075, 0.6655, 0.6712, 0.6584, 0.6302, 0.576, 0.6741, 0.6628, 0.6178], [0.655, 0.6279, 0.6837, 0.6796, 0.68, 0.6813, 0.6468, 0.6913, 0.6358, 0.5774, 0.596], [0.5743, 0.6457, 0.6014, 0.589, 0.6446, 0.6291, 0.5608, 0.6527, 0.6417, 0.624, 0.6521]]	
Results: 	[[0.6292, 0.6328, 0.6075, 0.6655, 0.6712, 0.6584, 0.6302, 0.576, 0.6741, 0.6628, 0.6178, 0.6663], [0.655, 0.6279, 0.6837, 0.6796, 0.68, 0.6813, 0.6468, 0.6913, 0.6358, 0.5774, 0.596, 0.5823], [0.5743, 0.6457, 0.6014, 0.589, 0.6446, 0.6291, 0.5608, 0.6527, 0.6417, 0.624, 0.6521, 0.6491]]	
Results: 	[[0.6292, 0.6328, 0.6075, 0.6655, 0.6712, 0.6584, 0.6302, 0.576, 0.6741, 0.6628, 0.6178, 0.6663, 0.6921], [0.655, 0.6279, 0.6837, 0.6796, 0.68, 0.6813, 0.6468, 0.6913, 0.6358, 0.5774, 0.596, 0.5823, 0.5776], [0.5743, 0.6457, 0.6014, 0.589, 0.6446, 0.6291, 0.5608, 0.6527, 0.6417, 0.624, 0.6521, 0.6491, 0.6142]]	
Results: 	[[0.6292, 0.6328, 0.6075, 0.6655, 0.6712, 0.6584, 0.6302, 0.576, 0.6741, 0.6628, 0.6178, 0.6663, 0.6921, 0.6274], [0.655, 0.6279, 0.6837, 0.6796, 0.68, 0.6813, 0.6468, 0.6913, 0.6358, 0.5774, 0.596, 0.5823, 0.5776, 0.6521], [0.5743, 0.6457, 0.6014, 0.589, 0.6446, 0.6291, 0.5608, 0.6527, 0.6417, 0.624, 0.6521, 0.6491, 0.6142, 0.6472]]	
Results: 	[[0.6292, 0.6328, 0.6075, 0.6655, 0.6712, 0.6584, 0.6302, 0.576, 0.6741, 0.6628, 0.6178, 0.6663, 0.6921, 0.6274, 0.5997], [0.655, 0.6279, 0.6837, 0.6796, 0.68, 0.6813, 0.6468, 0.6913, 0.6358, 0.5774, 0.596, 0.5823, 0.5776, 0.6521, 0.63], [0.5743, 0.6457, 0.6014, 0.589, 0.6446, 0.6291, 0.5608, 0.6527, 0.6417, 0.624, 0.6521, 0.6491, 0.6142, 0.6472, 0.6392]]	
Results: 	[[0.6292, 0.6328, 0.6075, 0.6655, 0.6712, 0.6584, 0.6302, 0.576, 0.6741, 0.6628, 0.6178, 0.6663, 0.6921, 0.6274, 0.5997, 0.6105], [0.655, 0.6279, 0.6837, 0.6796, 0.68, 0.6813, 0.6468, 0.6913, 0.6358, 0.5774, 0.596, 0.5823, 0.5776, 0.6521, 0.63, 0.675], [0.5743, 0.6457, 0.6014, 0.589, 0.6446, 0.6291, 0.5608, 0.6527, 0.6417, 0.624, 0.6521, 0.6491, 0.6142, 0.6472, 0.6392, 0.6475]]	
Results: 	[[0.6292, 0.6328, 0.6075, 0.6655, 0.6712, 0.6584, 0.6302, 0.576, 0.6741, 0.6628, 0.6178, 0.6663, 0.6921, 0.6274, 0.5997, 0.6105, 0.6906], [0.655, 0.6279, 0.6837, 0.6796, 0.68, 0.6813, 0.6468, 0.6913, 0.6358, 0.5774, 0.596, 0.5823, 0.5776, 0.6521, 0.63, 0.675, 0.5621], [0.5743, 0.6457, 0.6014, 0.589, 0.6446, 0.6291, 0.5608, 0.6527, 0.6417, 0.624, 0.6521, 0.6491, 0.6142, 0.6472, 0.6392, 0.6475, 0.6227]]	
Results: 	[[0.6292, 0.6328, 0.6075, 0.6655, 0.6712, 0.6584, 0.6302, 0.576, 0.6741, 0.6628, 0.6178, 0.6663, 0.6921, 0.6274, 0.5997, 0.6105, 0.6906, 0.6625], [0.655, 0.6279, 0.6837, 0.6796, 0.68, 0.6813, 0.6468, 0.6913, 0.6358, 0.5774, 0.596, 0.5823, 0.5776, 0.6521, 0.63, 0.675, 0.5621, 0.6137], [0.5743, 0.6457, 0.6014, 0.589, 0.6446, 0.6291, 0.5608, 0.6527, 0.6417, 0.624, 0.6521, 0.6491, 0.6142, 0.6472, 0.6392, 0.6475, 0.6227, 0.6589]]	
Results: 	[[0.6292, 0.6328, 0.6075, 0.6655, 0.6712, 0.6584, 0.6302, 0.576, 0.6741, 0.6628, 0.6178, 0.6663, 0.6921, 0.6274, 0.5997, 0.6105, 0.6906, 0.6625, 0.674], [0.655, 0.6279, 0.6837, 0.6796, 0.68, 0.6813, 0.6468, 0.6913, 0.6358, 0.5774, 0.596, 0.5823, 0.5776, 0.6521, 0.63, 0.675, 0.5621, 0.6137, 0.6119], [0.5743, 0.6457, 0.6014, 0.589, 0.6446, 0.6291, 0.5608, 0.6527, 0.6417, 0.624, 0.6521, 0.6491, 0.6142, 0.6472, 0.6392, 0.6475, 0.6227, 0.6589, 0.5924]]	
Results: 	[[0.6292, 0.6328, 0.6075, 0.6655, 0.6712, 0.6584, 0.6302, 0.576, 0.6741, 0.6628, 0.6178, 0.6663, 0.6921, 0.6274, 0.5997, 0.6105, 0.6906, 0.6625, 0.674, 0.6403], [0.655, 0.6279, 0.6837, 0.6796, 0.68, 0.6813, 0.6468, 0.6913, 0.6358, 0.5774, 0.596, 0.5823, 0.5776, 0.6521, 0.63, 0.675, 0.5621, 0.6137, 0.6119, 0.5721], [0.5743, 0.6457, 0.6014, 0.589, 0.6446, 0.6291, 0.5608, 0.6527, 0.6417, 0.624, 0.6521, 0.6491, 0.6142, 0.6472, 0.6392, 0.6475, 0.6227, 0.6589, 0.5924, 0.6099]]	
Results: 	[[0.6292, 0.6328, 0.6075, 0.6655, 0.6712, 0.6584, 0.6302, 0.576, 0.6741, 0.6628, 0.6178, 0.6663, 0.6921, 0.6274, 0.5997, 0.6105, 0.6906, 0.6625, 0.674, 0.6403, 0.5966], [0.655, 0.6279, 0.6837, 0.6796, 0.68, 0.6813, 0.6468, 0.6913, 0.6358, 0.5774, 0.596, 0.5823, 0.5776, 0.6521, 0.63, 0.675, 0.5621, 0.6137, 0.6119, 0.5721, 0.6873], [0.5743, 0.6457, 0.6014, 0.589, 0.6446, 0.6291, 0.5608, 0.6527, 0.6417, 0.624, 0.6521, 0.6491, 0.6142, 0.6472, 0.6392, 0.6475, 0.6227, 0.6589, 0.5924, 0.6099, 0.5661]]	
Results: 	[[0.6292, 0.6328, 0.6075, 0.6655, 0.6712, 0.6584, 0.6302, 0.576, 0.6741, 0.6628, 0.6178, 0.6663, 0.6921, 0.6274, 0.5997, 0.6105, 0.6906, 0.6625, 0.674, 0.6403, 0.5966, 0.6825], [0.655, 0.6279, 0.6837, 0.6796, 0.68, 0.6813, 0.6468, 0.6913, 0.6358, 0.5774, 0.596, 0.5823, 0.5776, 0.6521, 0.63, 0.675, 0.5621, 0.6137, 0.6119, 0.5721, 0.6873, 0.5925], [0.5743, 0.6457, 0.6014, 0.589, 0.6446, 0.6291, 0.5608, 0.6527, 0.6417, 0.624, 0.6521, 0.6491, 0.6142, 0.6472, 0.6392, 0.6475, 0.6227, 0.6589, 0.5924, 0.6099, 0.5661, 0.5734]]	
Results: 	[[0.6292, 0.6328, 0.6075, 0.6655, 0.6712, 0.6584, 0.6302, 0.576, 0.6741, 0.6628, 0.6178, 0.6663, 0.6921, 0.6274, 0.5997, 0.6105, 0.6906, 0.6625, 0.674, 0.6403, 0.5966, 0.6825, 0.6816], [0.655, 0.6279, 0.6837, 0.6796, 0.68, 0.6813, 0.6468, 0.6913, 0.6358, 0.5774, 0.596, 0.5823, 0.5776, 0.6521, 0.63, 0.675, 0.5621, 0.6137, 0.6119, 0.5721, 0.6873, 0.5925, 0.6835], [0.5743, 0.6457, 0.6014, 0.589, 0.6446, 0.6291, 0.5608, 0.6527, 0.6417, 0.624, 0.6521, 0.6491, 0.6142, 0.6472, 0.6392, 0.6475, 0.6227, 0.6589, 0.5924, 0.6099, 0.5661, 0.5734, 0.563]]	
Results: 	[[0.6292, 0.6328, 0.6075, 0.6655, 0.6712, 0.6584, 0.6302, 0.576, 0.6741, 0.6628, 0.6178, 0.6663, 0.6921, 0.6274, 0.5997, 0.6105, 0.6906, 0.6625, 0.674, 0.6403, 0.5966, 0.6825, 0.6816, 0.6821], [0.655, 0.6279, 0.6837, 0.6796, 0.68, 0.6813, 0.6468, 0.6913, 0.6358, 0.5774, 0.596, 0.5823, 0.5776, 0.6521, 0.63, 0.675, 0.5621, 0.6137, 0.6119, 0.5721, 0.6873, 0.5925, 0.6835, 0.6291], [0.5743, 0.6457, 0.6014, 0.589, 0.6446, 0.6291, 0.5608, 0.6527, 0.6417, 0.624, 0.6521, 0.6491, 0.6142, 0.6472, 0.6392, 0.6475, 0.6227, 0.6589, 0.5924, 0.6099, 0.5661, 0.5734, 0.563, 0.6106]]	
Results: 	[[0.6292, 0.6328, 0.6075, 0.6655, 0.6712, 0.6584, 0.6302, 0.576, 0.6741, 0.6628, 0.6178, 0.6663, 0.6921, 0.6274, 0.5997, 0.6105, 0.6906, 0.6625, 0.674, 0.6403, 0.5966, 0.6825, 0.6816, 0.6821, 0.6824], [0.655, 0.6279, 0.6837, 0.6796, 0.68, 0.6813, 0.6468, 0.6913, 0.6358, 0.5774, 0.596, 0.5823, 0.5776, 0.6521, 0.63, 0.675, 0.5621, 0.6137, 0.6119, 0.5721, 0.6873, 0.5925, 0.6835, 0.6291, 0.653], [0.5743, 0.6457, 0.6014, 0.589, 0.6446, 0.6291, 0.5608, 0.6527, 0.6417, 0.624, 0.6521, 0.6491, 0.6142, 0.6472, 0.6392, 0.6475, 0.6227, 0.6589, 0.5924, 0.6099, 0.5661, 0.5734, 0.563, 0.6106, 0.6281]]	
Results: 	[[0.6292, 0.6328, 0.6075, 0.6655, 0.6712, 0.6584, 0.6302, 0.576, 0.6741, 0.6628, 0.6178, 0.6663, 0.6921, 0.6274, 0.5997, 0.6105, 0.6906, 0.6625, 0.674, 0.6403, 0.5966, 0.6825, 0.6816, 0.6821, 0.6824, 0.6085], [0.655, 0.6279, 0.6837, 0.6796, 0.68, 0.6813, 0.6468, 0.6913, 0.6358, 0.5774, 0.596, 0.5823, 0.5776, 0.6521, 0.63, 0.675, 0.5621, 0.6137, 0.6119, 0.5721, 0.6873, 0.5925, 0.6835, 0.6291, 0.653, 0.588], [0.5743, 0.6457, 0.6014, 0.589, 0.6446, 0.6291, 0.5608, 0.6527, 0.6417, 0.624, 0.6521, 0.6491, 0.6142, 0.6472, 0.6392, 0.6475, 0.6227, 0.6589, 0.5924, 0.6099, 0.5661, 0.5734, 0.563, 0.6106, 0.6281, 0.5652]]	
Results: 	[[0.6292, 0.6328, 0.6075, 0.6655, 0.6712, 0.6584, 0.6302, 0.576, 0.6741, 0.6628, 0.6178, 0.6663, 0.6921, 0.6274, 0.5997, 0.6105, 0.6906, 0.6625, 0.674, 0.6403, 0.5966, 0.6825, 0.6816, 0.6821, 0.6824, 0.6085, 0.6571], [0.655, 0.6279, 0.6837, 0.6796, 0.68, 0.6813, 0.6468, 0.6913, 0.6358, 0.5774, 0.596, 0.5823, 0.5776, 0.6521, 0.63, 0.675, 0.5621, 0.6137, 0.6119, 0.5721, 0.6873, 0.5925, 0.6835, 0.6291, 0.653, 0.588, 0.5997], [0.5743, 0.6457, 0.6014, 0.589, 0.6446, 0.6291, 0.5608, 0.6527, 0.6417, 0.624, 0.6521, 0.6491, 0.6142, 0.6472, 0.6392, 0.6475, 0.6227, 0.6589, 0.5924, 0.6099, 0.5661, 0.5734, 0.563, 0.6106, 0.6281, 0.5652, 0.5896]]	
Results: 	[[0.6292, 0.6328, 0.6075, 0.6655, 0.6712, 0.6584, 0.6302, 0.576, 0.6741, 0.6628, 0.6178, 0.6663, 0.6921, 0.6274, 0.5997, 0.6105, 0.6906, 0.6625, 0.674, 0.6403, 0.5966, 0.6825, 0.6816, 0.6821, 0.6824, 0.6085, 0.6571, 0.6769], [0.655, 0.6279, 0.6837, 0.6796, 0.68, 0.6813, 0.6468, 0.6913, 0.6358, 0.5774, 0.596, 0.5823, 0.5776, 0.6521, 0.63, 0.675, 0.5621, 0.6137, 0.6119, 0.5721, 0.6873, 0.5925, 0.6835, 0.6291, 0.653, 0.588, 0.5997, 0.554], [0.5743, 0.6457, 0.6014, 0.589, 0.6446, 0.6291, 0.5608, 0.6527, 0.6417, 0.624, 0.6521, 0.6491, 0.6142, 0.6472, 0.6392, 0.6475, 0.6227, 0.6589, 0.5924, 0.6099, 0.5661, 0.5734, 0.563, 0.6106, 0.6281, 0.5652, 0.5896, 0.6149]]	
Results: 	[[0.6292, 0.6328, 0.6075, 0.6655, 0.6712, 0.6584, 0.6302, 0.576, 0.6741, 0.6628, 0.6178, 0.6663, 0.6921, 0.6274, 0.5997, 0.6105, 0.6906, 0.6625, 0.674, 0.6403, 0.5966, 0.6825, 0.6816, 0.6821, 0.6824, 0.6085, 0.6571, 0.6769, 0.5929], [0.655, 0.6279, 0.6837, 0.6796, 0.68, 0.6813, 0.6468, 0.6913, 0.6358, 0.5774, 0.596, 0.5823, 0.5776, 0.6521, 0.63, 0.675, 0.5621, 0.6137, 0.6119, 0.5721, 0.6873, 0.5925, 0.6835, 0.6291, 0.653, 0.588, 0.5997, 0.554, 0.6264], [0.5743, 0.6457, 0.6014, 0.589, 0.6446, 0.6291, 0.5608, 0.6527, 0.6417, 0.624, 0.6521, 0.6491, 0.6142, 0.6472, 0.6392, 0.6475, 0.6227, 0.6589, 0.5924, 0.6099, 0.5661, 0.5734, 0.563, 0.6106, 0.6281, 0.5652, 0.5896, 0.6149, 0.6186]]	
Results: 	30 Support Sets: (Mean:0.6467233333333333, SD:0.0334686542318623) | 	30 Support Sets: (Mean:0.6309566666666667, SD:0.043386798272836584) | 	30 Support Sets: (Mean:0.6147900000000001, SD:0.030844698309322193) | 	
