Results: 	[[0.8746], [0.5447], [0.9306]]	
Results: 	[[0.8746, 0.7553], [0.5447, 0.8183], [0.9306, 0.7457]]	
Results: 	[[0.8746, 0.7553, 0.7655], [0.5447, 0.8183, 0.7821], [0.9306, 0.7457, 0.9384]]	
Results: 	[[0.8746, 0.7553, 0.7655, 0.9502], [0.5447, 0.8183, 0.7821, 0.6155], [0.9306, 0.7457, 0.9384, 0.8918]]	
Results: 	[[0.8746, 0.7553, 0.7655, 0.9502, 0.9081], [0.5447, 0.8183, 0.7821, 0.6155, 0.8715], [0.9306, 0.7457, 0.9384, 0.8918, 0.7906]]	
Results: 	[[0.8746, 0.7553, 0.7655, 0.9502, 0.9081, 0.8442], [0.5447, 0.8183, 0.7821, 0.6155, 0.8715, 0.5885], [0.9306, 0.7457, 0.9384, 0.8918, 0.7906, 0.8359]]	
Results: 	[[0.8746, 0.7553, 0.7655, 0.9502, 0.9081, 0.8442, 0.6908], [0.5447, 0.8183, 0.7821, 0.6155, 0.8715, 0.5885, 0.8991], [0.9306, 0.7457, 0.9384, 0.8918, 0.7906, 0.8359, 0.5335]]	
Results: 	[[0.8746, 0.7553, 0.7655, 0.9502, 0.9081, 0.8442, 0.6908, 0.664], [0.5447, 0.8183, 0.7821, 0.6155, 0.8715, 0.5885, 0.8991, 0.6871], [0.9306, 0.7457, 0.9384, 0.8918, 0.7906, 0.8359, 0.5335, 0.6249]]	
Results: 	[[0.8746, 0.7553, 0.7655, 0.9502, 0.9081, 0.8442, 0.6908, 0.664, 0.5931], [0.5447, 0.8183, 0.7821, 0.6155, 0.8715, 0.5885, 0.8991, 0.6871, 0.6867], [0.9306, 0.7457, 0.9384, 0.8918, 0.7906, 0.8359, 0.5335, 0.6249, 0.6883]]	
Results: 	[[0.8746, 0.7553, 0.7655, 0.9502, 0.9081, 0.8442, 0.6908, 0.664, 0.5931, 0.6266], [0.5447, 0.8183, 0.7821, 0.6155, 0.8715, 0.5885, 0.8991, 0.6871, 0.6867, 0.8345], [0.9306, 0.7457, 0.9384, 0.8918, 0.7906, 0.8359, 0.5335, 0.6249, 0.6883, 0.8563]]	
Results: 	[[0.8746, 0.7553, 0.7655, 0.9502, 0.9081, 0.8442, 0.6908, 0.664, 0.5931, 0.6266, 0.7312], [0.5447, 0.8183, 0.7821, 0.6155, 0.8715, 0.5885, 0.8991, 0.6871, 0.6867, 0.8345, 0.9116], [0.9306, 0.7457, 0.9384, 0.8918, 0.7906, 0.8359, 0.5335, 0.6249, 0.6883, 0.8563, 0.8249]]	
Results: 	[[0.8746, 0.7553, 0.7655, 0.9502, 0.9081, 0.8442, 0.6908, 0.664, 0.5931, 0.6266, 0.7312, 0.7586], [0.5447, 0.8183, 0.7821, 0.6155, 0.8715, 0.5885, 0.8991, 0.6871, 0.6867, 0.8345, 0.9116, 0.8099], [0.9306, 0.7457, 0.9384, 0.8918, 0.7906, 0.8359, 0.5335, 0.6249, 0.6883, 0.8563, 0.8249, 0.8908]]	
Results: 	[[0.8746, 0.7553, 0.7655, 0.9502, 0.9081, 0.8442, 0.6908, 0.664, 0.5931, 0.6266, 0.7312, 0.7586, 0.4715], [0.5447, 0.8183, 0.7821, 0.6155, 0.8715, 0.5885, 0.8991, 0.6871, 0.6867, 0.8345, 0.9116, 0.8099, 0.8723], [0.9306, 0.7457, 0.9384, 0.8918, 0.7906, 0.8359, 0.5335, 0.6249, 0.6883, 0.8563, 0.8249, 0.8908, 0.7751]]	
Results: 	[[0.8746, 0.7553, 0.7655, 0.9502, 0.9081, 0.8442, 0.6908, 0.664, 0.5931, 0.6266, 0.7312, 0.7586, 0.4715, 0.7748], [0.5447, 0.8183, 0.7821, 0.6155, 0.8715, 0.5885, 0.8991, 0.6871, 0.6867, 0.8345, 0.9116, 0.8099, 0.8723, 0.825], [0.9306, 0.7457, 0.9384, 0.8918, 0.7906, 0.8359, 0.5335, 0.6249, 0.6883, 0.8563, 0.8249, 0.8908, 0.7751, 0.5093]]	
Results: 	[[0.8746, 0.7553, 0.7655, 0.9502, 0.9081, 0.8442, 0.6908, 0.664, 0.5931, 0.6266, 0.7312, 0.7586, 0.4715, 0.7748, 0.9401], [0.5447, 0.8183, 0.7821, 0.6155, 0.8715, 0.5885, 0.8991, 0.6871, 0.6867, 0.8345, 0.9116, 0.8099, 0.8723, 0.825, 0.452], [0.9306, 0.7457, 0.9384, 0.8918, 0.7906, 0.8359, 0.5335, 0.6249, 0.6883, 0.8563, 0.8249, 0.8908, 0.7751, 0.5093, 0.9002]]	
Results: 	[[0.8746, 0.7553, 0.7655, 0.9502, 0.9081, 0.8442, 0.6908, 0.664, 0.5931, 0.6266, 0.7312, 0.7586, 0.4715, 0.7748, 0.9401, 0.8321], [0.5447, 0.8183, 0.7821, 0.6155, 0.8715, 0.5885, 0.8991, 0.6871, 0.6867, 0.8345, 0.9116, 0.8099, 0.8723, 0.825, 0.452, 0.83], [0.9306, 0.7457, 0.9384, 0.8918, 0.7906, 0.8359, 0.5335, 0.6249, 0.6883, 0.8563, 0.8249, 0.8908, 0.7751, 0.5093, 0.9002, 0.4992]]	
Results: 	[[0.8746, 0.7553, 0.7655, 0.9502, 0.9081, 0.8442, 0.6908, 0.664, 0.5931, 0.6266, 0.7312, 0.7586, 0.4715, 0.7748, 0.9401, 0.8321, 0.7075], [0.5447, 0.8183, 0.7821, 0.6155, 0.8715, 0.5885, 0.8991, 0.6871, 0.6867, 0.8345, 0.9116, 0.8099, 0.8723, 0.825, 0.452, 0.83, 0.7487], [0.9306, 0.7457, 0.9384, 0.8918, 0.7906, 0.8359, 0.5335, 0.6249, 0.6883, 0.8563, 0.8249, 0.8908, 0.7751, 0.5093, 0.9002, 0.4992, 0.4437]]	
Results: 	[[0.8746, 0.7553, 0.7655, 0.9502, 0.9081, 0.8442, 0.6908, 0.664, 0.5931, 0.6266, 0.7312, 0.7586, 0.4715, 0.7748, 0.9401, 0.8321, 0.7075, 0.6606], [0.5447, 0.8183, 0.7821, 0.6155, 0.8715, 0.5885, 0.8991, 0.6871, 0.6867, 0.8345, 0.9116, 0.8099, 0.8723, 0.825, 0.452, 0.83, 0.7487, 0.8535], [0.9306, 0.7457, 0.9384, 0.8918, 0.7906, 0.8359, 0.5335, 0.6249, 0.6883, 0.8563, 0.8249, 0.8908, 0.7751, 0.5093, 0.9002, 0.4992, 0.4437, 0.8519]]	
Results: 	[[0.8746, 0.7553, 0.7655, 0.9502, 0.9081, 0.8442, 0.6908, 0.664, 0.5931, 0.6266, 0.7312, 0.7586, 0.4715, 0.7748, 0.9401, 0.8321, 0.7075, 0.6606, 0.749], [0.5447, 0.8183, 0.7821, 0.6155, 0.8715, 0.5885, 0.8991, 0.6871, 0.6867, 0.8345, 0.9116, 0.8099, 0.8723, 0.825, 0.452, 0.83, 0.7487, 0.8535, 0.655], [0.9306, 0.7457, 0.9384, 0.8918, 0.7906, 0.8359, 0.5335, 0.6249, 0.6883, 0.8563, 0.8249, 0.8908, 0.7751, 0.5093, 0.9002, 0.4992, 0.4437, 0.8519, 0.6404]]	
Results: 	[[0.8746, 0.7553, 0.7655, 0.9502, 0.9081, 0.8442, 0.6908, 0.664, 0.5931, 0.6266, 0.7312, 0.7586, 0.4715, 0.7748, 0.9401, 0.8321, 0.7075, 0.6606, 0.749, 0.7966], [0.5447, 0.8183, 0.7821, 0.6155, 0.8715, 0.5885, 0.8991, 0.6871, 0.6867, 0.8345, 0.9116, 0.8099, 0.8723, 0.825, 0.452, 0.83, 0.7487, 0.8535, 0.655, 0.8201], [0.9306, 0.7457, 0.9384, 0.8918, 0.7906, 0.8359, 0.5335, 0.6249, 0.6883, 0.8563, 0.8249, 0.8908, 0.7751, 0.5093, 0.9002, 0.4992, 0.4437, 0.8519, 0.6404, 0.8208]]	
Results: 	[[0.8746, 0.7553, 0.7655, 0.9502, 0.9081, 0.8442, 0.6908, 0.664, 0.5931, 0.6266, 0.7312, 0.7586, 0.4715, 0.7748, 0.9401, 0.8321, 0.7075, 0.6606, 0.749, 0.7966, 0.5542], [0.5447, 0.8183, 0.7821, 0.6155, 0.8715, 0.5885, 0.8991, 0.6871, 0.6867, 0.8345, 0.9116, 0.8099, 0.8723, 0.825, 0.452, 0.83, 0.7487, 0.8535, 0.655, 0.8201, 0.9085], [0.9306, 0.7457, 0.9384, 0.8918, 0.7906, 0.8359, 0.5335, 0.6249, 0.6883, 0.8563, 0.8249, 0.8908, 0.7751, 0.5093, 0.9002, 0.4992, 0.4437, 0.8519, 0.6404, 0.8208, 0.912]]	
Results: 	[[0.8746, 0.7553, 0.7655, 0.9502, 0.9081, 0.8442, 0.6908, 0.664, 0.5931, 0.6266, 0.7312, 0.7586, 0.4715, 0.7748, 0.9401, 0.8321, 0.7075, 0.6606, 0.749, 0.7966, 0.5542, 0.7378], [0.5447, 0.8183, 0.7821, 0.6155, 0.8715, 0.5885, 0.8991, 0.6871, 0.6867, 0.8345, 0.9116, 0.8099, 0.8723, 0.825, 0.452, 0.83, 0.7487, 0.8535, 0.655, 0.8201, 0.9085, 0.7182], [0.9306, 0.7457, 0.9384, 0.8918, 0.7906, 0.8359, 0.5335, 0.6249, 0.6883, 0.8563, 0.8249, 0.8908, 0.7751, 0.5093, 0.9002, 0.4992, 0.4437, 0.8519, 0.6404, 0.8208, 0.912, 0.8526]]	
Results: 	[[0.8746, 0.7553, 0.7655, 0.9502, 0.9081, 0.8442, 0.6908, 0.664, 0.5931, 0.6266, 0.7312, 0.7586, 0.4715, 0.7748, 0.9401, 0.8321, 0.7075, 0.6606, 0.749, 0.7966, 0.5542, 0.7378, 0.9078], [0.5447, 0.8183, 0.7821, 0.6155, 0.8715, 0.5885, 0.8991, 0.6871, 0.6867, 0.8345, 0.9116, 0.8099, 0.8723, 0.825, 0.452, 0.83, 0.7487, 0.8535, 0.655, 0.8201, 0.9085, 0.7182, 0.8381], [0.9306, 0.7457, 0.9384, 0.8918, 0.7906, 0.8359, 0.5335, 0.6249, 0.6883, 0.8563, 0.8249, 0.8908, 0.7751, 0.5093, 0.9002, 0.4992, 0.4437, 0.8519, 0.6404, 0.8208, 0.912, 0.8526, 0.93]]	
Results: 	[[0.8746, 0.7553, 0.7655, 0.9502, 0.9081, 0.8442, 0.6908, 0.664, 0.5931, 0.6266, 0.7312, 0.7586, 0.4715, 0.7748, 0.9401, 0.8321, 0.7075, 0.6606, 0.749, 0.7966, 0.5542, 0.7378, 0.9078, 0.5289], [0.5447, 0.8183, 0.7821, 0.6155, 0.8715, 0.5885, 0.8991, 0.6871, 0.6867, 0.8345, 0.9116, 0.8099, 0.8723, 0.825, 0.452, 0.83, 0.7487, 0.8535, 0.655, 0.8201, 0.9085, 0.7182, 0.8381, 0.5549], [0.9306, 0.7457, 0.9384, 0.8918, 0.7906, 0.8359, 0.5335, 0.6249, 0.6883, 0.8563, 0.8249, 0.8908, 0.7751, 0.5093, 0.9002, 0.4992, 0.4437, 0.8519, 0.6404, 0.8208, 0.912, 0.8526, 0.93, 0.6244]]	
Results: 	[[0.8746, 0.7553, 0.7655, 0.9502, 0.9081, 0.8442, 0.6908, 0.664, 0.5931, 0.6266, 0.7312, 0.7586, 0.4715, 0.7748, 0.9401, 0.8321, 0.7075, 0.6606, 0.749, 0.7966, 0.5542, 0.7378, 0.9078, 0.5289, 0.5892], [0.5447, 0.8183, 0.7821, 0.6155, 0.8715, 0.5885, 0.8991, 0.6871, 0.6867, 0.8345, 0.9116, 0.8099, 0.8723, 0.825, 0.452, 0.83, 0.7487, 0.8535, 0.655, 0.8201, 0.9085, 0.7182, 0.8381, 0.5549, 0.4123], [0.9306, 0.7457, 0.9384, 0.8918, 0.7906, 0.8359, 0.5335, 0.6249, 0.6883, 0.8563, 0.8249, 0.8908, 0.7751, 0.5093, 0.9002, 0.4992, 0.4437, 0.8519, 0.6404, 0.8208, 0.912, 0.8526, 0.93, 0.6244, 0.8391]]	
Results: 	[[0.8746, 0.7553, 0.7655, 0.9502, 0.9081, 0.8442, 0.6908, 0.664, 0.5931, 0.6266, 0.7312, 0.7586, 0.4715, 0.7748, 0.9401, 0.8321, 0.7075, 0.6606, 0.749, 0.7966, 0.5542, 0.7378, 0.9078, 0.5289, 0.5892, 0.8723], [0.5447, 0.8183, 0.7821, 0.6155, 0.8715, 0.5885, 0.8991, 0.6871, 0.6867, 0.8345, 0.9116, 0.8099, 0.8723, 0.825, 0.452, 0.83, 0.7487, 0.8535, 0.655, 0.8201, 0.9085, 0.7182, 0.8381, 0.5549, 0.4123, 0.7283], [0.9306, 0.7457, 0.9384, 0.8918, 0.7906, 0.8359, 0.5335, 0.6249, 0.6883, 0.8563, 0.8249, 0.8908, 0.7751, 0.5093, 0.9002, 0.4992, 0.4437, 0.8519, 0.6404, 0.8208, 0.912, 0.8526, 0.93, 0.6244, 0.8391, 0.6742]]	
Results: 	[[0.8746, 0.7553, 0.7655, 0.9502, 0.9081, 0.8442, 0.6908, 0.664, 0.5931, 0.6266, 0.7312, 0.7586, 0.4715, 0.7748, 0.9401, 0.8321, 0.7075, 0.6606, 0.749, 0.7966, 0.5542, 0.7378, 0.9078, 0.5289, 0.5892, 0.8723, 0.8851], [0.5447, 0.8183, 0.7821, 0.6155, 0.8715, 0.5885, 0.8991, 0.6871, 0.6867, 0.8345, 0.9116, 0.8099, 0.8723, 0.825, 0.452, 0.83, 0.7487, 0.8535, 0.655, 0.8201, 0.9085, 0.7182, 0.8381, 0.5549, 0.4123, 0.7283, 0.5623], [0.9306, 0.7457, 0.9384, 0.8918, 0.7906, 0.8359, 0.5335, 0.6249, 0.6883, 0.8563, 0.8249, 0.8908, 0.7751, 0.5093, 0.9002, 0.4992, 0.4437, 0.8519, 0.6404, 0.8208, 0.912, 0.8526, 0.93, 0.6244, 0.8391, 0.6742, 0.9037]]	
Results: 	[[0.8746, 0.7553, 0.7655, 0.9502, 0.9081, 0.8442, 0.6908, 0.664, 0.5931, 0.6266, 0.7312, 0.7586, 0.4715, 0.7748, 0.9401, 0.8321, 0.7075, 0.6606, 0.749, 0.7966, 0.5542, 0.7378, 0.9078, 0.5289, 0.5892, 0.8723, 0.8851, 0.7403], [0.5447, 0.8183, 0.7821, 0.6155, 0.8715, 0.5885, 0.8991, 0.6871, 0.6867, 0.8345, 0.9116, 0.8099, 0.8723, 0.825, 0.452, 0.83, 0.7487, 0.8535, 0.655, 0.8201, 0.9085, 0.7182, 0.8381, 0.5549, 0.4123, 0.7283, 0.5623, 0.841], [0.9306, 0.7457, 0.9384, 0.8918, 0.7906, 0.8359, 0.5335, 0.6249, 0.6883, 0.8563, 0.8249, 0.8908, 0.7751, 0.5093, 0.9002, 0.4992, 0.4437, 0.8519, 0.6404, 0.8208, 0.912, 0.8526, 0.93, 0.6244, 0.8391, 0.6742, 0.9037, 0.8889]]	
Results: 	[[0.8746, 0.7553, 0.7655, 0.9502, 0.9081, 0.8442, 0.6908, 0.664, 0.5931, 0.6266, 0.7312, 0.7586, 0.4715, 0.7748, 0.9401, 0.8321, 0.7075, 0.6606, 0.749, 0.7966, 0.5542, 0.7378, 0.9078, 0.5289, 0.5892, 0.8723, 0.8851, 0.7403, 0.3903], [0.5447, 0.8183, 0.7821, 0.6155, 0.8715, 0.5885, 0.8991, 0.6871, 0.6867, 0.8345, 0.9116, 0.8099, 0.8723, 0.825, 0.452, 0.83, 0.7487, 0.8535, 0.655, 0.8201, 0.9085, 0.7182, 0.8381, 0.5549, 0.4123, 0.7283, 0.5623, 0.841, 0.717], [0.9306, 0.7457, 0.9384, 0.8918, 0.7906, 0.8359, 0.5335, 0.6249, 0.6883, 0.8563, 0.8249, 0.8908, 0.7751, 0.5093, 0.9002, 0.4992, 0.4437, 0.8519, 0.6404, 0.8208, 0.912, 0.8526, 0.93, 0.6244, 0.8391, 0.6742, 0.9037, 0.8889, 0.7234]]	
Results: 	[[0.8746, 0.7553, 0.7655, 0.9502, 0.9081, 0.8442, 0.6908, 0.664, 0.5931, 0.6266, 0.7312, 0.7586, 0.4715, 0.7748, 0.9401, 0.8321, 0.7075, 0.6606, 0.749, 0.7966, 0.5542, 0.7378, 0.9078, 0.5289, 0.5892, 0.8723, 0.8851, 0.7403, 0.3903, 0.5428], [0.5447, 0.8183, 0.7821, 0.6155, 0.8715, 0.5885, 0.8991, 0.6871, 0.6867, 0.8345, 0.9116, 0.8099, 0.8723, 0.825, 0.452, 0.83, 0.7487, 0.8535, 0.655, 0.8201, 0.9085, 0.7182, 0.8381, 0.5549, 0.4123, 0.7283, 0.5623, 0.841, 0.717, 0.8684], [0.9306, 0.7457, 0.9384, 0.8918, 0.7906, 0.8359, 0.5335, 0.6249, 0.6883, 0.8563, 0.8249, 0.8908, 0.7751, 0.5093, 0.9002, 0.4992, 0.4437, 0.8519, 0.6404, 0.8208, 0.912, 0.8526, 0.93, 0.6244, 0.8391, 0.6742, 0.9037, 0.8889, 0.7234, 0.6494]]
Support Sets: (Mean:0.7281033333333333, SD:0.14423489578087387) | 	Support Sets: (Mean:0.7418366666666667, SD:0.13863201720887675) | 	Support Sets: (Mean:0.7663333333333333, SD:0.1450273038106091) | 	
