Results: 	[[0.3418], [0.6283], [0.2927], [0.3143], [0.277], [0.4294]]	
Results: 	[[0.3418, 0.4017], [0.6283, 0.6283], [0.2927, 0.3216], [0.3143, 0.5279], [0.277, 0.3919], [0.4294, 0.4414]]	
Results: 	[[0.3418, 0.4017, 0.3987], [0.6283, 0.6283, 0.5586], [0.2927, 0.3216, 0.3279], [0.3143, 0.5279, 0.5775], [0.277, 0.3919, 0.3336], [0.4294, 0.4414, 0.5129]]	
Results: 	[[0.3418, 0.4017, 0.3987, 0.7265], [0.6283, 0.6283, 0.5586, 0.5487], [0.2927, 0.3216, 0.3279, 0.4382], [0.3143, 0.5279, 0.5775, 0.355], [0.277, 0.3919, 0.3336, 0.4782], [0.4294, 0.4414, 0.5129, 0.5296]]	
Results: 	[[0.3418, 0.4017, 0.3987, 0.7265, 0.6802], [0.6283, 0.6283, 0.5586, 0.5487, 0.4375], [0.2927, 0.3216, 0.3279, 0.4382, 0.3615], [0.3143, 0.5279, 0.5775, 0.355, 0.5106], [0.277, 0.3919, 0.3336, 0.4782, 0.2934], [0.4294, 0.4414, 0.5129, 0.5296, 0.5168]]	
Results: 	[[0.3418, 0.4017, 0.3987, 0.7265, 0.6802, 0.3979], [0.6283, 0.6283, 0.5586, 0.5487, 0.4375, 0.6018], [0.2927, 0.3216, 0.3279, 0.4382, 0.3615, 0.4754], [0.3143, 0.5279, 0.5775, 0.355, 0.5106, 0.3174], [0.277, 0.3919, 0.3336, 0.4782, 0.2934, 0.3813], [0.4294, 0.4414, 0.5129, 0.5296, 0.5168, 0.499]]	
Results: 	[[0.3418, 0.4017, 0.3987, 0.7265, 0.6802, 0.3979, 0.4925], [0.6283, 0.6283, 0.5586, 0.5487, 0.4375, 0.6018, 0.5357], [0.2927, 0.3216, 0.3279, 0.4382, 0.3615, 0.4754, 0.4673], [0.3143, 0.5279, 0.5775, 0.355, 0.5106, 0.3174, 0.3214], [0.277, 0.3919, 0.3336, 0.4782, 0.2934, 0.3813, 0.3212], [0.4294, 0.4414, 0.5129, 0.5296, 0.5168, 0.499, 0.4871]]	
Results: 	[[0.3418, 0.4017, 0.3987, 0.7265, 0.6802, 0.3979, 0.4925, 0.4051], [0.6283, 0.6283, 0.5586, 0.5487, 0.4375, 0.6018, 0.5357, 0.5804], [0.2927, 0.3216, 0.3279, 0.4382, 0.3615, 0.4754, 0.4673, 0.4871], [0.3143, 0.5279, 0.5775, 0.355, 0.5106, 0.3174, 0.3214, 0.3231], [0.277, 0.3919, 0.3336, 0.4782, 0.2934, 0.3813, 0.3212, 0.3061], [0.4294, 0.4414, 0.5129, 0.5296, 0.5168, 0.499, 0.4871, 0.4325]]	
Results: 	[[0.3418, 0.4017, 0.3987, 0.7265, 0.6802, 0.3979, 0.4925, 0.4051, 0.5494], [0.6283, 0.6283, 0.5586, 0.5487, 0.4375, 0.6018, 0.5357, 0.5804, 0.5179], [0.2927, 0.3216, 0.3279, 0.4382, 0.3615, 0.4754, 0.4673, 0.4871, 0.3528], [0.3143, 0.5279, 0.5775, 0.355, 0.5106, 0.3174, 0.3214, 0.3231, 0.3045], [0.277, 0.3919, 0.3336, 0.4782, 0.2934, 0.3813, 0.3212, 0.3061, 0.2257], [0.4294, 0.4414, 0.5129, 0.5296, 0.5168, 0.499, 0.4871, 0.4325, 0.3901]]	
Results: 	[[0.3418, 0.4017, 0.3987, 0.7265, 0.6802, 0.3979, 0.4925, 0.4051, 0.5494, 0.3576], [0.6283, 0.6283, 0.5586, 0.5487, 0.4375, 0.6018, 0.5357, 0.5804, 0.5179, 0.531], [0.2927, 0.3216, 0.3279, 0.4382, 0.3615, 0.4754, 0.4673, 0.4871, 0.3528, 0.5798], [0.3143, 0.5279, 0.5775, 0.355, 0.5106, 0.3174, 0.3214, 0.3231, 0.3045, 0.3475], [0.277, 0.3919, 0.3336, 0.4782, 0.2934, 0.3813, 0.3212, 0.3061, 0.2257, 0.2012], [0.4294, 0.4414, 0.5129, 0.5296, 0.5168, 0.499, 0.4871, 0.4325, 0.3901, 0.4861]]	
Results: 	[[0.3418, 0.4017, 0.3987, 0.7265, 0.6802, 0.3979, 0.4925, 0.4051, 0.5494, 0.3576, 0.3753], [0.6283, 0.6283, 0.5586, 0.5487, 0.4375, 0.6018, 0.5357, 0.5804, 0.5179, 0.531, 0.6018], [0.2927, 0.3216, 0.3279, 0.4382, 0.3615, 0.4754, 0.4673, 0.4871, 0.3528, 0.5798, 0.5771], [0.3143, 0.5279, 0.5775, 0.355, 0.5106, 0.3174, 0.3214, 0.3231, 0.3045, 0.3475, 0.4907], [0.277, 0.3919, 0.3336, 0.4782, 0.2934, 0.3813, 0.3212, 0.3061, 0.2257, 0.2012, 0.237], [0.4294, 0.4414, 0.5129, 0.5296, 0.5168, 0.499, 0.4871, 0.4325, 0.3901, 0.4861, 0.3829]]	
Results: 	[[0.3418, 0.4017, 0.3987, 0.7265, 0.6802, 0.3979, 0.4925, 0.4051, 0.5494, 0.3576, 0.3753, 0.3854], [0.6283, 0.6283, 0.5586, 0.5487, 0.4375, 0.6018, 0.5357, 0.5804, 0.5179, 0.531, 0.6018, 0.6607], [0.2927, 0.3216, 0.3279, 0.4382, 0.3615, 0.4754, 0.4673, 0.4871, 0.3528, 0.5798, 0.5771, 0.4229], [0.3143, 0.5279, 0.5775, 0.355, 0.5106, 0.3174, 0.3214, 0.3231, 0.3045, 0.3475, 0.4907, 0.3732], [0.277, 0.3919, 0.3336, 0.4782, 0.2934, 0.3813, 0.3212, 0.3061, 0.2257, 0.2012, 0.237, 0.4362], [0.4294, 0.4414, 0.5129, 0.5296, 0.5168, 0.499, 0.4871, 0.4325, 0.3901, 0.4861, 0.3829, 0.4274]]	
Results: 	[[0.3418, 0.4017, 0.3987, 0.7265, 0.6802, 0.3979, 0.4925, 0.4051, 0.5494, 0.3576, 0.3753, 0.3854, 0.2553], [0.6283, 0.6283, 0.5586, 0.5487, 0.4375, 0.6018, 0.5357, 0.5804, 0.5179, 0.531, 0.6018, 0.6607, 0.5818], [0.2927, 0.3216, 0.3279, 0.4382, 0.3615, 0.4754, 0.4673, 0.4871, 0.3528, 0.5798, 0.5771, 0.4229, 0.3255], [0.3143, 0.5279, 0.5775, 0.355, 0.5106, 0.3174, 0.3214, 0.3231, 0.3045, 0.3475, 0.4907, 0.3732, 0.3267], [0.277, 0.3919, 0.3336, 0.4782, 0.2934, 0.3813, 0.3212, 0.3061, 0.2257, 0.2012, 0.237, 0.4362, 0.4145], [0.4294, 0.4414, 0.5129, 0.5296, 0.5168, 0.499, 0.4871, 0.4325, 0.3901, 0.4861, 0.3829, 0.4274, 0.4178]]	
Results: 	[[0.3418, 0.4017, 0.3987, 0.7265, 0.6802, 0.3979, 0.4925, 0.4051, 0.5494, 0.3576, 0.3753, 0.3854, 0.2553, 0.4563], [0.6283, 0.6283, 0.5586, 0.5487, 0.4375, 0.6018, 0.5357, 0.5804, 0.5179, 0.531, 0.6018, 0.6607, 0.5818, 0.5446], [0.2927, 0.3216, 0.3279, 0.4382, 0.3615, 0.4754, 0.4673, 0.4871, 0.3528, 0.5798, 0.5771, 0.4229, 0.3255, 0.4299], [0.3143, 0.5279, 0.5775, 0.355, 0.5106, 0.3174, 0.3214, 0.3231, 0.3045, 0.3475, 0.4907, 0.3732, 0.3267, 0.2895], [0.277, 0.3919, 0.3336, 0.4782, 0.2934, 0.3813, 0.3212, 0.3061, 0.2257, 0.2012, 0.237, 0.4362, 0.4145, 0.3899], [0.4294, 0.4414, 0.5129, 0.5296, 0.5168, 0.499, 0.4871, 0.4325, 0.3901, 0.4861, 0.3829, 0.4274, 0.4178, 0.4079]]	
Results: 	[[0.3418, 0.4017, 0.3987, 0.7265, 0.6802, 0.3979, 0.4925, 0.4051, 0.5494, 0.3576, 0.3753, 0.3854, 0.2553, 0.4563, 0.3305], [0.6283, 0.6283, 0.5586, 0.5487, 0.4375, 0.6018, 0.5357, 0.5804, 0.5179, 0.531, 0.6018, 0.6607, 0.5818, 0.5446, 0.5804], [0.2927, 0.3216, 0.3279, 0.4382, 0.3615, 0.4754, 0.4673, 0.4871, 0.3528, 0.5798, 0.5771, 0.4229, 0.3255, 0.4299, 0.4789], [0.3143, 0.5279, 0.5775, 0.355, 0.5106, 0.3174, 0.3214, 0.3231, 0.3045, 0.3475, 0.4907, 0.3732, 0.3267, 0.2895, 0.4874], [0.277, 0.3919, 0.3336, 0.4782, 0.2934, 0.3813, 0.3212, 0.3061, 0.2257, 0.2012, 0.237, 0.4362, 0.4145, 0.3899, 0.2309], [0.4294, 0.4414, 0.5129, 0.5296, 0.5168, 0.499, 0.4871, 0.4325, 0.3901, 0.4861, 0.3829, 0.4274, 0.4178, 0.4079, 0.3953]]	
Results: 	[[0.3418, 0.4017, 0.3987, 0.7265, 0.6802, 0.3979, 0.4925, 0.4051, 0.5494, 0.3576, 0.3753, 0.3854, 0.2553, 0.4563, 0.3305, 0.5278], [0.6283, 0.6283, 0.5586, 0.5487, 0.4375, 0.6018, 0.5357, 0.5804, 0.5179, 0.531, 0.6018, 0.6607, 0.5818, 0.5446, 0.5804, 0.5982], [0.2927, 0.3216, 0.3279, 0.4382, 0.3615, 0.4754, 0.4673, 0.4871, 0.3528, 0.5798, 0.5771, 0.4229, 0.3255, 0.4299, 0.4789, 0.4249], [0.3143, 0.5279, 0.5775, 0.355, 0.5106, 0.3174, 0.3214, 0.3231, 0.3045, 0.3475, 0.4907, 0.3732, 0.3267, 0.2895, 0.4874, 0.2662], [0.277, 0.3919, 0.3336, 0.4782, 0.2934, 0.3813, 0.3212, 0.3061, 0.2257, 0.2012, 0.237, 0.4362, 0.4145, 0.3899, 0.2309, 0.3658], [0.4294, 0.4414, 0.5129, 0.5296, 0.5168, 0.499, 0.4871, 0.4325, 0.3901, 0.4861, 0.3829, 0.4274, 0.4178, 0.4079, 0.3953, 0.3904]]	
Results: 	[[0.3418, 0.4017, 0.3987, 0.7265, 0.6802, 0.3979, 0.4925, 0.4051, 0.5494, 0.3576, 0.3753, 0.3854, 0.2553, 0.4563, 0.3305, 0.5278, 0.3561], [0.6283, 0.6283, 0.5586, 0.5487, 0.4375, 0.6018, 0.5357, 0.5804, 0.5179, 0.531, 0.6018, 0.6607, 0.5818, 0.5446, 0.5804, 0.5982, 0.5893], [0.2927, 0.3216, 0.3279, 0.4382, 0.3615, 0.4754, 0.4673, 0.4871, 0.3528, 0.5798, 0.5771, 0.4229, 0.3255, 0.4299, 0.4789, 0.4249, 0.4359], [0.3143, 0.5279, 0.5775, 0.355, 0.5106, 0.3174, 0.3214, 0.3231, 0.3045, 0.3475, 0.4907, 0.3732, 0.3267, 0.2895, 0.4874, 0.2662, 0.3174], [0.277, 0.3919, 0.3336, 0.4782, 0.2934, 0.3813, 0.3212, 0.3061, 0.2257, 0.2012, 0.237, 0.4362, 0.4145, 0.3899, 0.2309, 0.3658, 0.3274], [0.4294, 0.4414, 0.5129, 0.5296, 0.5168, 0.499, 0.4871, 0.4325, 0.3901, 0.4861, 0.3829, 0.4274, 0.4178, 0.4079, 0.3953, 0.3904, 0.5734]]	
Results: 	[[0.3418, 0.4017, 0.3987, 0.7265, 0.6802, 0.3979, 0.4925, 0.4051, 0.5494, 0.3576, 0.3753, 0.3854, 0.2553, 0.4563, 0.3305, 0.5278, 0.3561, 0.4115], [0.6283, 0.6283, 0.5586, 0.5487, 0.4375, 0.6018, 0.5357, 0.5804, 0.5179, 0.531, 0.6018, 0.6607, 0.5818, 0.5446, 0.5804, 0.5982, 0.5893, 0.531], [0.2927, 0.3216, 0.3279, 0.4382, 0.3615, 0.4754, 0.4673, 0.4871, 0.3528, 0.5798, 0.5771, 0.4229, 0.3255, 0.4299, 0.4789, 0.4249, 0.4359, 0.3489], [0.3143, 0.5279, 0.5775, 0.355, 0.5106, 0.3174, 0.3214, 0.3231, 0.3045, 0.3475, 0.4907, 0.3732, 0.3267, 0.2895, 0.4874, 0.2662, 0.3174, 0.3589], [0.277, 0.3919, 0.3336, 0.4782, 0.2934, 0.3813, 0.3212, 0.3061, 0.2257, 0.2012, 0.237, 0.4362, 0.4145, 0.3899, 0.2309, 0.3658, 0.3274, 0.3486], [0.4294, 0.4414, 0.5129, 0.5296, 0.5168, 0.499, 0.4871, 0.4325, 0.3901, 0.4861, 0.3829, 0.4274, 0.4178, 0.4079, 0.3953, 0.3904, 0.5734, 0.5762]]	
Results: 	[[0.3418, 0.4017, 0.3987, 0.7265, 0.6802, 0.3979, 0.4925, 0.4051, 0.5494, 0.3576, 0.3753, 0.3854, 0.2553, 0.4563, 0.3305, 0.5278, 0.3561, 0.4115, 0.4371], [0.6283, 0.6283, 0.5586, 0.5487, 0.4375, 0.6018, 0.5357, 0.5804, 0.5179, 0.531, 0.6018, 0.6607, 0.5818, 0.5446, 0.5804, 0.5982, 0.5893, 0.531, 0.5357], [0.2927, 0.3216, 0.3279, 0.4382, 0.3615, 0.4754, 0.4673, 0.4871, 0.3528, 0.5798, 0.5771, 0.4229, 0.3255, 0.4299, 0.4789, 0.4249, 0.4359, 0.3489, 0.4042], [0.3143, 0.5279, 0.5775, 0.355, 0.5106, 0.3174, 0.3214, 0.3231, 0.3045, 0.3475, 0.4907, 0.3732, 0.3267, 0.2895, 0.4874, 0.2662, 0.3174, 0.3589, 0.3152], [0.277, 0.3919, 0.3336, 0.4782, 0.2934, 0.3813, 0.3212, 0.3061, 0.2257, 0.2012, 0.237, 0.4362, 0.4145, 0.3899, 0.2309, 0.3658, 0.3274, 0.3486, 0.2965], [0.4294, 0.4414, 0.5129, 0.5296, 0.5168, 0.499, 0.4871, 0.4325, 0.3901, 0.4861, 0.3829, 0.4274, 0.4178, 0.4079, 0.3953, 0.3904, 0.5734, 0.5762, 0.4431]]	
Results: 	[[0.3418, 0.4017, 0.3987, 0.7265, 0.6802, 0.3979, 0.4925, 0.4051, 0.5494, 0.3576, 0.3753, 0.3854, 0.2553, 0.4563, 0.3305, 0.5278, 0.3561, 0.4115, 0.4371, 0.3945], [0.6283, 0.6283, 0.5586, 0.5487, 0.4375, 0.6018, 0.5357, 0.5804, 0.5179, 0.531, 0.6018, 0.6607, 0.5818, 0.5446, 0.5804, 0.5982, 0.5893, 0.531, 0.5357, 0.4956], [0.2927, 0.3216, 0.3279, 0.4382, 0.3615, 0.4754, 0.4673, 0.4871, 0.3528, 0.5798, 0.5771, 0.4229, 0.3255, 0.4299, 0.4789, 0.4249, 0.4359, 0.3489, 0.4042, 0.4801], [0.3143, 0.5279, 0.5775, 0.355, 0.5106, 0.3174, 0.3214, 0.3231, 0.3045, 0.3475, 0.4907, 0.3732, 0.3267, 0.2895, 0.4874, 0.2662, 0.3174, 0.3589, 0.3152, 0.3289], [0.277, 0.3919, 0.3336, 0.4782, 0.2934, 0.3813, 0.3212, 0.3061, 0.2257, 0.2012, 0.237, 0.4362, 0.4145, 0.3899, 0.2309, 0.3658, 0.3274, 0.3486, 0.2965, 0.3201], [0.4294, 0.4414, 0.5129, 0.5296, 0.5168, 0.499, 0.4871, 0.4325, 0.3901, 0.4861, 0.3829, 0.4274, 0.4178, 0.4079, 0.3953, 0.3904, 0.5734, 0.5762, 0.4431, 0.4095]]	
Results: 	[[0.3418, 0.4017, 0.3987, 0.7265, 0.6802, 0.3979, 0.4925, 0.4051, 0.5494, 0.3576, 0.3753, 0.3854, 0.2553, 0.4563, 0.3305, 0.5278, 0.3561, 0.4115, 0.4371, 0.3945, 0.4204], [0.6283, 0.6283, 0.5586, 0.5487, 0.4375, 0.6018, 0.5357, 0.5804, 0.5179, 0.531, 0.6018, 0.6607, 0.5818, 0.5446, 0.5804, 0.5982, 0.5893, 0.531, 0.5357, 0.4956, 0.6161], [0.2927, 0.3216, 0.3279, 0.4382, 0.3615, 0.4754, 0.4673, 0.4871, 0.3528, 0.5798, 0.5771, 0.4229, 0.3255, 0.4299, 0.4789, 0.4249, 0.4359, 0.3489, 0.4042, 0.4801, 0.6276], [0.3143, 0.5279, 0.5775, 0.355, 0.5106, 0.3174, 0.3214, 0.3231, 0.3045, 0.3475, 0.4907, 0.3732, 0.3267, 0.2895, 0.4874, 0.2662, 0.3174, 0.3589, 0.3152, 0.3289, 0.3329], [0.277, 0.3919, 0.3336, 0.4782, 0.2934, 0.3813, 0.3212, 0.3061, 0.2257, 0.2012, 0.237, 0.4362, 0.4145, 0.3899, 0.2309, 0.3658, 0.3274, 0.3486, 0.2965, 0.3201, 0.2185], [0.4294, 0.4414, 0.5129, 0.5296, 0.5168, 0.499, 0.4871, 0.4325, 0.3901, 0.4861, 0.3829, 0.4274, 0.4178, 0.4079, 0.3953, 0.3904, 0.5734, 0.5762, 0.4431, 0.4095, 0.3869]]	
Results: 	[[0.3418, 0.4017, 0.3987, 0.7265, 0.6802, 0.3979, 0.4925, 0.4051, 0.5494, 0.3576, 0.3753, 0.3854, 0.2553, 0.4563, 0.3305, 0.5278, 0.3561, 0.4115, 0.4371, 0.3945, 0.4204, 0.4213], [0.6283, 0.6283, 0.5586, 0.5487, 0.4375, 0.6018, 0.5357, 0.5804, 0.5179, 0.531, 0.6018, 0.6607, 0.5818, 0.5446, 0.5804, 0.5982, 0.5893, 0.531, 0.5357, 0.4956, 0.6161, 0.6195], [0.2927, 0.3216, 0.3279, 0.4382, 0.3615, 0.4754, 0.4673, 0.4871, 0.3528, 0.5798, 0.5771, 0.4229, 0.3255, 0.4299, 0.4789, 0.4249, 0.4359, 0.3489, 0.4042, 0.4801, 0.6276, 0.5117], [0.3143, 0.5279, 0.5775, 0.355, 0.5106, 0.3174, 0.3214, 0.3231, 0.3045, 0.3475, 0.4907, 0.3732, 0.3267, 0.2895, 0.4874, 0.2662, 0.3174, 0.3589, 0.3152, 0.3289, 0.3329, 0.3585], [0.277, 0.3919, 0.3336, 0.4782, 0.2934, 0.3813, 0.3212, 0.3061, 0.2257, 0.2012, 0.237, 0.4362, 0.4145, 0.3899, 0.2309, 0.3658, 0.3274, 0.3486, 0.2965, 0.3201, 0.2185, 0.5322], [0.4294, 0.4414, 0.5129, 0.5296, 0.5168, 0.499, 0.4871, 0.4325, 0.3901, 0.4861, 0.3829, 0.4274, 0.4178, 0.4079, 0.3953, 0.3904, 0.5734, 0.5762, 0.4431, 0.4095, 0.3869, 0.3725]]	
Results: 	[[0.3418, 0.4017, 0.3987, 0.7265, 0.6802, 0.3979, 0.4925, 0.4051, 0.5494, 0.3576, 0.3753, 0.3854, 0.2553, 0.4563, 0.3305, 0.5278, 0.3561, 0.4115, 0.4371, 0.3945, 0.4204, 0.4213, 0.3333], [0.6283, 0.6283, 0.5586, 0.5487, 0.4375, 0.6018, 0.5357, 0.5804, 0.5179, 0.531, 0.6018, 0.6607, 0.5818, 0.5446, 0.5804, 0.5982, 0.5893, 0.531, 0.5357, 0.4956, 0.6161, 0.6195, 0.5856], [0.2927, 0.3216, 0.3279, 0.4382, 0.3615, 0.4754, 0.4673, 0.4871, 0.3528, 0.5798, 0.5771, 0.4229, 0.3255, 0.4299, 0.4789, 0.4249, 0.4359, 0.3489, 0.4042, 0.4801, 0.6276, 0.5117, 0.5491], [0.3143, 0.5279, 0.5775, 0.355, 0.5106, 0.3174, 0.3214, 0.3231, 0.3045, 0.3475, 0.4907, 0.3732, 0.3267, 0.2895, 0.4874, 0.2662, 0.3174, 0.3589, 0.3152, 0.3289, 0.3329, 0.3585, 0.417], [0.277, 0.3919, 0.3336, 0.4782, 0.2934, 0.3813, 0.3212, 0.3061, 0.2257, 0.2012, 0.237, 0.4362, 0.4145, 0.3899, 0.2309, 0.3658, 0.3274, 0.3486, 0.2965, 0.3201, 0.2185, 0.5322, 0.2603], [0.4294, 0.4414, 0.5129, 0.5296, 0.5168, 0.499, 0.4871, 0.4325, 0.3901, 0.4861, 0.3829, 0.4274, 0.4178, 0.4079, 0.3953, 0.3904, 0.5734, 0.5762, 0.4431, 0.4095, 0.3869, 0.3725, 0.4442]]	
Results: 	[[0.3418, 0.4017, 0.3987, 0.7265, 0.6802, 0.3979, 0.4925, 0.4051, 0.5494, 0.3576, 0.3753, 0.3854, 0.2553, 0.4563, 0.3305, 0.5278, 0.3561, 0.4115, 0.4371, 0.3945, 0.4204, 0.4213, 0.3333, 0.4809], [0.6283, 0.6283, 0.5586, 0.5487, 0.4375, 0.6018, 0.5357, 0.5804, 0.5179, 0.531, 0.6018, 0.6607, 0.5818, 0.5446, 0.5804, 0.5982, 0.5893, 0.531, 0.5357, 0.4956, 0.6161, 0.6195, 0.5856, 0.6372], [0.2927, 0.3216, 0.3279, 0.4382, 0.3615, 0.4754, 0.4673, 0.4871, 0.3528, 0.5798, 0.5771, 0.4229, 0.3255, 0.4299, 0.4789, 0.4249, 0.4359, 0.3489, 0.4042, 0.4801, 0.6276, 0.5117, 0.5491, 0.3621], [0.3143, 0.5279, 0.5775, 0.355, 0.5106, 0.3174, 0.3214, 0.3231, 0.3045, 0.3475, 0.4907, 0.3732, 0.3267, 0.2895, 0.4874, 0.2662, 0.3174, 0.3589, 0.3152, 0.3289, 0.3329, 0.3585, 0.417, 0.6468], [0.277, 0.3919, 0.3336, 0.4782, 0.2934, 0.3813, 0.3212, 0.3061, 0.2257, 0.2012, 0.237, 0.4362, 0.4145, 0.3899, 0.2309, 0.3658, 0.3274, 0.3486, 0.2965, 0.3201, 0.2185, 0.5322, 0.2603, 0.3639], [0.4294, 0.4414, 0.5129, 0.5296, 0.5168, 0.499, 0.4871, 0.4325, 0.3901, 0.4861, 0.3829, 0.4274, 0.4178, 0.4079, 0.3953, 0.3904, 0.5734, 0.5762, 0.4431, 0.4095, 0.3869, 0.3725, 0.4442, 0.6706]]	
Results: 	[[0.3418, 0.4017, 0.3987, 0.7265, 0.6802, 0.3979, 0.4925, 0.4051, 0.5494, 0.3576, 0.3753, 0.3854, 0.2553, 0.4563, 0.3305, 0.5278, 0.3561, 0.4115, 0.4371, 0.3945, 0.4204, 0.4213, 0.3333, 0.4809, 0.4518], [0.6283, 0.6283, 0.5586, 0.5487, 0.4375, 0.6018, 0.5357, 0.5804, 0.5179, 0.531, 0.6018, 0.6607, 0.5818, 0.5446, 0.5804, 0.5982, 0.5893, 0.531, 0.5357, 0.4956, 0.6161, 0.6195, 0.5856, 0.6372, 0.5893], [0.2927, 0.3216, 0.3279, 0.4382, 0.3615, 0.4754, 0.4673, 0.4871, 0.3528, 0.5798, 0.5771, 0.4229, 0.3255, 0.4299, 0.4789, 0.4249, 0.4359, 0.3489, 0.4042, 0.4801, 0.6276, 0.5117, 0.5491, 0.3621, 0.486], [0.3143, 0.5279, 0.5775, 0.355, 0.5106, 0.3174, 0.3214, 0.3231, 0.3045, 0.3475, 0.4907, 0.3732, 0.3267, 0.2895, 0.4874, 0.2662, 0.3174, 0.3589, 0.3152, 0.3289, 0.3329, 0.3585, 0.417, 0.6468, 0.5589], [0.277, 0.3919, 0.3336, 0.4782, 0.2934, 0.3813, 0.3212, 0.3061, 0.2257, 0.2012, 0.237, 0.4362, 0.4145, 0.3899, 0.2309, 0.3658, 0.3274, 0.3486, 0.2965, 0.3201, 0.2185, 0.5322, 0.2603, 0.3639, 0.242], [0.4294, 0.4414, 0.5129, 0.5296, 0.5168, 0.499, 0.4871, 0.4325, 0.3901, 0.4861, 0.3829, 0.4274, 0.4178, 0.4079, 0.3953, 0.3904, 0.5734, 0.5762, 0.4431, 0.4095, 0.3869, 0.3725, 0.4442, 0.6706, 0.4643]]	
Results: 	[[0.3418, 0.4017, 0.3987, 0.7265, 0.6802, 0.3979, 0.4925, 0.4051, 0.5494, 0.3576, 0.3753, 0.3854, 0.2553, 0.4563, 0.3305, 0.5278, 0.3561, 0.4115, 0.4371, 0.3945, 0.4204, 0.4213, 0.3333, 0.4809, 0.4518, 0.3596], [0.6283, 0.6283, 0.5586, 0.5487, 0.4375, 0.6018, 0.5357, 0.5804, 0.5179, 0.531, 0.6018, 0.6607, 0.5818, 0.5446, 0.5804, 0.5982, 0.5893, 0.531, 0.5357, 0.4956, 0.6161, 0.6195, 0.5856, 0.6372, 0.5893, 0.6195], [0.2927, 0.3216, 0.3279, 0.4382, 0.3615, 0.4754, 0.4673, 0.4871, 0.3528, 0.5798, 0.5771, 0.4229, 0.3255, 0.4299, 0.4789, 0.4249, 0.4359, 0.3489, 0.4042, 0.4801, 0.6276, 0.5117, 0.5491, 0.3621, 0.486, 0.3788], [0.3143, 0.5279, 0.5775, 0.355, 0.5106, 0.3174, 0.3214, 0.3231, 0.3045, 0.3475, 0.4907, 0.3732, 0.3267, 0.2895, 0.4874, 0.2662, 0.3174, 0.3589, 0.3152, 0.3289, 0.3329, 0.3585, 0.417, 0.6468, 0.5589, 0.3907], [0.277, 0.3919, 0.3336, 0.4782, 0.2934, 0.3813, 0.3212, 0.3061, 0.2257, 0.2012, 0.237, 0.4362, 0.4145, 0.3899, 0.2309, 0.3658, 0.3274, 0.3486, 0.2965, 0.3201, 0.2185, 0.5322, 0.2603, 0.3639, 0.242, 0.2356], [0.4294, 0.4414, 0.5129, 0.5296, 0.5168, 0.499, 0.4871, 0.4325, 0.3901, 0.4861, 0.3829, 0.4274, 0.4178, 0.4079, 0.3953, 0.3904, 0.5734, 0.5762, 0.4431, 0.4095, 0.3869, 0.3725, 0.4442, 0.6706, 0.4643, 0.3611]]	
Results: 	[[0.3418, 0.4017, 0.3987, 0.7265, 0.6802, 0.3979, 0.4925, 0.4051, 0.5494, 0.3576, 0.3753, 0.3854, 0.2553, 0.4563, 0.3305, 0.5278, 0.3561, 0.4115, 0.4371, 0.3945, 0.4204, 0.4213, 0.3333, 0.4809, 0.4518, 0.3596, 0.3547], [0.6283, 0.6283, 0.5586, 0.5487, 0.4375, 0.6018, 0.5357, 0.5804, 0.5179, 0.531, 0.6018, 0.6607, 0.5818, 0.5446, 0.5804, 0.5982, 0.5893, 0.531, 0.5357, 0.4956, 0.6161, 0.6195, 0.5856, 0.6372, 0.5893, 0.6195, 0.5982], [0.2927, 0.3216, 0.3279, 0.4382, 0.3615, 0.4754, 0.4673, 0.4871, 0.3528, 0.5798, 0.5771, 0.4229, 0.3255, 0.4299, 0.4789, 0.4249, 0.4359, 0.3489, 0.4042, 0.4801, 0.6276, 0.5117, 0.5491, 0.3621, 0.486, 0.3788, 0.3653], [0.3143, 0.5279, 0.5775, 0.355, 0.5106, 0.3174, 0.3214, 0.3231, 0.3045, 0.3475, 0.4907, 0.3732, 0.3267, 0.2895, 0.4874, 0.2662, 0.3174, 0.3589, 0.3152, 0.3289, 0.3329, 0.3585, 0.417, 0.6468, 0.5589, 0.3907, 0.4072], [0.277, 0.3919, 0.3336, 0.4782, 0.2934, 0.3813, 0.3212, 0.3061, 0.2257, 0.2012, 0.237, 0.4362, 0.4145, 0.3899, 0.2309, 0.3658, 0.3274, 0.3486, 0.2965, 0.3201, 0.2185, 0.5322, 0.2603, 0.3639, 0.242, 0.2356, 0.3821], [0.4294, 0.4414, 0.5129, 0.5296, 0.5168, 0.499, 0.4871, 0.4325, 0.3901, 0.4861, 0.3829, 0.4274, 0.4178, 0.4079, 0.3953, 0.3904, 0.5734, 0.5762, 0.4431, 0.4095, 0.3869, 0.3725, 0.4442, 0.6706, 0.4643, 0.3611, 0.4334]]	
Results: 	[[0.3418, 0.4017, 0.3987, 0.7265, 0.6802, 0.3979, 0.4925, 0.4051, 0.5494, 0.3576, 0.3753, 0.3854, 0.2553, 0.4563, 0.3305, 0.5278, 0.3561, 0.4115, 0.4371, 0.3945, 0.4204, 0.4213, 0.3333, 0.4809, 0.4518, 0.3596, 0.3547, 0.482], [0.6283, 0.6283, 0.5586, 0.5487, 0.4375, 0.6018, 0.5357, 0.5804, 0.5179, 0.531, 0.6018, 0.6607, 0.5818, 0.5446, 0.5804, 0.5982, 0.5893, 0.531, 0.5357, 0.4956, 0.6161, 0.6195, 0.5856, 0.6372, 0.5893, 0.6195, 0.5982, 0.5714], [0.2927, 0.3216, 0.3279, 0.4382, 0.3615, 0.4754, 0.4673, 0.4871, 0.3528, 0.5798, 0.5771, 0.4229, 0.3255, 0.4299, 0.4789, 0.4249, 0.4359, 0.3489, 0.4042, 0.4801, 0.6276, 0.5117, 0.5491, 0.3621, 0.486, 0.3788, 0.3653, 0.3949], [0.3143, 0.5279, 0.5775, 0.355, 0.5106, 0.3174, 0.3214, 0.3231, 0.3045, 0.3475, 0.4907, 0.3732, 0.3267, 0.2895, 0.4874, 0.2662, 0.3174, 0.3589, 0.3152, 0.3289, 0.3329, 0.3585, 0.417, 0.6468, 0.5589, 0.3907, 0.4072, 0.3448], [0.277, 0.3919, 0.3336, 0.4782, 0.2934, 0.3813, 0.3212, 0.3061, 0.2257, 0.2012, 0.237, 0.4362, 0.4145, 0.3899, 0.2309, 0.3658, 0.3274, 0.3486, 0.2965, 0.3201, 0.2185, 0.5322, 0.2603, 0.3639, 0.242, 0.2356, 0.3821, 0.2947], [0.4294, 0.4414, 0.5129, 0.5296, 0.5168, 0.499, 0.4871, 0.4325, 0.3901, 0.4861, 0.3829, 0.4274, 0.4178, 0.4079, 0.3953, 0.3904, 0.5734, 0.5762, 0.4431, 0.4095, 0.3869, 0.3725, 0.4442, 0.6706, 0.4643, 0.3611, 0.4334, 0.4195]]	
Results: 	[[0.3418, 0.4017, 0.3987, 0.7265, 0.6802, 0.3979, 0.4925, 0.4051, 0.5494, 0.3576, 0.3753, 0.3854, 0.2553, 0.4563, 0.3305, 0.5278, 0.3561, 0.4115, 0.4371, 0.3945, 0.4204, 0.4213, 0.3333, 0.4809, 0.4518, 0.3596, 0.3547, 0.482, 0.3475], [0.6283, 0.6283, 0.5586, 0.5487, 0.4375, 0.6018, 0.5357, 0.5804, 0.5179, 0.531, 0.6018, 0.6607, 0.5818, 0.5446, 0.5804, 0.5982, 0.5893, 0.531, 0.5357, 0.4956, 0.6161, 0.6195, 0.5856, 0.6372, 0.5893, 0.6195, 0.5982, 0.5714, 0.5625], [0.2927, 0.3216, 0.3279, 0.4382, 0.3615, 0.4754, 0.4673, 0.4871, 0.3528, 0.5798, 0.5771, 0.4229, 0.3255, 0.4299, 0.4789, 0.4249, 0.4359, 0.3489, 0.4042, 0.4801, 0.6276, 0.5117, 0.5491, 0.3621, 0.486, 0.3788, 0.3653, 0.3949, 0.4136], [0.3143, 0.5279, 0.5775, 0.355, 0.5106, 0.3174, 0.3214, 0.3231, 0.3045, 0.3475, 0.4907, 0.3732, 0.3267, 0.2895, 0.4874, 0.2662, 0.3174, 0.3589, 0.3152, 0.3289, 0.3329, 0.3585, 0.417, 0.6468, 0.5589, 0.3907, 0.4072, 0.3448, 0.3873], [0.277, 0.3919, 0.3336, 0.4782, 0.2934, 0.3813, 0.3212, 0.3061, 0.2257, 0.2012, 0.237, 0.4362, 0.4145, 0.3899, 0.2309, 0.3658, 0.3274, 0.3486, 0.2965, 0.3201, 0.2185, 0.5322, 0.2603, 0.3639, 0.242, 0.2356, 0.3821, 0.2947, 0.2311], [0.4294, 0.4414, 0.5129, 0.5296, 0.5168, 0.499, 0.4871, 0.4325, 0.3901, 0.4861, 0.3829, 0.4274, 0.4178, 0.4079, 0.3953, 0.3904, 0.5734, 0.5762, 0.4431, 0.4095, 0.3869, 0.3725, 0.4442, 0.6706, 0.4643, 0.3611, 0.4334, 0.4195, 0.6779]]	
Results: 	[[0.3418, 0.4017, 0.3987, 0.7265, 0.6802, 0.3979, 0.4925, 0.4051, 0.5494, 0.3576, 0.3753, 0.3854, 0.2553, 0.4563, 0.3305, 0.5278, 0.3561, 0.4115, 0.4371, 0.3945, 0.4204, 0.4213, 0.3333, 0.4809, 0.4518, 0.3596, 0.3547, 0.482, 0.3475, 0.4647], [0.6283, 0.6283, 0.5586, 0.5487, 0.4375, 0.6018, 0.5357, 0.5804, 0.5179, 0.531, 0.6018, 0.6607, 0.5818, 0.5446, 0.5804, 0.5982, 0.5893, 0.531, 0.5357, 0.4956, 0.6161, 0.6195, 0.5856, 0.6372, 0.5893, 0.6195, 0.5982, 0.5714, 0.5625, 0.5893], [0.2927, 0.3216, 0.3279, 0.4382, 0.3615, 0.4754, 0.4673, 0.4871, 0.3528, 0.5798, 0.5771, 0.4229, 0.3255, 0.4299, 0.4789, 0.4249, 0.4359, 0.3489, 0.4042, 0.4801, 0.6276, 0.5117, 0.5491, 0.3621, 0.486, 0.3788, 0.3653, 0.3949, 0.4136, 0.4379], [0.3143, 0.5279, 0.5775, 0.355, 0.5106, 0.3174, 0.3214, 0.3231, 0.3045, 0.3475, 0.4907, 0.3732, 0.3267, 0.2895, 0.4874, 0.2662, 0.3174, 0.3589, 0.3152, 0.3289, 0.3329, 0.3585, 0.417, 0.6468, 0.5589, 0.3907, 0.4072, 0.3448, 0.3873, 0.4231], [0.277, 0.3919, 0.3336, 0.4782, 0.2934, 0.3813, 0.3212, 0.3061, 0.2257, 0.2012, 0.237, 0.4362, 0.4145, 0.3899, 0.2309, 0.3658, 0.3274, 0.3486, 0.2965, 0.3201, 0.2185, 0.5322, 0.2603, 0.3639, 0.242, 0.2356, 0.3821, 0.2947, 0.2311, 0.3977], [0.4294, 0.4414, 0.5129, 0.5296, 0.5168, 0.499, 0.4871, 0.4325, 0.3901, 0.4861, 0.3829, 0.4274, 0.4178, 0.4079, 0.3953, 0.3904, 0.5734, 0.5762, 0.4431, 0.4095, 0.3869, 0.3725, 0.4442, 0.6706, 0.4643, 0.3611, 0.4334, 0.4195, 0.6779, 0.4831]]
Support Sets: (Mean:0.42658, SD:0.09851896859191023) | 	Support Sets: (Mean:0.5758633333333333, SD:0.046739125479353084) | 	Support Sets: (Mean:0.4319866666666667, SD:0.08338048119121261) | 	Support Sets: (Mean:0.3906833333333333, SD:0.09595868393735142) | 	Support Sets: (Mean:0.32448666666666665, SD:0.08250989797816875) | 	Support Sets: (Mean:0.4620766666666667, SD:0.08053582489770637) | 	
