Results: 	[[0.536], [0.6581], [0.6343], [0.5283], [0.3439], [0.5363]]	
Results: 	[[0.536, 0.5759], [0.6581, 0.7034], [0.6343, 0.4537], [0.5283, 0.4829], [0.3439, 0.3031], [0.5363, 0.6299]]	
Results: 	[[0.536, 0.5759, 0.5053], [0.6581, 0.7034, 0.7119], [0.6343, 0.4537, 0.6181], [0.5283, 0.4829, 0.4743], [0.3439, 0.3031, 0.3597], [0.5363, 0.6299, 0.5894]]	
Results: 	[[0.536, 0.5759, 0.5053, 0.4873], [0.6581, 0.7034, 0.7119, 0.6207], [0.6343, 0.4537, 0.6181, 0.553], [0.5283, 0.4829, 0.4743, 0.4474], [0.3439, 0.3031, 0.3597, 0.3682], [0.5363, 0.6299, 0.5894, 0.6351]]	
Results: 	[[0.536, 0.5759, 0.5053, 0.4873, 0.4013], [0.6581, 0.7034, 0.7119, 0.6207, 0.6441], [0.6343, 0.4537, 0.6181, 0.553, 0.6334], [0.5283, 0.4829, 0.4743, 0.4474, 0.4139], [0.3439, 0.3031, 0.3597, 0.3682, 0.3295], [0.5363, 0.6299, 0.5894, 0.6351, 0.4833]]	
Results: 	[[0.536, 0.5759, 0.5053, 0.4873, 0.4013, 0.4779], [0.6581, 0.7034, 0.7119, 0.6207, 0.6441, 0.6923], [0.6343, 0.4537, 0.6181, 0.553, 0.6334, 0.4988], [0.5283, 0.4829, 0.4743, 0.4474, 0.4139, 0.498], [0.3439, 0.3031, 0.3597, 0.3682, 0.3295, 0.338], [0.5363, 0.6299, 0.5894, 0.6351, 0.4833, 0.4697]]	
Results: 	[[0.536, 0.5759, 0.5053, 0.4873, 0.4013, 0.4779, 0.462], [0.6581, 0.7034, 0.7119, 0.6207, 0.6441, 0.6923, 0.7119], [0.6343, 0.4537, 0.6181, 0.553, 0.6334, 0.4988, 0.4362], [0.5283, 0.4829, 0.4743, 0.4474, 0.4139, 0.498, 0.3824], [0.3439, 0.3031, 0.3597, 0.3682, 0.3295, 0.338, 0.3277], [0.5363, 0.6299, 0.5894, 0.6351, 0.4833, 0.4697, 0.5246]]	
Results: 	[[0.536, 0.5759, 0.5053, 0.4873, 0.4013, 0.4779, 0.462, 0.5275], [0.6581, 0.7034, 0.7119, 0.6207, 0.6441, 0.6923, 0.7119, 0.6864], [0.6343, 0.4537, 0.6181, 0.553, 0.6334, 0.4988, 0.4362, 0.5372], [0.5283, 0.4829, 0.4743, 0.4474, 0.4139, 0.498, 0.3824, 0.4367], [0.3439, 0.3031, 0.3597, 0.3682, 0.3295, 0.338, 0.3277, 0.2827], [0.5363, 0.6299, 0.5894, 0.6351, 0.4833, 0.4697, 0.5246, 0.5157]]	
Results: 	[[0.536, 0.5759, 0.5053, 0.4873, 0.4013, 0.4779, 0.462, 0.5275, 0.5222], [0.6581, 0.7034, 0.7119, 0.6207, 0.6441, 0.6923, 0.7119, 0.6864, 0.6752], [0.6343, 0.4537, 0.6181, 0.553, 0.6334, 0.4988, 0.4362, 0.5372, 0.5], [0.5283, 0.4829, 0.4743, 0.4474, 0.4139, 0.498, 0.3824, 0.4367, 0.5263], [0.3439, 0.3031, 0.3597, 0.3682, 0.3295, 0.338, 0.3277, 0.2827, 0.3574], [0.5363, 0.6299, 0.5894, 0.6351, 0.4833, 0.4697, 0.5246, 0.5157, 0.5344]]	
Results: 	[[0.536, 0.5759, 0.5053, 0.4873, 0.4013, 0.4779, 0.462, 0.5275, 0.5222, 0.44], [0.6581, 0.7034, 0.7119, 0.6207, 0.6441, 0.6923, 0.7119, 0.6864, 0.6752, 0.6325], [0.6343, 0.4537, 0.6181, 0.553, 0.6334, 0.4988, 0.4362, 0.5372, 0.5, 0.4537], [0.5283, 0.4829, 0.4743, 0.4474, 0.4139, 0.498, 0.3824, 0.4367, 0.5263, 0.4731], [0.3439, 0.3031, 0.3597, 0.3682, 0.3295, 0.338, 0.3277, 0.2827, 0.3574, 0.2471], [0.5363, 0.6299, 0.5894, 0.6351, 0.4833, 0.4697, 0.5246, 0.5157, 0.5344, 0.4193]]	
Results: 	[[0.536, 0.5759, 0.5053, 0.4873, 0.4013, 0.4779, 0.462, 0.5275, 0.5222, 0.44, 0.5466], [0.6581, 0.7034, 0.7119, 0.6207, 0.6441, 0.6923, 0.7119, 0.6864, 0.6752, 0.6325, 0.678], [0.6343, 0.4537, 0.6181, 0.553, 0.6334, 0.4988, 0.4362, 0.5372, 0.5, 0.4537, 0.4236], [0.5283, 0.4829, 0.4743, 0.4474, 0.4139, 0.498, 0.3824, 0.4367, 0.5263, 0.4731, 0.3663], [0.3439, 0.3031, 0.3597, 0.3682, 0.3295, 0.338, 0.3277, 0.2827, 0.3574, 0.2471, 0.4733], [0.5363, 0.6299, 0.5894, 0.6351, 0.4833, 0.4697, 0.5246, 0.5157, 0.5344, 0.4193, 0.5374]]	
Results: 	[[0.536, 0.5759, 0.5053, 0.4873, 0.4013, 0.4779, 0.462, 0.5275, 0.5222, 0.44, 0.5466, 0.4334], [0.6581, 0.7034, 0.7119, 0.6207, 0.6441, 0.6923, 0.7119, 0.6864, 0.6752, 0.6325, 0.678, 0.6667], [0.6343, 0.4537, 0.6181, 0.553, 0.6334, 0.4988, 0.4362, 0.5372, 0.5, 0.4537, 0.4236, 0.536], [0.5283, 0.4829, 0.4743, 0.4474, 0.4139, 0.498, 0.3824, 0.4367, 0.5263, 0.4731, 0.3663, 0.4177], [0.3439, 0.3031, 0.3597, 0.3682, 0.3295, 0.338, 0.3277, 0.2827, 0.3574, 0.2471, 0.4733, 0.3186], [0.5363, 0.6299, 0.5894, 0.6351, 0.4833, 0.4697, 0.5246, 0.5157, 0.5344, 0.4193, 0.5374, 0.5965]]	
Results: 	[[0.536, 0.5759, 0.5053, 0.4873, 0.4013, 0.4779, 0.462, 0.5275, 0.5222, 0.44, 0.5466, 0.4334, 0.5506], [0.6581, 0.7034, 0.7119, 0.6207, 0.6441, 0.6923, 0.7119, 0.6864, 0.6752, 0.6325, 0.678, 0.6667, 0.6466], [0.6343, 0.4537, 0.6181, 0.553, 0.6334, 0.4988, 0.4362, 0.5372, 0.5, 0.4537, 0.4236, 0.536, 0.5625], [0.5283, 0.4829, 0.4743, 0.4474, 0.4139, 0.498, 0.3824, 0.4367, 0.5263, 0.4731, 0.3663, 0.4177, 0.3636], [0.3439, 0.3031, 0.3597, 0.3682, 0.3295, 0.338, 0.3277, 0.2827, 0.3574, 0.2471, 0.4733, 0.3186, 0.4167], [0.5363, 0.6299, 0.5894, 0.6351, 0.4833, 0.4697, 0.5246, 0.5157, 0.5344, 0.4193, 0.5374, 0.5965, 0.5]]	
Results: 	[[0.536, 0.5759, 0.5053, 0.4873, 0.4013, 0.4779, 0.462, 0.5275, 0.5222, 0.44, 0.5466, 0.4334, 0.5506, 0.5297], [0.6581, 0.7034, 0.7119, 0.6207, 0.6441, 0.6923, 0.7119, 0.6864, 0.6752, 0.6325, 0.678, 0.6667, 0.6466, 0.5897], [0.6343, 0.4537, 0.6181, 0.553, 0.6334, 0.4988, 0.4362, 0.5372, 0.5, 0.4537, 0.4236, 0.536, 0.5625, 0.6079], [0.5283, 0.4829, 0.4743, 0.4474, 0.4139, 0.498, 0.3824, 0.4367, 0.5263, 0.4731, 0.3663, 0.4177, 0.3636, 0.4828], [0.3439, 0.3031, 0.3597, 0.3682, 0.3295, 0.338, 0.3277, 0.2827, 0.3574, 0.2471, 0.4733, 0.3186, 0.4167, 0.2946], [0.5363, 0.6299, 0.5894, 0.6351, 0.4833, 0.4697, 0.5246, 0.5157, 0.5344, 0.4193, 0.5374, 0.5965, 0.5, 0.6075]]	
Results: 	[[0.536, 0.5759, 0.5053, 0.4873, 0.4013, 0.4779, 0.462, 0.5275, 0.5222, 0.44, 0.5466, 0.4334, 0.5506, 0.5297, 0.4653], [0.6581, 0.7034, 0.7119, 0.6207, 0.6441, 0.6923, 0.7119, 0.6864, 0.6752, 0.6325, 0.678, 0.6667, 0.6466, 0.5897, 0.7586], [0.6343, 0.4537, 0.6181, 0.553, 0.6334, 0.4988, 0.4362, 0.5372, 0.5, 0.4537, 0.4236, 0.536, 0.5625, 0.6079, 0.4408], [0.5283, 0.4829, 0.4743, 0.4474, 0.4139, 0.498, 0.3824, 0.4367, 0.5263, 0.4731, 0.3663, 0.4177, 0.3636, 0.4828, 0.4239], [0.3439, 0.3031, 0.3597, 0.3682, 0.3295, 0.338, 0.3277, 0.2827, 0.3574, 0.2471, 0.4733, 0.3186, 0.4167, 0.2946, 0.514], [0.5363, 0.6299, 0.5894, 0.6351, 0.4833, 0.4697, 0.5246, 0.5157, 0.5344, 0.4193, 0.5374, 0.5965, 0.5, 0.6075, 0.5647]]	
Results: 	[[0.536, 0.5759, 0.5053, 0.4873, 0.4013, 0.4779, 0.462, 0.5275, 0.5222, 0.44, 0.5466, 0.4334, 0.5506, 0.5297, 0.4653, 0.5485], [0.6581, 0.7034, 0.7119, 0.6207, 0.6441, 0.6923, 0.7119, 0.6864, 0.6752, 0.6325, 0.678, 0.6667, 0.6466, 0.5897, 0.7586, 0.7094], [0.6343, 0.4537, 0.6181, 0.553, 0.6334, 0.4988, 0.4362, 0.5372, 0.5, 0.4537, 0.4236, 0.536, 0.5625, 0.6079, 0.4408, 0.5093], [0.5283, 0.4829, 0.4743, 0.4474, 0.4139, 0.498, 0.3824, 0.4367, 0.5263, 0.4731, 0.3663, 0.4177, 0.3636, 0.4828, 0.4239, 0.4244], [0.3439, 0.3031, 0.3597, 0.3682, 0.3295, 0.338, 0.3277, 0.2827, 0.3574, 0.2471, 0.4733, 0.3186, 0.4167, 0.2946, 0.514, 0.4558], [0.5363, 0.6299, 0.5894, 0.6351, 0.4833, 0.4697, 0.5246, 0.5157, 0.5344, 0.4193, 0.5374, 0.5965, 0.5, 0.6075, 0.5647, 0.5275]]	
Results: 	[[0.536, 0.5759, 0.5053, 0.4873, 0.4013, 0.4779, 0.462, 0.5275, 0.5222, 0.44, 0.5466, 0.4334, 0.5506, 0.5297, 0.4653, 0.5485, 0.4757], [0.6581, 0.7034, 0.7119, 0.6207, 0.6441, 0.6923, 0.7119, 0.6864, 0.6752, 0.6325, 0.678, 0.6667, 0.6466, 0.5897, 0.7586, 0.7094, 0.6261], [0.6343, 0.4537, 0.6181, 0.553, 0.6334, 0.4988, 0.4362, 0.5372, 0.5, 0.4537, 0.4236, 0.536, 0.5625, 0.6079, 0.4408, 0.5093, 0.3981], [0.5283, 0.4829, 0.4743, 0.4474, 0.4139, 0.498, 0.3824, 0.4367, 0.5263, 0.4731, 0.3663, 0.4177, 0.3636, 0.4828, 0.4239, 0.4244, 0.3544], [0.3439, 0.3031, 0.3597, 0.3682, 0.3295, 0.338, 0.3277, 0.2827, 0.3574, 0.2471, 0.4733, 0.3186, 0.4167, 0.2946, 0.514, 0.4558, 0.3292], [0.5363, 0.6299, 0.5894, 0.6351, 0.4833, 0.4697, 0.5246, 0.5157, 0.5344, 0.4193, 0.5374, 0.5965, 0.5, 0.6075, 0.5647, 0.5275, 0.5363]]	
Results: 	[[0.536, 0.5759, 0.5053, 0.4873, 0.4013, 0.4779, 0.462, 0.5275, 0.5222, 0.44, 0.5466, 0.4334, 0.5506, 0.5297, 0.4653, 0.5485, 0.4757, 0.5053], [0.6581, 0.7034, 0.7119, 0.6207, 0.6441, 0.6923, 0.7119, 0.6864, 0.6752, 0.6325, 0.678, 0.6667, 0.6466, 0.5897, 0.7586, 0.7094, 0.6261, 0.7288], [0.6343, 0.4537, 0.6181, 0.553, 0.6334, 0.4988, 0.4362, 0.5372, 0.5, 0.4537, 0.4236, 0.536, 0.5625, 0.6079, 0.4408, 0.5093, 0.3981, 0.5069], [0.5283, 0.4829, 0.4743, 0.4474, 0.4139, 0.498, 0.3824, 0.4367, 0.5263, 0.4731, 0.3663, 0.4177, 0.3636, 0.4828, 0.4239, 0.4244, 0.3544, 0.4077], [0.3439, 0.3031, 0.3597, 0.3682, 0.3295, 0.338, 0.3277, 0.2827, 0.3574, 0.2471, 0.4733, 0.3186, 0.4167, 0.2946, 0.514, 0.4558, 0.3292, 0.3726], [0.5363, 0.6299, 0.5894, 0.6351, 0.4833, 0.4697, 0.5246, 0.5157, 0.5344, 0.4193, 0.5374, 0.5965, 0.5, 0.6075, 0.5647, 0.5275, 0.5363, 0.5197]]	
Results: 	[[0.536, 0.5759, 0.5053, 0.4873, 0.4013, 0.4779, 0.462, 0.5275, 0.5222, 0.44, 0.5466, 0.4334, 0.5506, 0.5297, 0.4653, 0.5485, 0.4757, 0.5053, 0.4926], [0.6581, 0.7034, 0.7119, 0.6207, 0.6441, 0.6923, 0.7119, 0.6864, 0.6752, 0.6325, 0.678, 0.6667, 0.6466, 0.5897, 0.7586, 0.7094, 0.6261, 0.7288, 0.5508], [0.6343, 0.4537, 0.6181, 0.553, 0.6334, 0.4988, 0.4362, 0.5372, 0.5, 0.4537, 0.4236, 0.536, 0.5625, 0.6079, 0.4408, 0.5093, 0.3981, 0.5069, 0.5638], [0.5283, 0.4829, 0.4743, 0.4474, 0.4139, 0.498, 0.3824, 0.4367, 0.5263, 0.4731, 0.3663, 0.4177, 0.3636, 0.4828, 0.4239, 0.4244, 0.3544, 0.4077, 0.4974], [0.3439, 0.3031, 0.3597, 0.3682, 0.3295, 0.338, 0.3277, 0.2827, 0.3574, 0.2471, 0.4733, 0.3186, 0.4167, 0.2946, 0.514, 0.4558, 0.3292, 0.3726, 0.3261], [0.5363, 0.6299, 0.5894, 0.6351, 0.4833, 0.4697, 0.5246, 0.5157, 0.5344, 0.4193, 0.5374, 0.5965, 0.5, 0.6075, 0.5647, 0.5275, 0.5363, 0.5197, 0.4311]]	
Results: 	[[0.536, 0.5759, 0.5053, 0.4873, 0.4013, 0.4779, 0.462, 0.5275, 0.5222, 0.44, 0.5466, 0.4334, 0.5506, 0.5297, 0.4653, 0.5485, 0.4757, 0.5053, 0.4926, 0.4219], [0.6581, 0.7034, 0.7119, 0.6207, 0.6441, 0.6923, 0.7119, 0.6864, 0.6752, 0.6325, 0.678, 0.6667, 0.6466, 0.5897, 0.7586, 0.7094, 0.6261, 0.7288, 0.5508, 0.5847], [0.6343, 0.4537, 0.6181, 0.553, 0.6334, 0.4988, 0.4362, 0.5372, 0.5, 0.4537, 0.4236, 0.536, 0.5625, 0.6079, 0.4408, 0.5093, 0.3981, 0.5069, 0.5638, 0.419], [0.5283, 0.4829, 0.4743, 0.4474, 0.4139, 0.498, 0.3824, 0.4367, 0.5263, 0.4731, 0.3663, 0.4177, 0.3636, 0.4828, 0.4239, 0.4244, 0.3544, 0.4077, 0.4974, 0.5435], [0.3439, 0.3031, 0.3597, 0.3682, 0.3295, 0.338, 0.3277, 0.2827, 0.3574, 0.2471, 0.4733, 0.3186, 0.4167, 0.2946, 0.514, 0.4558, 0.3292, 0.3726, 0.3261, 0.3496], [0.5363, 0.6299, 0.5894, 0.6351, 0.4833, 0.4697, 0.5246, 0.5157, 0.5344, 0.4193, 0.5374, 0.5965, 0.5, 0.6075, 0.5647, 0.5275, 0.5363, 0.5197, 0.4311, 0.5226]]	
Results: 	[[0.536, 0.5759, 0.5053, 0.4873, 0.4013, 0.4779, 0.462, 0.5275, 0.5222, 0.44, 0.5466, 0.4334, 0.5506, 0.5297, 0.4653, 0.5485, 0.4757, 0.5053, 0.4926, 0.4219, 0.4473], [0.6581, 0.7034, 0.7119, 0.6207, 0.6441, 0.6923, 0.7119, 0.6864, 0.6752, 0.6325, 0.678, 0.6667, 0.6466, 0.5897, 0.7586, 0.7094, 0.6261, 0.7288, 0.5508, 0.5847, 0.6667], [0.6343, 0.4537, 0.6181, 0.553, 0.6334, 0.4988, 0.4362, 0.5372, 0.5, 0.4537, 0.4236, 0.536, 0.5625, 0.6079, 0.4408, 0.5093, 0.3981, 0.5069, 0.5638, 0.419, 0.5972], [0.5283, 0.4829, 0.4743, 0.4474, 0.4139, 0.498, 0.3824, 0.4367, 0.5263, 0.4731, 0.3663, 0.4177, 0.3636, 0.4828, 0.4239, 0.4244, 0.3544, 0.4077, 0.4974, 0.5435, 0.4389], [0.3439, 0.3031, 0.3597, 0.3682, 0.3295, 0.338, 0.3277, 0.2827, 0.3574, 0.2471, 0.4733, 0.3186, 0.4167, 0.2946, 0.514, 0.4558, 0.3292, 0.3726, 0.3261, 0.3496, 0.4051], [0.5363, 0.6299, 0.5894, 0.6351, 0.4833, 0.4697, 0.5246, 0.5157, 0.5344, 0.4193, 0.5374, 0.5965, 0.5, 0.6075, 0.5647, 0.5275, 0.5363, 0.5197, 0.4311, 0.5226, 0.5383]]	
Results: 	[[0.536, 0.5759, 0.5053, 0.4873, 0.4013, 0.4779, 0.462, 0.5275, 0.5222, 0.44, 0.5466, 0.4334, 0.5506, 0.5297, 0.4653, 0.5485, 0.4757, 0.5053, 0.4926, 0.4219, 0.4473, 0.4], [0.6581, 0.7034, 0.7119, 0.6207, 0.6441, 0.6923, 0.7119, 0.6864, 0.6752, 0.6325, 0.678, 0.6667, 0.6466, 0.5897, 0.7586, 0.7094, 0.6261, 0.7288, 0.5508, 0.5847, 0.6667, 0.5508], [0.6343, 0.4537, 0.6181, 0.553, 0.6334, 0.4988, 0.4362, 0.5372, 0.5, 0.4537, 0.4236, 0.536, 0.5625, 0.6079, 0.4408, 0.5093, 0.3981, 0.5069, 0.5638, 0.419, 0.5972, 0.5767], [0.5283, 0.4829, 0.4743, 0.4474, 0.4139, 0.498, 0.3824, 0.4367, 0.5263, 0.4731, 0.3663, 0.4177, 0.3636, 0.4828, 0.4239, 0.4244, 0.3544, 0.4077, 0.4974, 0.5435, 0.4389, 0.3803], [0.3439, 0.3031, 0.3597, 0.3682, 0.3295, 0.338, 0.3277, 0.2827, 0.3574, 0.2471, 0.4733, 0.3186, 0.4167, 0.2946, 0.514, 0.4558, 0.3292, 0.3726, 0.3261, 0.3496, 0.4051, 0.3698], [0.5363, 0.6299, 0.5894, 0.6351, 0.4833, 0.4697, 0.5246, 0.5157, 0.5344, 0.4193, 0.5374, 0.5965, 0.5, 0.6075, 0.5647, 0.5275, 0.5363, 0.5197, 0.4311, 0.5226, 0.5383, 0.4862]]	
Results: 	[[0.536, 0.5759, 0.5053, 0.4873, 0.4013, 0.4779, 0.462, 0.5275, 0.5222, 0.44, 0.5466, 0.4334, 0.5506, 0.5297, 0.4653, 0.5485, 0.4757, 0.5053, 0.4926, 0.4219, 0.4473, 0.4, 0.4662], [0.6581, 0.7034, 0.7119, 0.6207, 0.6441, 0.6923, 0.7119, 0.6864, 0.6752, 0.6325, 0.678, 0.6667, 0.6466, 0.5897, 0.7586, 0.7094, 0.6261, 0.7288, 0.5508, 0.5847, 0.6667, 0.5508, 0.6695], [0.6343, 0.4537, 0.6181, 0.553, 0.6334, 0.4988, 0.4362, 0.5372, 0.5, 0.4537, 0.4236, 0.536, 0.5625, 0.6079, 0.4408, 0.5093, 0.3981, 0.5069, 0.5638, 0.419, 0.5972, 0.5767, 0.5313], [0.5283, 0.4829, 0.4743, 0.4474, 0.4139, 0.498, 0.3824, 0.4367, 0.5263, 0.4731, 0.3663, 0.4177, 0.3636, 0.4828, 0.4239, 0.4244, 0.3544, 0.4077, 0.4974, 0.5435, 0.4389, 0.3803, 0.4274], [0.3439, 0.3031, 0.3597, 0.3682, 0.3295, 0.338, 0.3277, 0.2827, 0.3574, 0.2471, 0.4733, 0.3186, 0.4167, 0.2946, 0.514, 0.4558, 0.3292, 0.3726, 0.3261, 0.3496, 0.4051, 0.3698, 0.3548], [0.5363, 0.6299, 0.5894, 0.6351, 0.4833, 0.4697, 0.5246, 0.5157, 0.5344, 0.4193, 0.5374, 0.5965, 0.5, 0.6075, 0.5647, 0.5275, 0.5363, 0.5197, 0.4311, 0.5226, 0.5383, 0.4862, 0.5265]]	
Results: 	[[0.536, 0.5759, 0.5053, 0.4873, 0.4013, 0.4779, 0.462, 0.5275, 0.5222, 0.44, 0.5466, 0.4334, 0.5506, 0.5297, 0.4653, 0.5485, 0.4757, 0.5053, 0.4926, 0.4219, 0.4473, 0.4, 0.4662, 0.4611], [0.6581, 0.7034, 0.7119, 0.6207, 0.6441, 0.6923, 0.7119, 0.6864, 0.6752, 0.6325, 0.678, 0.6667, 0.6466, 0.5897, 0.7586, 0.7094, 0.6261, 0.7288, 0.5508, 0.5847, 0.6667, 0.5508, 0.6695, 0.7094], [0.6343, 0.4537, 0.6181, 0.553, 0.6334, 0.4988, 0.4362, 0.5372, 0.5, 0.4537, 0.4236, 0.536, 0.5625, 0.6079, 0.4408, 0.5093, 0.3981, 0.5069, 0.5638, 0.419, 0.5972, 0.5767, 0.5313, 0.4457], [0.5283, 0.4829, 0.4743, 0.4474, 0.4139, 0.498, 0.3824, 0.4367, 0.5263, 0.4731, 0.3663, 0.4177, 0.3636, 0.4828, 0.4239, 0.4244, 0.3544, 0.4077, 0.4974, 0.5435, 0.4389, 0.3803, 0.4274, 0.473], [0.3439, 0.3031, 0.3597, 0.3682, 0.3295, 0.338, 0.3277, 0.2827, 0.3574, 0.2471, 0.4733, 0.3186, 0.4167, 0.2946, 0.514, 0.4558, 0.3292, 0.3726, 0.3261, 0.3496, 0.4051, 0.3698, 0.3548, 0.4016], [0.5363, 0.6299, 0.5894, 0.6351, 0.4833, 0.4697, 0.5246, 0.5157, 0.5344, 0.4193, 0.5374, 0.5965, 0.5, 0.6075, 0.5647, 0.5275, 0.5363, 0.5197, 0.4311, 0.5226, 0.5383, 0.4862, 0.5265, 0.4813]]	
Results: 	[[0.536, 0.5759, 0.5053, 0.4873, 0.4013, 0.4779, 0.462, 0.5275, 0.5222, 0.44, 0.5466, 0.4334, 0.5506, 0.5297, 0.4653, 0.5485, 0.4757, 0.5053, 0.4926, 0.4219, 0.4473, 0.4, 0.4662, 0.4611, 0.4388], [0.6581, 0.7034, 0.7119, 0.6207, 0.6441, 0.6923, 0.7119, 0.6864, 0.6752, 0.6325, 0.678, 0.6667, 0.6466, 0.5897, 0.7586, 0.7094, 0.6261, 0.7288, 0.5508, 0.5847, 0.6667, 0.5508, 0.6695, 0.7094, 0.7373], [0.6343, 0.4537, 0.6181, 0.553, 0.6334, 0.4988, 0.4362, 0.5372, 0.5, 0.4537, 0.4236, 0.536, 0.5625, 0.6079, 0.4408, 0.5093, 0.3981, 0.5069, 0.5638, 0.419, 0.5972, 0.5767, 0.5313, 0.4457, 0.4088], [0.5283, 0.4829, 0.4743, 0.4474, 0.4139, 0.498, 0.3824, 0.4367, 0.5263, 0.4731, 0.3663, 0.4177, 0.3636, 0.4828, 0.4239, 0.4244, 0.3544, 0.4077, 0.4974, 0.5435, 0.4389, 0.3803, 0.4274, 0.473, 0.4585], [0.3439, 0.3031, 0.3597, 0.3682, 0.3295, 0.338, 0.3277, 0.2827, 0.3574, 0.2471, 0.4733, 0.3186, 0.4167, 0.2946, 0.514, 0.4558, 0.3292, 0.3726, 0.3261, 0.3496, 0.4051, 0.3698, 0.3548, 0.4016, 0.3483], [0.5363, 0.6299, 0.5894, 0.6351, 0.4833, 0.4697, 0.5246, 0.5157, 0.5344, 0.4193, 0.5374, 0.5965, 0.5, 0.6075, 0.5647, 0.5275, 0.5363, 0.5197, 0.4311, 0.5226, 0.5383, 0.4862, 0.5265, 0.4813, 0.5807]]	
Results: 	[[0.536, 0.5759, 0.5053, 0.4873, 0.4013, 0.4779, 0.462, 0.5275, 0.5222, 0.44, 0.5466, 0.4334, 0.5506, 0.5297, 0.4653, 0.5485, 0.4757, 0.5053, 0.4926, 0.4219, 0.4473, 0.4, 0.4662, 0.4611, 0.4388, 0.5389], [0.6581, 0.7034, 0.7119, 0.6207, 0.6441, 0.6923, 0.7119, 0.6864, 0.6752, 0.6325, 0.678, 0.6667, 0.6466, 0.5897, 0.7586, 0.7094, 0.6261, 0.7288, 0.5508, 0.5847, 0.6667, 0.5508, 0.6695, 0.7094, 0.7373, 0.7119], [0.6343, 0.4537, 0.6181, 0.553, 0.6334, 0.4988, 0.4362, 0.5372, 0.5, 0.4537, 0.4236, 0.536, 0.5625, 0.6079, 0.4408, 0.5093, 0.3981, 0.5069, 0.5638, 0.419, 0.5972, 0.5767, 0.5313, 0.4457, 0.4088, 0.4815], [0.5283, 0.4829, 0.4743, 0.4474, 0.4139, 0.498, 0.3824, 0.4367, 0.5263, 0.4731, 0.3663, 0.4177, 0.3636, 0.4828, 0.4239, 0.4244, 0.3544, 0.4077, 0.4974, 0.5435, 0.4389, 0.3803, 0.4274, 0.473, 0.4585, 0.5224], [0.3439, 0.3031, 0.3597, 0.3682, 0.3295, 0.338, 0.3277, 0.2827, 0.3574, 0.2471, 0.4733, 0.3186, 0.4167, 0.2946, 0.514, 0.4558, 0.3292, 0.3726, 0.3261, 0.3496, 0.4051, 0.3698, 0.3548, 0.4016, 0.3483, 0.3209], [0.5363, 0.6299, 0.5894, 0.6351, 0.4833, 0.4697, 0.5246, 0.5157, 0.5344, 0.4193, 0.5374, 0.5965, 0.5, 0.6075, 0.5647, 0.5275, 0.5363, 0.5197, 0.4311, 0.5226, 0.5383, 0.4862, 0.5265, 0.4813, 0.5807, 0.5863]]	
Results: 	[[0.536, 0.5759, 0.5053, 0.4873, 0.4013, 0.4779, 0.462, 0.5275, 0.5222, 0.44, 0.5466, 0.4334, 0.5506, 0.5297, 0.4653, 0.5485, 0.4757, 0.5053, 0.4926, 0.4219, 0.4473, 0.4, 0.4662, 0.4611, 0.4388, 0.5389, 0.5654], [0.6581, 0.7034, 0.7119, 0.6207, 0.6441, 0.6923, 0.7119, 0.6864, 0.6752, 0.6325, 0.678, 0.6667, 0.6466, 0.5897, 0.7586, 0.7094, 0.6261, 0.7288, 0.5508, 0.5847, 0.6667, 0.5508, 0.6695, 0.7094, 0.7373, 0.7119, 0.7627], [0.6343, 0.4537, 0.6181, 0.553, 0.6334, 0.4988, 0.4362, 0.5372, 0.5, 0.4537, 0.4236, 0.536, 0.5625, 0.6079, 0.4408, 0.5093, 0.3981, 0.5069, 0.5638, 0.419, 0.5972, 0.5767, 0.5313, 0.4457, 0.4088, 0.4815, 0.676], [0.5283, 0.4829, 0.4743, 0.4474, 0.4139, 0.498, 0.3824, 0.4367, 0.5263, 0.4731, 0.3663, 0.4177, 0.3636, 0.4828, 0.4239, 0.4244, 0.3544, 0.4077, 0.4974, 0.5435, 0.4389, 0.3803, 0.4274, 0.473, 0.4585, 0.5224, 0.4697], [0.3439, 0.3031, 0.3597, 0.3682, 0.3295, 0.338, 0.3277, 0.2827, 0.3574, 0.2471, 0.4733, 0.3186, 0.4167, 0.2946, 0.514, 0.4558, 0.3292, 0.3726, 0.3261, 0.3496, 0.4051, 0.3698, 0.3548, 0.4016, 0.3483, 0.3209, 0.3047], [0.5363, 0.6299, 0.5894, 0.6351, 0.4833, 0.4697, 0.5246, 0.5157, 0.5344, 0.4193, 0.5374, 0.5965, 0.5, 0.6075, 0.5647, 0.5275, 0.5363, 0.5197, 0.4311, 0.5226, 0.5383, 0.4862, 0.5265, 0.4813, 0.5807, 0.5863, 0.6385]]	
Results: 	[[0.536, 0.5759, 0.5053, 0.4873, 0.4013, 0.4779, 0.462, 0.5275, 0.5222, 0.44, 0.5466, 0.4334, 0.5506, 0.5297, 0.4653, 0.5485, 0.4757, 0.5053, 0.4926, 0.4219, 0.4473, 0.4, 0.4662, 0.4611, 0.4388, 0.5389, 0.5654, 0.4958], [0.6581, 0.7034, 0.7119, 0.6207, 0.6441, 0.6923, 0.7119, 0.6864, 0.6752, 0.6325, 0.678, 0.6667, 0.6466, 0.5897, 0.7586, 0.7094, 0.6261, 0.7288, 0.5508, 0.5847, 0.6667, 0.5508, 0.6695, 0.7094, 0.7373, 0.7119, 0.7627, 0.6838], [0.6343, 0.4537, 0.6181, 0.553, 0.6334, 0.4988, 0.4362, 0.5372, 0.5, 0.4537, 0.4236, 0.536, 0.5625, 0.6079, 0.4408, 0.5093, 0.3981, 0.5069, 0.5638, 0.419, 0.5972, 0.5767, 0.5313, 0.4457, 0.4088, 0.4815, 0.676, 0.4583], [0.5283, 0.4829, 0.4743, 0.4474, 0.4139, 0.498, 0.3824, 0.4367, 0.5263, 0.4731, 0.3663, 0.4177, 0.3636, 0.4828, 0.4239, 0.4244, 0.3544, 0.4077, 0.4974, 0.5435, 0.4389, 0.3803, 0.4274, 0.473, 0.4585, 0.5224, 0.4697, 0.4042], [0.3439, 0.3031, 0.3597, 0.3682, 0.3295, 0.338, 0.3277, 0.2827, 0.3574, 0.2471, 0.4733, 0.3186, 0.4167, 0.2946, 0.514, 0.4558, 0.3292, 0.3726, 0.3261, 0.3496, 0.4051, 0.3698, 0.3548, 0.4016, 0.3483, 0.3209, 0.3047, 0.4093], [0.5363, 0.6299, 0.5894, 0.6351, 0.4833, 0.4697, 0.5246, 0.5157, 0.5344, 0.4193, 0.5374, 0.5965, 0.5, 0.6075, 0.5647, 0.5275, 0.5363, 0.5197, 0.4311, 0.5226, 0.5383, 0.4862, 0.5265, 0.4813, 0.5807, 0.5863, 0.6385, 0.5894]]	
Results: 	[[0.536, 0.5759, 0.5053, 0.4873, 0.4013, 0.4779, 0.462, 0.5275, 0.5222, 0.44, 0.5466, 0.4334, 0.5506, 0.5297, 0.4653, 0.5485, 0.4757, 0.5053, 0.4926, 0.4219, 0.4473, 0.4, 0.4662, 0.4611, 0.4388, 0.5389, 0.5654, 0.4958, 0.4421], [0.6581, 0.7034, 0.7119, 0.6207, 0.6441, 0.6923, 0.7119, 0.6864, 0.6752, 0.6325, 0.678, 0.6667, 0.6466, 0.5897, 0.7586, 0.7094, 0.6261, 0.7288, 0.5508, 0.5847, 0.6667, 0.5508, 0.6695, 0.7094, 0.7373, 0.7119, 0.7627, 0.6838, 0.6695], [0.6343, 0.4537, 0.6181, 0.553, 0.6334, 0.4988, 0.4362, 0.5372, 0.5, 0.4537, 0.4236, 0.536, 0.5625, 0.6079, 0.4408, 0.5093, 0.3981, 0.5069, 0.5638, 0.419, 0.5972, 0.5767, 0.5313, 0.4457, 0.4088, 0.4815, 0.676, 0.4583, 0.4457], [0.5283, 0.4829, 0.4743, 0.4474, 0.4139, 0.498, 0.3824, 0.4367, 0.5263, 0.4731, 0.3663, 0.4177, 0.3636, 0.4828, 0.4239, 0.4244, 0.3544, 0.4077, 0.4974, 0.5435, 0.4389, 0.3803, 0.4274, 0.473, 0.4585, 0.5224, 0.4697, 0.4042, 0.5112], [0.3439, 0.3031, 0.3597, 0.3682, 0.3295, 0.338, 0.3277, 0.2827, 0.3574, 0.2471, 0.4733, 0.3186, 0.4167, 0.2946, 0.514, 0.4558, 0.3292, 0.3726, 0.3261, 0.3496, 0.4051, 0.3698, 0.3548, 0.4016, 0.3483, 0.3209, 0.3047, 0.4093, 0.4047], [0.5363, 0.6299, 0.5894, 0.6351, 0.4833, 0.4697, 0.5246, 0.5157, 0.5344, 0.4193, 0.5374, 0.5965, 0.5, 0.6075, 0.5647, 0.5275, 0.5363, 0.5197, 0.4311, 0.5226, 0.5383, 0.4862, 0.5265, 0.4813, 0.5807, 0.5863, 0.6385, 0.5894, 0.6562]]	
Results: 	[[0.536, 0.5759, 0.5053, 0.4873, 0.4013, 0.4779, 0.462, 0.5275, 0.5222, 0.44, 0.5466, 0.4334, 0.5506, 0.5297, 0.4653, 0.5485, 0.4757, 0.5053, 0.4926, 0.4219, 0.4473, 0.4, 0.4662, 0.4611, 0.4388, 0.5389, 0.5654, 0.4958, 0.4421, 0.5307], [0.6581, 0.7034, 0.7119, 0.6207, 0.6441, 0.6923, 0.7119, 0.6864, 0.6752, 0.6325, 0.678, 0.6667, 0.6466, 0.5897, 0.7586, 0.7094, 0.6261, 0.7288, 0.5508, 0.5847, 0.6667, 0.5508, 0.6695, 0.7094, 0.7373, 0.7119, 0.7627, 0.6838, 0.6695, 0.7627], [0.6343, 0.4537, 0.6181, 0.553, 0.6334, 0.4988, 0.4362, 0.5372, 0.5, 0.4537, 0.4236, 0.536, 0.5625, 0.6079, 0.4408, 0.5093, 0.3981, 0.5069, 0.5638, 0.419, 0.5972, 0.5767, 0.5313, 0.4457, 0.4088, 0.4815, 0.676, 0.4583, 0.4457, 0.5035], [0.5283, 0.4829, 0.4743, 0.4474, 0.4139, 0.498, 0.3824, 0.4367, 0.5263, 0.4731, 0.3663, 0.4177, 0.3636, 0.4828, 0.4239, 0.4244, 0.3544, 0.4077, 0.4974, 0.5435, 0.4389, 0.3803, 0.4274, 0.473, 0.4585, 0.5224, 0.4697, 0.4042, 0.5112, 0.386], [0.3439, 0.3031, 0.3597, 0.3682, 0.3295, 0.338, 0.3277, 0.2827, 0.3574, 0.2471, 0.4733, 0.3186, 0.4167, 0.2946, 0.514, 0.4558, 0.3292, 0.3726, 0.3261, 0.3496, 0.4051, 0.3698, 0.3548, 0.4016, 0.3483, 0.3209, 0.3047, 0.4093, 0.4047, 0.3054], [0.5363, 0.6299, 0.5894, 0.6351, 0.4833, 0.4697, 0.5246, 0.5157, 0.5344, 0.4193, 0.5374, 0.5965, 0.5, 0.6075, 0.5647, 0.5275, 0.5363, 0.5197, 0.4311, 0.5226, 0.5383, 0.4862, 0.5265, 0.4813, 0.5807, 0.5863, 0.6385, 0.5894, 0.6562, 0.5874]]
Support Sets: (Mean:0.48971, SD:0.04921907641106871) | 	Support Sets: (Mean:0.67334, SD:0.05648042443915934) | 	Support Sets: (Mean:0.5137, SD:0.07602873776091013) | 	Support Sets: (Mean:0.44722, SD:0.05375362313370141) | 	Support Sets: (Mean:0.35774666666666666, SD:0.058108197138722555) | 	Support Sets: (Mean:0.54506, SD:0.05968972995473314) | 	
