Results: 	[[0.9504], [0.968], [0.934]]	
Results: 	[[0.9504, 0.9553], [0.968, 0.959], [0.934, 0.9457]]	
Results: 	[[0.9504, 0.9553, 0.956], [0.968, 0.959, 0.9603], [0.934, 0.9457, 0.9426]]	
Results: 	[[0.9504, 0.9553, 0.956, 0.9487], [0.968, 0.959, 0.9603, 0.9603], [0.934, 0.9457, 0.9426, 0.9403]]	
Results: 	[[0.9504, 0.9553, 0.956, 0.9487, 0.9463], [0.968, 0.959, 0.9603, 0.9603, 0.9621], [0.934, 0.9457, 0.9426, 0.9403, 0.9409]]	
Results: 	[[0.9504, 0.9553, 0.956, 0.9487, 0.9463, 0.9516], [0.968, 0.959, 0.9603, 0.9603, 0.9621, 0.9586], [0.934, 0.9457, 0.9426, 0.9403, 0.9409, 0.9452]]	
Results: 	[[0.9504, 0.9553, 0.956, 0.9487, 0.9463, 0.9516, 0.9541], [0.968, 0.959, 0.9603, 0.9603, 0.9621, 0.9586, 0.9656], [0.934, 0.9457, 0.9426, 0.9403, 0.9409, 0.9452, 0.9554]]	
Results: 	[[0.9504, 0.9553, 0.956, 0.9487, 0.9463, 0.9516, 0.9541, 0.9433], [0.968, 0.959, 0.9603, 0.9603, 0.9621, 0.9586, 0.9656, 0.9668], [0.934, 0.9457, 0.9426, 0.9403, 0.9409, 0.9452, 0.9554, 0.9373]]	
Results: 	[[0.9504, 0.9553, 0.956, 0.9487, 0.9463, 0.9516, 0.9541, 0.9433, 0.947], [0.968, 0.959, 0.9603, 0.9603, 0.9621, 0.9586, 0.9656, 0.9668, 0.9695], [0.934, 0.9457, 0.9426, 0.9403, 0.9409, 0.9452, 0.9554, 0.9373, 0.9515]]	
Results: 	[[0.9504, 0.9553, 0.956, 0.9487, 0.9463, 0.9516, 0.9541, 0.9433, 0.947, 0.9422], [0.968, 0.959, 0.9603, 0.9603, 0.9621, 0.9586, 0.9656, 0.9668, 0.9695, 0.9594], [0.934, 0.9457, 0.9426, 0.9403, 0.9409, 0.9452, 0.9554, 0.9373, 0.9515, 0.9469]]	
Results: 	[[0.9504, 0.9553, 0.956, 0.9487, 0.9463, 0.9516, 0.9541, 0.9433, 0.947, 0.9422, 0.9459], [0.968, 0.959, 0.9603, 0.9603, 0.9621, 0.9586, 0.9656, 0.9668, 0.9695, 0.9594, 0.9603], [0.934, 0.9457, 0.9426, 0.9403, 0.9409, 0.9452, 0.9554, 0.9373, 0.9515, 0.9469, 0.9452]]	
Results: 	[[0.9504, 0.9553, 0.956, 0.9487, 0.9463, 0.9516, 0.9541, 0.9433, 0.947, 0.9422, 0.9459, 0.9621], [0.968, 0.959, 0.9603, 0.9603, 0.9621, 0.9586, 0.9656, 0.9668, 0.9695, 0.9594, 0.9603, 0.9564], [0.934, 0.9457, 0.9426, 0.9403, 0.9409, 0.9452, 0.9554, 0.9373, 0.9515, 0.9469, 0.9452, 0.9516]]	
Results: 	[[0.9504, 0.9553, 0.956, 0.9487, 0.9463, 0.9516, 0.9541, 0.9433, 0.947, 0.9422, 0.9459, 0.9621, 0.9479], [0.968, 0.959, 0.9603, 0.9603, 0.9621, 0.9586, 0.9656, 0.9668, 0.9695, 0.9594, 0.9603, 0.9564, 0.957], [0.934, 0.9457, 0.9426, 0.9403, 0.9409, 0.9452, 0.9554, 0.9373, 0.9515, 0.9469, 0.9452, 0.9516, 0.9487]]	
Results: 	[[0.9504, 0.9553, 0.956, 0.9487, 0.9463, 0.9516, 0.9541, 0.9433, 0.947, 0.9422, 0.9459, 0.9621, 0.9479, 0.94], [0.968, 0.959, 0.9603, 0.9603, 0.9621, 0.9586, 0.9656, 0.9668, 0.9695, 0.9594, 0.9603, 0.9564, 0.957, 0.9715], [0.934, 0.9457, 0.9426, 0.9403, 0.9409, 0.9452, 0.9554, 0.9373, 0.9515, 0.9469, 0.9452, 0.9516, 0.9487, 0.9495]]	
Results: 	[[0.9504, 0.9553, 0.956, 0.9487, 0.9463, 0.9516, 0.9541, 0.9433, 0.947, 0.9422, 0.9459, 0.9621, 0.9479, 0.94, 0.9504], [0.968, 0.959, 0.9603, 0.9603, 0.9621, 0.9586, 0.9656, 0.9668, 0.9695, 0.9594, 0.9603, 0.9564, 0.957, 0.9715, 0.9613], [0.934, 0.9457, 0.9426, 0.9403, 0.9409, 0.9452, 0.9554, 0.9373, 0.9515, 0.9469, 0.9452, 0.9516, 0.9487, 0.9495, 0.9291]]	
Results: 	[[0.9504, 0.9553, 0.956, 0.9487, 0.9463, 0.9516, 0.9541, 0.9433, 0.947, 0.9422, 0.9459, 0.9621, 0.9479, 0.94, 0.9504, 0.9459], [0.968, 0.959, 0.9603, 0.9603, 0.9621, 0.9586, 0.9656, 0.9668, 0.9695, 0.9594, 0.9603, 0.9564, 0.957, 0.9715, 0.9613, 0.9562], [0.934, 0.9457, 0.9426, 0.9403, 0.9409, 0.9452, 0.9554, 0.9373, 0.9515, 0.9469, 0.9452, 0.9516, 0.9487, 0.9495, 0.9291, 0.9526]]	
Results: 	[[0.9504, 0.9553, 0.956, 0.9487, 0.9463, 0.9516, 0.9541, 0.9433, 0.947, 0.9422, 0.9459, 0.9621, 0.9479, 0.94, 0.9504, 0.9459, 0.9686], [0.968, 0.959, 0.9603, 0.9603, 0.9621, 0.9586, 0.9656, 0.9668, 0.9695, 0.9594, 0.9603, 0.9564, 0.957, 0.9715, 0.9613, 0.9562, 0.9584], [0.934, 0.9457, 0.9426, 0.9403, 0.9409, 0.9452, 0.9554, 0.9373, 0.9515, 0.9469, 0.9452, 0.9516, 0.9487, 0.9495, 0.9291, 0.9526, 0.937]]	
Results: 	[[0.9504, 0.9553, 0.956, 0.9487, 0.9463, 0.9516, 0.9541, 0.9433, 0.947, 0.9422, 0.9459, 0.9621, 0.9479, 0.94, 0.9504, 0.9459, 0.9686, 0.9525], [0.968, 0.959, 0.9603, 0.9603, 0.9621, 0.9586, 0.9656, 0.9668, 0.9695, 0.9594, 0.9603, 0.9564, 0.957, 0.9715, 0.9613, 0.9562, 0.9584, 0.95], [0.934, 0.9457, 0.9426, 0.9403, 0.9409, 0.9452, 0.9554, 0.9373, 0.9515, 0.9469, 0.9452, 0.9516, 0.9487, 0.9495, 0.9291, 0.9526, 0.937, 0.946]]	
Results: 	[[0.9504, 0.9553, 0.956, 0.9487, 0.9463, 0.9516, 0.9541, 0.9433, 0.947, 0.9422, 0.9459, 0.9621, 0.9479, 0.94, 0.9504, 0.9459, 0.9686, 0.9525, 0.9546], [0.968, 0.959, 0.9603, 0.9603, 0.9621, 0.9586, 0.9656, 0.9668, 0.9695, 0.9594, 0.9603, 0.9564, 0.957, 0.9715, 0.9613, 0.9562, 0.9584, 0.95, 0.9596], [0.934, 0.9457, 0.9426, 0.9403, 0.9409, 0.9452, 0.9554, 0.9373, 0.9515, 0.9469, 0.9452, 0.9516, 0.9487, 0.9495, 0.9291, 0.9526, 0.937, 0.946, 0.9376]]	
Results: 	[[0.9504, 0.9553, 0.956, 0.9487, 0.9463, 0.9516, 0.9541, 0.9433, 0.947, 0.9422, 0.9459, 0.9621, 0.9479, 0.94, 0.9504, 0.9459, 0.9686, 0.9525, 0.9546, 0.9555], [0.968, 0.959, 0.9603, 0.9603, 0.9621, 0.9586, 0.9656, 0.9668, 0.9695, 0.9594, 0.9603, 0.9564, 0.957, 0.9715, 0.9613, 0.9562, 0.9584, 0.95, 0.9596, 0.9605], [0.934, 0.9457, 0.9426, 0.9403, 0.9409, 0.9452, 0.9554, 0.9373, 0.9515, 0.9469, 0.9452, 0.9516, 0.9487, 0.9495, 0.9291, 0.9526, 0.937, 0.946, 0.9376, 0.9274]]	
Results: 	[[0.9504, 0.9553, 0.956, 0.9487, 0.9463, 0.9516, 0.9541, 0.9433, 0.947, 0.9422, 0.9459, 0.9621, 0.9479, 0.94, 0.9504, 0.9459, 0.9686, 0.9525, 0.9546, 0.9555, 0.9427], [0.968, 0.959, 0.9603, 0.9603, 0.9621, 0.9586, 0.9656, 0.9668, 0.9695, 0.9594, 0.9603, 0.9564, 0.957, 0.9715, 0.9613, 0.9562, 0.9584, 0.95, 0.9596, 0.9605, 0.9652], [0.934, 0.9457, 0.9426, 0.9403, 0.9409, 0.9452, 0.9554, 0.9373, 0.9515, 0.9469, 0.9452, 0.9516, 0.9487, 0.9495, 0.9291, 0.9526, 0.937, 0.946, 0.9376, 0.9274, 0.9426]]	
Results: 	[[0.9504, 0.9553, 0.956, 0.9487, 0.9463, 0.9516, 0.9541, 0.9433, 0.947, 0.9422, 0.9459, 0.9621, 0.9479, 0.94, 0.9504, 0.9459, 0.9686, 0.9525, 0.9546, 0.9555, 0.9427, 0.9538], [0.968, 0.959, 0.9603, 0.9603, 0.9621, 0.9586, 0.9656, 0.9668, 0.9695, 0.9594, 0.9603, 0.9564, 0.957, 0.9715, 0.9613, 0.9562, 0.9584, 0.95, 0.9596, 0.9605, 0.9652, 0.9582], [0.934, 0.9457, 0.9426, 0.9403, 0.9409, 0.9452, 0.9554, 0.9373, 0.9515, 0.9469, 0.9452, 0.9516, 0.9487, 0.9495, 0.9291, 0.9526, 0.937, 0.946, 0.9376, 0.9274, 0.9426, 0.9434]]	
Results: 	[[0.9504, 0.9553, 0.956, 0.9487, 0.9463, 0.9516, 0.9541, 0.9433, 0.947, 0.9422, 0.9459, 0.9621, 0.9479, 0.94, 0.9504, 0.9459, 0.9686, 0.9525, 0.9546, 0.9555, 0.9427, 0.9538, 0.9448], [0.968, 0.959, 0.9603, 0.9603, 0.9621, 0.9586, 0.9656, 0.9668, 0.9695, 0.9594, 0.9603, 0.9564, 0.957, 0.9715, 0.9613, 0.9562, 0.9584, 0.95, 0.9596, 0.9605, 0.9652, 0.9582, 0.9639], [0.934, 0.9457, 0.9426, 0.9403, 0.9409, 0.9452, 0.9554, 0.9373, 0.9515, 0.9469, 0.9452, 0.9516, 0.9487, 0.9495, 0.9291, 0.9526, 0.937, 0.946, 0.9376, 0.9274, 0.9426, 0.9434, 0.9508]]	
Results: 	[[0.9504, 0.9553, 0.956, 0.9487, 0.9463, 0.9516, 0.9541, 0.9433, 0.947, 0.9422, 0.9459, 0.9621, 0.9479, 0.94, 0.9504, 0.9459, 0.9686, 0.9525, 0.9546, 0.9555, 0.9427, 0.9538, 0.9448, 0.9473], [0.968, 0.959, 0.9603, 0.9603, 0.9621, 0.9586, 0.9656, 0.9668, 0.9695, 0.9594, 0.9603, 0.9564, 0.957, 0.9715, 0.9613, 0.9562, 0.9584, 0.95, 0.9596, 0.9605, 0.9652, 0.9582, 0.9639, 0.9609], [0.934, 0.9457, 0.9426, 0.9403, 0.9409, 0.9452, 0.9554, 0.9373, 0.9515, 0.9469, 0.9452, 0.9516, 0.9487, 0.9495, 0.9291, 0.9526, 0.937, 0.946, 0.9376, 0.9274, 0.9426, 0.9434, 0.9508, 0.9424]]	
Results: 	[[0.9504, 0.9553, 0.956, 0.9487, 0.9463, 0.9516, 0.9541, 0.9433, 0.947, 0.9422, 0.9459, 0.9621, 0.9479, 0.94, 0.9504, 0.9459, 0.9686, 0.9525, 0.9546, 0.9555, 0.9427, 0.9538, 0.9448, 0.9473, 0.949], [0.968, 0.959, 0.9603, 0.9603, 0.9621, 0.9586, 0.9656, 0.9668, 0.9695, 0.9594, 0.9603, 0.9564, 0.957, 0.9715, 0.9613, 0.9562, 0.9584, 0.95, 0.9596, 0.9605, 0.9652, 0.9582, 0.9639, 0.9609, 0.9615], [0.934, 0.9457, 0.9426, 0.9403, 0.9409, 0.9452, 0.9554, 0.9373, 0.9515, 0.9469, 0.9452, 0.9516, 0.9487, 0.9495, 0.9291, 0.9526, 0.937, 0.946, 0.9376, 0.9274, 0.9426, 0.9434, 0.9508, 0.9424, 0.9429]]	
Results: 	[[0.9504, 0.9553, 0.956, 0.9487, 0.9463, 0.9516, 0.9541, 0.9433, 0.947, 0.9422, 0.9459, 0.9621, 0.9479, 0.94, 0.9504, 0.9459, 0.9686, 0.9525, 0.9546, 0.9555, 0.9427, 0.9538, 0.9448, 0.9473, 0.949, 0.9429], [0.968, 0.959, 0.9603, 0.9603, 0.9621, 0.9586, 0.9656, 0.9668, 0.9695, 0.9594, 0.9603, 0.9564, 0.957, 0.9715, 0.9613, 0.9562, 0.9584, 0.95, 0.9596, 0.9605, 0.9652, 0.9582, 0.9639, 0.9609, 0.9615, 0.9652], [0.934, 0.9457, 0.9426, 0.9403, 0.9409, 0.9452, 0.9554, 0.9373, 0.9515, 0.9469, 0.9452, 0.9516, 0.9487, 0.9495, 0.9291, 0.9526, 0.937, 0.946, 0.9376, 0.9274, 0.9426, 0.9434, 0.9508, 0.9424, 0.9429, 0.9329]]	
Results: 	[[0.9504, 0.9553, 0.956, 0.9487, 0.9463, 0.9516, 0.9541, 0.9433, 0.947, 0.9422, 0.9459, 0.9621, 0.9479, 0.94, 0.9504, 0.9459, 0.9686, 0.9525, 0.9546, 0.9555, 0.9427, 0.9538, 0.9448, 0.9473, 0.949, 0.9429, 0.9569], [0.968, 0.959, 0.9603, 0.9603, 0.9621, 0.9586, 0.9656, 0.9668, 0.9695, 0.9594, 0.9603, 0.9564, 0.957, 0.9715, 0.9613, 0.9562, 0.9584, 0.95, 0.9596, 0.9605, 0.9652, 0.9582, 0.9639, 0.9609, 0.9615, 0.9652, 0.9633], [0.934, 0.9457, 0.9426, 0.9403, 0.9409, 0.9452, 0.9554, 0.9373, 0.9515, 0.9469, 0.9452, 0.9516, 0.9487, 0.9495, 0.9291, 0.9526, 0.937, 0.946, 0.9376, 0.9274, 0.9426, 0.9434, 0.9508, 0.9424, 0.9429, 0.9329, 0.9432]]	
Results: 	[[0.9504, 0.9553, 0.956, 0.9487, 0.9463, 0.9516, 0.9541, 0.9433, 0.947, 0.9422, 0.9459, 0.9621, 0.9479, 0.94, 0.9504, 0.9459, 0.9686, 0.9525, 0.9546, 0.9555, 0.9427, 0.9538, 0.9448, 0.9473, 0.949, 0.9429, 0.9569, 0.9501], [0.968, 0.959, 0.9603, 0.9603, 0.9621, 0.9586, 0.9656, 0.9668, 0.9695, 0.9594, 0.9603, 0.9564, 0.957, 0.9715, 0.9613, 0.9562, 0.9584, 0.95, 0.9596, 0.9605, 0.9652, 0.9582, 0.9639, 0.9609, 0.9615, 0.9652, 0.9633, 0.9594], [0.934, 0.9457, 0.9426, 0.9403, 0.9409, 0.9452, 0.9554, 0.9373, 0.9515, 0.9469, 0.9452, 0.9516, 0.9487, 0.9495, 0.9291, 0.9526, 0.937, 0.946, 0.9376, 0.9274, 0.9426, 0.9434, 0.9508, 0.9424, 0.9429, 0.9329, 0.9432, 0.949]]	
Results: 	[[0.9504, 0.9553, 0.956, 0.9487, 0.9463, 0.9516, 0.9541, 0.9433, 0.947, 0.9422, 0.9459, 0.9621, 0.9479, 0.94, 0.9504, 0.9459, 0.9686, 0.9525, 0.9546, 0.9555, 0.9427, 0.9538, 0.9448, 0.9473, 0.949, 0.9429, 0.9569, 0.9501, 0.9523], [0.968, 0.959, 0.9603, 0.9603, 0.9621, 0.9586, 0.9656, 0.9668, 0.9695, 0.9594, 0.9603, 0.9564, 0.957, 0.9715, 0.9613, 0.9562, 0.9584, 0.95, 0.9596, 0.9605, 0.9652, 0.9582, 0.9639, 0.9609, 0.9615, 0.9652, 0.9633, 0.9594, 0.956], [0.934, 0.9457, 0.9426, 0.9403, 0.9409, 0.9452, 0.9554, 0.9373, 0.9515, 0.9469, 0.9452, 0.9516, 0.9487, 0.9495, 0.9291, 0.9526, 0.937, 0.946, 0.9376, 0.9274, 0.9426, 0.9434, 0.9508, 0.9424, 0.9429, 0.9329, 0.9432, 0.949, 0.9403]]	
Results: 	[[0.9504, 0.9553, 0.956, 0.9487, 0.9463, 0.9516, 0.9541, 0.9433, 0.947, 0.9422, 0.9459, 0.9621, 0.9479, 0.94, 0.9504, 0.9459, 0.9686, 0.9525, 0.9546, 0.9555, 0.9427, 0.9538, 0.9448, 0.9473, 0.949, 0.9429, 0.9569, 0.9501, 0.9523, 0.9591], [0.968, 0.959, 0.9603, 0.9603, 0.9621, 0.9586, 0.9656, 0.9668, 0.9695, 0.9594, 0.9603, 0.9564, 0.957, 0.9715, 0.9613, 0.9562, 0.9584, 0.95, 0.9596, 0.9605, 0.9652, 0.9582, 0.9639, 0.9609, 0.9615, 0.9652, 0.9633, 0.9594, 0.956, 0.9609], [0.934, 0.9457, 0.9426, 0.9403, 0.9409, 0.9452, 0.9554, 0.9373, 0.9515, 0.9469, 0.9452, 0.9516, 0.9487, 0.9495, 0.9291, 0.9526, 0.937, 0.946, 0.9376, 0.9274, 0.9426, 0.9434, 0.9508, 0.9424, 0.9429, 0.9329, 0.9432, 0.949, 0.9403, 0.9386]]
Support Sets: (Mean:0.9505733333333333, SD:0.0063822995171361864) | 	Support Sets: (Mean:0.9611766666666667, SD:0.004453877298321738) | 	Support Sets: (Mean:0.94302, SD:0.006851498703404865) | 	
