Results: 	[[0.9588], [0.9671], [0.9612]]	
Results: 	[[0.9588, 0.9587], [0.9671, 0.9662], [0.9612, 0.9541]]	
Results: 	[[0.9588, 0.9587, 0.9589], [0.9671, 0.9662, 0.9728], [0.9612, 0.9541, 0.9569]]	
Results: 	[[0.9588, 0.9587, 0.9589, 0.9637], [0.9671, 0.9662, 0.9728, 0.9666], [0.9612, 0.9541, 0.9569, 0.9546]]	
Results: 	[[0.9588, 0.9587, 0.9589, 0.9637, 0.9595], [0.9671, 0.9662, 0.9728, 0.9666, 0.966], [0.9612, 0.9541, 0.9569, 0.9546, 0.9536]]	
Results: 	[[0.9588, 0.9587, 0.9589, 0.9637, 0.9595, 0.9637], [0.9671, 0.9662, 0.9728, 0.9666, 0.966, 0.9691], [0.9612, 0.9541, 0.9569, 0.9546, 0.9536, 0.9584]]	
Results: 	[[0.9588, 0.9587, 0.9589, 0.9637, 0.9595, 0.9637, 0.9617], [0.9671, 0.9662, 0.9728, 0.9666, 0.966, 0.9691, 0.9677], [0.9612, 0.9541, 0.9569, 0.9546, 0.9536, 0.9584, 0.9609]]	
Results: 	[[0.9588, 0.9587, 0.9589, 0.9637, 0.9595, 0.9637, 0.9617, 0.9667], [0.9671, 0.9662, 0.9728, 0.9666, 0.966, 0.9691, 0.9677, 0.9677], [0.9612, 0.9541, 0.9569, 0.9546, 0.9536, 0.9584, 0.9609, 0.9528]]	
Results: 	[[0.9588, 0.9587, 0.9589, 0.9637, 0.9595, 0.9637, 0.9617, 0.9667, 0.9614], [0.9671, 0.9662, 0.9728, 0.9666, 0.966, 0.9691, 0.9677, 0.9677, 0.9716], [0.9612, 0.9541, 0.9569, 0.9546, 0.9536, 0.9584, 0.9609, 0.9528, 0.9589]]	
Results: 	[[0.9588, 0.9587, 0.9589, 0.9637, 0.9595, 0.9637, 0.9617, 0.9667, 0.9614, 0.9618], [0.9671, 0.9662, 0.9728, 0.9666, 0.966, 0.9691, 0.9677, 0.9677, 0.9716, 0.9632], [0.9612, 0.9541, 0.9569, 0.9546, 0.9536, 0.9584, 0.9609, 0.9528, 0.9589, 0.9558]]	
Results: 	[[0.9588, 0.9587, 0.9589, 0.9637, 0.9595, 0.9637, 0.9617, 0.9667, 0.9614, 0.9618, 0.9596], [0.9671, 0.9662, 0.9728, 0.9666, 0.966, 0.9691, 0.9677, 0.9677, 0.9716, 0.9632, 0.9658], [0.9612, 0.9541, 0.9569, 0.9546, 0.9536, 0.9584, 0.9609, 0.9528, 0.9589, 0.9558, 0.9638]]	
Results: 	[[0.9588, 0.9587, 0.9589, 0.9637, 0.9595, 0.9637, 0.9617, 0.9667, 0.9614, 0.9618, 0.9596, 0.9587], [0.9671, 0.9662, 0.9728, 0.9666, 0.966, 0.9691, 0.9677, 0.9677, 0.9716, 0.9632, 0.9658, 0.9679], [0.9612, 0.9541, 0.9569, 0.9546, 0.9536, 0.9584, 0.9609, 0.9528, 0.9589, 0.9558, 0.9638, 0.956]]	
Results: 	[[0.9588, 0.9587, 0.9589, 0.9637, 0.9595, 0.9637, 0.9617, 0.9667, 0.9614, 0.9618, 0.9596, 0.9587, 0.9658], [0.9671, 0.9662, 0.9728, 0.9666, 0.966, 0.9691, 0.9677, 0.9677, 0.9716, 0.9632, 0.9658, 0.9679, 0.9652], [0.9612, 0.9541, 0.9569, 0.9546, 0.9536, 0.9584, 0.9609, 0.9528, 0.9589, 0.9558, 0.9638, 0.956, 0.9578]]	
Results: 	[[0.9588, 0.9587, 0.9589, 0.9637, 0.9595, 0.9637, 0.9617, 0.9667, 0.9614, 0.9618, 0.9596, 0.9587, 0.9658, 0.9626], [0.9671, 0.9662, 0.9728, 0.9666, 0.966, 0.9691, 0.9677, 0.9677, 0.9716, 0.9632, 0.9658, 0.9679, 0.9652, 0.9675], [0.9612, 0.9541, 0.9569, 0.9546, 0.9536, 0.9584, 0.9609, 0.9528, 0.9589, 0.9558, 0.9638, 0.956, 0.9578, 0.9561]]	
Results: 	[[0.9588, 0.9587, 0.9589, 0.9637, 0.9595, 0.9637, 0.9617, 0.9667, 0.9614, 0.9618, 0.9596, 0.9587, 0.9658, 0.9626, 0.9639], [0.9671, 0.9662, 0.9728, 0.9666, 0.966, 0.9691, 0.9677, 0.9677, 0.9716, 0.9632, 0.9658, 0.9679, 0.9652, 0.9675, 0.9673], [0.9612, 0.9541, 0.9569, 0.9546, 0.9536, 0.9584, 0.9609, 0.9528, 0.9589, 0.9558, 0.9638, 0.956, 0.9578, 0.9561, 0.9554]]	
Results: 	[[0.9588, 0.9587, 0.9589, 0.9637, 0.9595, 0.9637, 0.9617, 0.9667, 0.9614, 0.9618, 0.9596, 0.9587, 0.9658, 0.9626, 0.9639, 0.9547], [0.9671, 0.9662, 0.9728, 0.9666, 0.966, 0.9691, 0.9677, 0.9677, 0.9716, 0.9632, 0.9658, 0.9679, 0.9652, 0.9675, 0.9673, 0.9681], [0.9612, 0.9541, 0.9569, 0.9546, 0.9536, 0.9584, 0.9609, 0.9528, 0.9589, 0.9558, 0.9638, 0.956, 0.9578, 0.9561, 0.9554, 0.9635]]	
Results: 	[[0.9588, 0.9587, 0.9589, 0.9637, 0.9595, 0.9637, 0.9617, 0.9667, 0.9614, 0.9618, 0.9596, 0.9587, 0.9658, 0.9626, 0.9639, 0.9547, 0.9588], [0.9671, 0.9662, 0.9728, 0.9666, 0.966, 0.9691, 0.9677, 0.9677, 0.9716, 0.9632, 0.9658, 0.9679, 0.9652, 0.9675, 0.9673, 0.9681, 0.9689], [0.9612, 0.9541, 0.9569, 0.9546, 0.9536, 0.9584, 0.9609, 0.9528, 0.9589, 0.9558, 0.9638, 0.956, 0.9578, 0.9561, 0.9554, 0.9635, 0.9607]]	
Results: 	[[0.9588, 0.9587, 0.9589, 0.9637, 0.9595, 0.9637, 0.9617, 0.9667, 0.9614, 0.9618, 0.9596, 0.9587, 0.9658, 0.9626, 0.9639, 0.9547, 0.9588, 0.9599], [0.9671, 0.9662, 0.9728, 0.9666, 0.966, 0.9691, 0.9677, 0.9677, 0.9716, 0.9632, 0.9658, 0.9679, 0.9652, 0.9675, 0.9673, 0.9681, 0.9689, 0.9679], [0.9612, 0.9541, 0.9569, 0.9546, 0.9536, 0.9584, 0.9609, 0.9528, 0.9589, 0.9558, 0.9638, 0.956, 0.9578, 0.9561, 0.9554, 0.9635, 0.9607, 0.9661]]	
Results: 	[[0.9588, 0.9587, 0.9589, 0.9637, 0.9595, 0.9637, 0.9617, 0.9667, 0.9614, 0.9618, 0.9596, 0.9587, 0.9658, 0.9626, 0.9639, 0.9547, 0.9588, 0.9599, 0.9603], [0.9671, 0.9662, 0.9728, 0.9666, 0.966, 0.9691, 0.9677, 0.9677, 0.9716, 0.9632, 0.9658, 0.9679, 0.9652, 0.9675, 0.9673, 0.9681, 0.9689, 0.9679, 0.9714], [0.9612, 0.9541, 0.9569, 0.9546, 0.9536, 0.9584, 0.9609, 0.9528, 0.9589, 0.9558, 0.9638, 0.956, 0.9578, 0.9561, 0.9554, 0.9635, 0.9607, 0.9661, 0.9553]]	
Results: 	[[0.9588, 0.9587, 0.9589, 0.9637, 0.9595, 0.9637, 0.9617, 0.9667, 0.9614, 0.9618, 0.9596, 0.9587, 0.9658, 0.9626, 0.9639, 0.9547, 0.9588, 0.9599, 0.9603, 0.9603], [0.9671, 0.9662, 0.9728, 0.9666, 0.966, 0.9691, 0.9677, 0.9677, 0.9716, 0.9632, 0.9658, 0.9679, 0.9652, 0.9675, 0.9673, 0.9681, 0.9689, 0.9679, 0.9714, 0.9669], [0.9612, 0.9541, 0.9569, 0.9546, 0.9536, 0.9584, 0.9609, 0.9528, 0.9589, 0.9558, 0.9638, 0.956, 0.9578, 0.9561, 0.9554, 0.9635, 0.9607, 0.9661, 0.9553, 0.962]]	
Results: 	[[0.9588, 0.9587, 0.9589, 0.9637, 0.9595, 0.9637, 0.9617, 0.9667, 0.9614, 0.9618, 0.9596, 0.9587, 0.9658, 0.9626, 0.9639, 0.9547, 0.9588, 0.9599, 0.9603, 0.9603, 0.9566], [0.9671, 0.9662, 0.9728, 0.9666, 0.966, 0.9691, 0.9677, 0.9677, 0.9716, 0.9632, 0.9658, 0.9679, 0.9652, 0.9675, 0.9673, 0.9681, 0.9689, 0.9679, 0.9714, 0.9669, 0.9656], [0.9612, 0.9541, 0.9569, 0.9546, 0.9536, 0.9584, 0.9609, 0.9528, 0.9589, 0.9558, 0.9638, 0.956, 0.9578, 0.9561, 0.9554, 0.9635, 0.9607, 0.9661, 0.9553, 0.962, 0.9602]]	
Results: 	[[0.9588, 0.9587, 0.9589, 0.9637, 0.9595, 0.9637, 0.9617, 0.9667, 0.9614, 0.9618, 0.9596, 0.9587, 0.9658, 0.9626, 0.9639, 0.9547, 0.9588, 0.9599, 0.9603, 0.9603, 0.9566, 0.9617], [0.9671, 0.9662, 0.9728, 0.9666, 0.966, 0.9691, 0.9677, 0.9677, 0.9716, 0.9632, 0.9658, 0.9679, 0.9652, 0.9675, 0.9673, 0.9681, 0.9689, 0.9679, 0.9714, 0.9669, 0.9656, 0.9671], [0.9612, 0.9541, 0.9569, 0.9546, 0.9536, 0.9584, 0.9609, 0.9528, 0.9589, 0.9558, 0.9638, 0.956, 0.9578, 0.9561, 0.9554, 0.9635, 0.9607, 0.9661, 0.9553, 0.962, 0.9602, 0.9525]]	
Results: 	[[0.9588, 0.9587, 0.9589, 0.9637, 0.9595, 0.9637, 0.9617, 0.9667, 0.9614, 0.9618, 0.9596, 0.9587, 0.9658, 0.9626, 0.9639, 0.9547, 0.9588, 0.9599, 0.9603, 0.9603, 0.9566, 0.9617, 0.9596], [0.9671, 0.9662, 0.9728, 0.9666, 0.966, 0.9691, 0.9677, 0.9677, 0.9716, 0.9632, 0.9658, 0.9679, 0.9652, 0.9675, 0.9673, 0.9681, 0.9689, 0.9679, 0.9714, 0.9669, 0.9656, 0.9671, 0.9683], [0.9612, 0.9541, 0.9569, 0.9546, 0.9536, 0.9584, 0.9609, 0.9528, 0.9589, 0.9558, 0.9638, 0.956, 0.9578, 0.9561, 0.9554, 0.9635, 0.9607, 0.9661, 0.9553, 0.962, 0.9602, 0.9525, 0.9527]]	
Results: 	[[0.9588, 0.9587, 0.9589, 0.9637, 0.9595, 0.9637, 0.9617, 0.9667, 0.9614, 0.9618, 0.9596, 0.9587, 0.9658, 0.9626, 0.9639, 0.9547, 0.9588, 0.9599, 0.9603, 0.9603, 0.9566, 0.9617, 0.9596, 0.9623], [0.9671, 0.9662, 0.9728, 0.9666, 0.966, 0.9691, 0.9677, 0.9677, 0.9716, 0.9632, 0.9658, 0.9679, 0.9652, 0.9675, 0.9673, 0.9681, 0.9689, 0.9679, 0.9714, 0.9669, 0.9656, 0.9671, 0.9683, 0.9695], [0.9612, 0.9541, 0.9569, 0.9546, 0.9536, 0.9584, 0.9609, 0.9528, 0.9589, 0.9558, 0.9638, 0.956, 0.9578, 0.9561, 0.9554, 0.9635, 0.9607, 0.9661, 0.9553, 0.962, 0.9602, 0.9525, 0.9527, 0.9558]]	
Results: 	[[0.9588, 0.9587, 0.9589, 0.9637, 0.9595, 0.9637, 0.9617, 0.9667, 0.9614, 0.9618, 0.9596, 0.9587, 0.9658, 0.9626, 0.9639, 0.9547, 0.9588, 0.9599, 0.9603, 0.9603, 0.9566, 0.9617, 0.9596, 0.9623, 0.9607], [0.9671, 0.9662, 0.9728, 0.9666, 0.966, 0.9691, 0.9677, 0.9677, 0.9716, 0.9632, 0.9658, 0.9679, 0.9652, 0.9675, 0.9673, 0.9681, 0.9689, 0.9679, 0.9714, 0.9669, 0.9656, 0.9671, 0.9683, 0.9695, 0.9732], [0.9612, 0.9541, 0.9569, 0.9546, 0.9536, 0.9584, 0.9609, 0.9528, 0.9589, 0.9558, 0.9638, 0.956, 0.9578, 0.9561, 0.9554, 0.9635, 0.9607, 0.9661, 0.9553, 0.962, 0.9602, 0.9525, 0.9527, 0.9558, 0.9573]]	
Results: 	[[0.9588, 0.9587, 0.9589, 0.9637, 0.9595, 0.9637, 0.9617, 0.9667, 0.9614, 0.9618, 0.9596, 0.9587, 0.9658, 0.9626, 0.9639, 0.9547, 0.9588, 0.9599, 0.9603, 0.9603, 0.9566, 0.9617, 0.9596, 0.9623, 0.9607, 0.9612], [0.9671, 0.9662, 0.9728, 0.9666, 0.966, 0.9691, 0.9677, 0.9677, 0.9716, 0.9632, 0.9658, 0.9679, 0.9652, 0.9675, 0.9673, 0.9681, 0.9689, 0.9679, 0.9714, 0.9669, 0.9656, 0.9671, 0.9683, 0.9695, 0.9732, 0.9683], [0.9612, 0.9541, 0.9569, 0.9546, 0.9536, 0.9584, 0.9609, 0.9528, 0.9589, 0.9558, 0.9638, 0.956, 0.9578, 0.9561, 0.9554, 0.9635, 0.9607, 0.9661, 0.9553, 0.962, 0.9602, 0.9525, 0.9527, 0.9558, 0.9573, 0.953]]	
Results: 	[[0.9588, 0.9587, 0.9589, 0.9637, 0.9595, 0.9637, 0.9617, 0.9667, 0.9614, 0.9618, 0.9596, 0.9587, 0.9658, 0.9626, 0.9639, 0.9547, 0.9588, 0.9599, 0.9603, 0.9603, 0.9566, 0.9617, 0.9596, 0.9623, 0.9607, 0.9612, 0.9585], [0.9671, 0.9662, 0.9728, 0.9666, 0.966, 0.9691, 0.9677, 0.9677, 0.9716, 0.9632, 0.9658, 0.9679, 0.9652, 0.9675, 0.9673, 0.9681, 0.9689, 0.9679, 0.9714, 0.9669, 0.9656, 0.9671, 0.9683, 0.9695, 0.9732, 0.9683, 0.9675], [0.9612, 0.9541, 0.9569, 0.9546, 0.9536, 0.9584, 0.9609, 0.9528, 0.9589, 0.9558, 0.9638, 0.956, 0.9578, 0.9561, 0.9554, 0.9635, 0.9607, 0.9661, 0.9553, 0.962, 0.9602, 0.9525, 0.9527, 0.9558, 0.9573, 0.953, 0.9592]]	
Results: 	[[0.9588, 0.9587, 0.9589, 0.9637, 0.9595, 0.9637, 0.9617, 0.9667, 0.9614, 0.9618, 0.9596, 0.9587, 0.9658, 0.9626, 0.9639, 0.9547, 0.9588, 0.9599, 0.9603, 0.9603, 0.9566, 0.9617, 0.9596, 0.9623, 0.9607, 0.9612, 0.9585, 0.9596], [0.9671, 0.9662, 0.9728, 0.9666, 0.966, 0.9691, 0.9677, 0.9677, 0.9716, 0.9632, 0.9658, 0.9679, 0.9652, 0.9675, 0.9673, 0.9681, 0.9689, 0.9679, 0.9714, 0.9669, 0.9656, 0.9671, 0.9683, 0.9695, 0.9732, 0.9683, 0.9675, 0.9685], [0.9612, 0.9541, 0.9569, 0.9546, 0.9536, 0.9584, 0.9609, 0.9528, 0.9589, 0.9558, 0.9638, 0.956, 0.9578, 0.9561, 0.9554, 0.9635, 0.9607, 0.9661, 0.9553, 0.962, 0.9602, 0.9525, 0.9527, 0.9558, 0.9573, 0.953, 0.9592, 0.9578]]	
Results: 	[[0.9588, 0.9587, 0.9589, 0.9637, 0.9595, 0.9637, 0.9617, 0.9667, 0.9614, 0.9618, 0.9596, 0.9587, 0.9658, 0.9626, 0.9639, 0.9547, 0.9588, 0.9599, 0.9603, 0.9603, 0.9566, 0.9617, 0.9596, 0.9623, 0.9607, 0.9612, 0.9585, 0.9596, 0.9631], [0.9671, 0.9662, 0.9728, 0.9666, 0.966, 0.9691, 0.9677, 0.9677, 0.9716, 0.9632, 0.9658, 0.9679, 0.9652, 0.9675, 0.9673, 0.9681, 0.9689, 0.9679, 0.9714, 0.9669, 0.9656, 0.9671, 0.9683, 0.9695, 0.9732, 0.9683, 0.9675, 0.9685, 0.9673], [0.9612, 0.9541, 0.9569, 0.9546, 0.9536, 0.9584, 0.9609, 0.9528, 0.9589, 0.9558, 0.9638, 0.956, 0.9578, 0.9561, 0.9554, 0.9635, 0.9607, 0.9661, 0.9553, 0.962, 0.9602, 0.9525, 0.9527, 0.9558, 0.9573, 0.953, 0.9592, 0.9578, 0.9576]]	
Results: 	[[0.9588, 0.9587, 0.9589, 0.9637, 0.9595, 0.9637, 0.9617, 0.9667, 0.9614, 0.9618, 0.9596, 0.9587, 0.9658, 0.9626, 0.9639, 0.9547, 0.9588, 0.9599, 0.9603, 0.9603, 0.9566, 0.9617, 0.9596, 0.9623, 0.9607, 0.9612, 0.9585, 0.9596, 0.9631, 0.9617], [0.9671, 0.9662, 0.9728, 0.9666, 0.966, 0.9691, 0.9677, 0.9677, 0.9716, 0.9632, 0.9658, 0.9679, 0.9652, 0.9675, 0.9673, 0.9681, 0.9689, 0.9679, 0.9714, 0.9669, 0.9656, 0.9671, 0.9683, 0.9695, 0.9732, 0.9683, 0.9675, 0.9685, 0.9673, 0.9669], [0.9612, 0.9541, 0.9569, 0.9546, 0.9536, 0.9584, 0.9609, 0.9528, 0.9589, 0.9558, 0.9638, 0.956, 0.9578, 0.9561, 0.9554, 0.9635, 0.9607, 0.9661, 0.9553, 0.962, 0.9602, 0.9525, 0.9527, 0.9558, 0.9573, 0.953, 0.9592, 0.9578, 0.9576, 0.9599]]
Support Sets: (Mean:0.9608166666666667, SD:0.0025519544009186003) | 	Support Sets: (Mean:0.9679033333333333, SD:0.0021610156190428526) | 	Support Sets: (Mean:0.9576633333333333, SD:0.0035655906637763702) | 	
