Results: 	[[0.6738], [0.7122], [0.7295]]	
Results: 	[[0.6738, 0.8632], [0.7122, 0.9541], [0.7295, 0.258]]	
Results: 	[[0.6738, 0.8632, 0.9448], [0.7122, 0.9541, 0.6704], [0.7295, 0.258, 0.6068]]	
Results: 	[[0.6738, 0.8632, 0.9448, 0.8145], [0.7122, 0.9541, 0.6704, 0.7282], [0.7295, 0.258, 0.6068, 0.9243]]	
Results: 	[[0.6738, 0.8632, 0.9448, 0.8145, 0.9263], [0.7122, 0.9541, 0.6704, 0.7282, 0.7024], [0.7295, 0.258, 0.6068, 0.9243, 0.7345]]	
Results: 	[[0.6738, 0.8632, 0.9448, 0.8145, 0.9263, 0.8663], [0.7122, 0.9541, 0.6704, 0.7282, 0.7024, 0.8206], [0.7295, 0.258, 0.6068, 0.9243, 0.7345, 0.6374]]	
Results: 	[[0.6738, 0.8632, 0.9448, 0.8145, 0.9263, 0.8663, 0.5323], [0.7122, 0.9541, 0.6704, 0.7282, 0.7024, 0.8206, 0.7732], [0.7295, 0.258, 0.6068, 0.9243, 0.7345, 0.6374, 0.4223]]	
Results: 	[[0.6738, 0.8632, 0.9448, 0.8145, 0.9263, 0.8663, 0.5323, 0.7813], [0.7122, 0.9541, 0.6704, 0.7282, 0.7024, 0.8206, 0.7732, 0.8105], [0.7295, 0.258, 0.6068, 0.9243, 0.7345, 0.6374, 0.4223, 0.8302]]	
Results: 	[[0.6738, 0.8632, 0.9448, 0.8145, 0.9263, 0.8663, 0.5323, 0.7813, 0.7213], [0.7122, 0.9541, 0.6704, 0.7282, 0.7024, 0.8206, 0.7732, 0.8105, 0.7179], [0.7295, 0.258, 0.6068, 0.9243, 0.7345, 0.6374, 0.4223, 0.8302, 0.6533]]	
Results: 	[[0.6738, 0.8632, 0.9448, 0.8145, 0.9263, 0.8663, 0.5323, 0.7813, 0.7213, 0.9735], [0.7122, 0.9541, 0.6704, 0.7282, 0.7024, 0.8206, 0.7732, 0.8105, 0.7179, 0.6825], [0.7295, 0.258, 0.6068, 0.9243, 0.7345, 0.6374, 0.4223, 0.8302, 0.6533, 0.9525]]	
Results: 	[[0.6738, 0.8632, 0.9448, 0.8145, 0.9263, 0.8663, 0.5323, 0.7813, 0.7213, 0.9735, 0.5982], [0.7122, 0.9541, 0.6704, 0.7282, 0.7024, 0.8206, 0.7732, 0.8105, 0.7179, 0.6825, 0.6196], [0.7295, 0.258, 0.6068, 0.9243, 0.7345, 0.6374, 0.4223, 0.8302, 0.6533, 0.9525, 0.8717]]	
Results: 	[[0.6738, 0.8632, 0.9448, 0.8145, 0.9263, 0.8663, 0.5323, 0.7813, 0.7213, 0.9735, 0.5982, 0.7652], [0.7122, 0.9541, 0.6704, 0.7282, 0.7024, 0.8206, 0.7732, 0.8105, 0.7179, 0.6825, 0.6196, 0.797], [0.7295, 0.258, 0.6068, 0.9243, 0.7345, 0.6374, 0.4223, 0.8302, 0.6533, 0.9525, 0.8717, 0.4738]]	
Results: 	[[0.6738, 0.8632, 0.9448, 0.8145, 0.9263, 0.8663, 0.5323, 0.7813, 0.7213, 0.9735, 0.5982, 0.7652, 0.6446], [0.7122, 0.9541, 0.6704, 0.7282, 0.7024, 0.8206, 0.7732, 0.8105, 0.7179, 0.6825, 0.6196, 0.797, 0.5162], [0.7295, 0.258, 0.6068, 0.9243, 0.7345, 0.6374, 0.4223, 0.8302, 0.6533, 0.9525, 0.8717, 0.4738, 0.3919]]	
Results: 	[[0.6738, 0.8632, 0.9448, 0.8145, 0.9263, 0.8663, 0.5323, 0.7813, 0.7213, 0.9735, 0.5982, 0.7652, 0.6446, 0.86], [0.7122, 0.9541, 0.6704, 0.7282, 0.7024, 0.8206, 0.7732, 0.8105, 0.7179, 0.6825, 0.6196, 0.797, 0.5162, 0.7386], [0.7295, 0.258, 0.6068, 0.9243, 0.7345, 0.6374, 0.4223, 0.8302, 0.6533, 0.9525, 0.8717, 0.4738, 0.3919, 0.7563]]	
Results: 	[[0.6738, 0.8632, 0.9448, 0.8145, 0.9263, 0.8663, 0.5323, 0.7813, 0.7213, 0.9735, 0.5982, 0.7652, 0.6446, 0.86, 0.84], [0.7122, 0.9541, 0.6704, 0.7282, 0.7024, 0.8206, 0.7732, 0.8105, 0.7179, 0.6825, 0.6196, 0.797, 0.5162, 0.7386, 0.7315], [0.7295, 0.258, 0.6068, 0.9243, 0.7345, 0.6374, 0.4223, 0.8302, 0.6533, 0.9525, 0.8717, 0.4738, 0.3919, 0.7563, 0.691]]	
Results: 	[[0.6738, 0.8632, 0.9448, 0.8145, 0.9263, 0.8663, 0.5323, 0.7813, 0.7213, 0.9735, 0.5982, 0.7652, 0.6446, 0.86, 0.84, 0.7369], [0.7122, 0.9541, 0.6704, 0.7282, 0.7024, 0.8206, 0.7732, 0.8105, 0.7179, 0.6825, 0.6196, 0.797, 0.5162, 0.7386, 0.7315, 0.7405], [0.7295, 0.258, 0.6068, 0.9243, 0.7345, 0.6374, 0.4223, 0.8302, 0.6533, 0.9525, 0.8717, 0.4738, 0.3919, 0.7563, 0.691, 0.8766]]	
Results: 	[[0.6738, 0.8632, 0.9448, 0.8145, 0.9263, 0.8663, 0.5323, 0.7813, 0.7213, 0.9735, 0.5982, 0.7652, 0.6446, 0.86, 0.84, 0.7369, 0.5842], [0.7122, 0.9541, 0.6704, 0.7282, 0.7024, 0.8206, 0.7732, 0.8105, 0.7179, 0.6825, 0.6196, 0.797, 0.5162, 0.7386, 0.7315, 0.7405, 0.7864], [0.7295, 0.258, 0.6068, 0.9243, 0.7345, 0.6374, 0.4223, 0.8302, 0.6533, 0.9525, 0.8717, 0.4738, 0.3919, 0.7563, 0.691, 0.8766, 0.4034]]	
Results: 	[[0.6738, 0.8632, 0.9448, 0.8145, 0.9263, 0.8663, 0.5323, 0.7813, 0.7213, 0.9735, 0.5982, 0.7652, 0.6446, 0.86, 0.84, 0.7369, 0.5842, 0.8381], [0.7122, 0.9541, 0.6704, 0.7282, 0.7024, 0.8206, 0.7732, 0.8105, 0.7179, 0.6825, 0.6196, 0.797, 0.5162, 0.7386, 0.7315, 0.7405, 0.7864, 0.7265], [0.7295, 0.258, 0.6068, 0.9243, 0.7345, 0.6374, 0.4223, 0.8302, 0.6533, 0.9525, 0.8717, 0.4738, 0.3919, 0.7563, 0.691, 0.8766, 0.4034, 0.5]]	
Results: 	[[0.6738, 0.8632, 0.9448, 0.8145, 0.9263, 0.8663, 0.5323, 0.7813, 0.7213, 0.9735, 0.5982, 0.7652, 0.6446, 0.86, 0.84, 0.7369, 0.5842, 0.8381, 0.8097], [0.7122, 0.9541, 0.6704, 0.7282, 0.7024, 0.8206, 0.7732, 0.8105, 0.7179, 0.6825, 0.6196, 0.797, 0.5162, 0.7386, 0.7315, 0.7405, 0.7864, 0.7265, 0.7614], [0.7295, 0.258, 0.6068, 0.9243, 0.7345, 0.6374, 0.4223, 0.8302, 0.6533, 0.9525, 0.8717, 0.4738, 0.3919, 0.7563, 0.691, 0.8766, 0.4034, 0.5, 0.7277]]	
Results: 	[[0.6738, 0.8632, 0.9448, 0.8145, 0.9263, 0.8663, 0.5323, 0.7813, 0.7213, 0.9735, 0.5982, 0.7652, 0.6446, 0.86, 0.84, 0.7369, 0.5842, 0.8381, 0.8097, 0.6075], [0.7122, 0.9541, 0.6704, 0.7282, 0.7024, 0.8206, 0.7732, 0.8105, 0.7179, 0.6825, 0.6196, 0.797, 0.5162, 0.7386, 0.7315, 0.7405, 0.7864, 0.7265, 0.7614, 0.577], [0.7295, 0.258, 0.6068, 0.9243, 0.7345, 0.6374, 0.4223, 0.8302, 0.6533, 0.9525, 0.8717, 0.4738, 0.3919, 0.7563, 0.691, 0.8766, 0.4034, 0.5, 0.7277, 0.7526]]	
Results: 	[[0.6738, 0.8632, 0.9448, 0.8145, 0.9263, 0.8663, 0.5323, 0.7813, 0.7213, 0.9735, 0.5982, 0.7652, 0.6446, 0.86, 0.84, 0.7369, 0.5842, 0.8381, 0.8097, 0.6075, 0.9285], [0.7122, 0.9541, 0.6704, 0.7282, 0.7024, 0.8206, 0.7732, 0.8105, 0.7179, 0.6825, 0.6196, 0.797, 0.5162, 0.7386, 0.7315, 0.7405, 0.7864, 0.7265, 0.7614, 0.577, 0.8456], [0.7295, 0.258, 0.6068, 0.9243, 0.7345, 0.6374, 0.4223, 0.8302, 0.6533, 0.9525, 0.8717, 0.4738, 0.3919, 0.7563, 0.691, 0.8766, 0.4034, 0.5, 0.7277, 0.7526, 0.9176]]	
Results: 	[[0.6738, 0.8632, 0.9448, 0.8145, 0.9263, 0.8663, 0.5323, 0.7813, 0.7213, 0.9735, 0.5982, 0.7652, 0.6446, 0.86, 0.84, 0.7369, 0.5842, 0.8381, 0.8097, 0.6075, 0.9285, 0.9364], [0.7122, 0.9541, 0.6704, 0.7282, 0.7024, 0.8206, 0.7732, 0.8105, 0.7179, 0.6825, 0.6196, 0.797, 0.5162, 0.7386, 0.7315, 0.7405, 0.7864, 0.7265, 0.7614, 0.577, 0.8456, 0.7435], [0.7295, 0.258, 0.6068, 0.9243, 0.7345, 0.6374, 0.4223, 0.8302, 0.6533, 0.9525, 0.8717, 0.4738, 0.3919, 0.7563, 0.691, 0.8766, 0.4034, 0.5, 0.7277, 0.7526, 0.9176, 0.683]]	
Results: 	[[0.6738, 0.8632, 0.9448, 0.8145, 0.9263, 0.8663, 0.5323, 0.7813, 0.7213, 0.9735, 0.5982, 0.7652, 0.6446, 0.86, 0.84, 0.7369, 0.5842, 0.8381, 0.8097, 0.6075, 0.9285, 0.9364, 0.8922], [0.7122, 0.9541, 0.6704, 0.7282, 0.7024, 0.8206, 0.7732, 0.8105, 0.7179, 0.6825, 0.6196, 0.797, 0.5162, 0.7386, 0.7315, 0.7405, 0.7864, 0.7265, 0.7614, 0.577, 0.8456, 0.7435, 0.5862], [0.7295, 0.258, 0.6068, 0.9243, 0.7345, 0.6374, 0.4223, 0.8302, 0.6533, 0.9525, 0.8717, 0.4738, 0.3919, 0.7563, 0.691, 0.8766, 0.4034, 0.5, 0.7277, 0.7526, 0.9176, 0.683, 0.5398]]	
Results: 	[[0.6738, 0.8632, 0.9448, 0.8145, 0.9263, 0.8663, 0.5323, 0.7813, 0.7213, 0.9735, 0.5982, 0.7652, 0.6446, 0.86, 0.84, 0.7369, 0.5842, 0.8381, 0.8097, 0.6075, 0.9285, 0.9364, 0.8922, 0.6771], [0.7122, 0.9541, 0.6704, 0.7282, 0.7024, 0.8206, 0.7732, 0.8105, 0.7179, 0.6825, 0.6196, 0.797, 0.5162, 0.7386, 0.7315, 0.7405, 0.7864, 0.7265, 0.7614, 0.577, 0.8456, 0.7435, 0.5862, 0.8656], [0.7295, 0.258, 0.6068, 0.9243, 0.7345, 0.6374, 0.4223, 0.8302, 0.6533, 0.9525, 0.8717, 0.4738, 0.3919, 0.7563, 0.691, 0.8766, 0.4034, 0.5, 0.7277, 0.7526, 0.9176, 0.683, 0.5398, 0.6135]]	
Results: 	[[0.6738, 0.8632, 0.9448, 0.8145, 0.9263, 0.8663, 0.5323, 0.7813, 0.7213, 0.9735, 0.5982, 0.7652, 0.6446, 0.86, 0.84, 0.7369, 0.5842, 0.8381, 0.8097, 0.6075, 0.9285, 0.9364, 0.8922, 0.6771, 0.9437], [0.7122, 0.9541, 0.6704, 0.7282, 0.7024, 0.8206, 0.7732, 0.8105, 0.7179, 0.6825, 0.6196, 0.797, 0.5162, 0.7386, 0.7315, 0.7405, 0.7864, 0.7265, 0.7614, 0.577, 0.8456, 0.7435, 0.5862, 0.8656, 0.7196], [0.7295, 0.258, 0.6068, 0.9243, 0.7345, 0.6374, 0.4223, 0.8302, 0.6533, 0.9525, 0.8717, 0.4738, 0.3919, 0.7563, 0.691, 0.8766, 0.4034, 0.5, 0.7277, 0.7526, 0.9176, 0.683, 0.5398, 0.6135, 0.6007]]	
Results: 	[[0.6738, 0.8632, 0.9448, 0.8145, 0.9263, 0.8663, 0.5323, 0.7813, 0.7213, 0.9735, 0.5982, 0.7652, 0.6446, 0.86, 0.84, 0.7369, 0.5842, 0.8381, 0.8097, 0.6075, 0.9285, 0.9364, 0.8922, 0.6771, 0.9437, 0.6978], [0.7122, 0.9541, 0.6704, 0.7282, 0.7024, 0.8206, 0.7732, 0.8105, 0.7179, 0.6825, 0.6196, 0.797, 0.5162, 0.7386, 0.7315, 0.7405, 0.7864, 0.7265, 0.7614, 0.577, 0.8456, 0.7435, 0.5862, 0.8656, 0.7196, 0.915], [0.7295, 0.258, 0.6068, 0.9243, 0.7345, 0.6374, 0.4223, 0.8302, 0.6533, 0.9525, 0.8717, 0.4738, 0.3919, 0.7563, 0.691, 0.8766, 0.4034, 0.5, 0.7277, 0.7526, 0.9176, 0.683, 0.5398, 0.6135, 0.6007, 0.6314]]	
Results: 	[[0.6738, 0.8632, 0.9448, 0.8145, 0.9263, 0.8663, 0.5323, 0.7813, 0.7213, 0.9735, 0.5982, 0.7652, 0.6446, 0.86, 0.84, 0.7369, 0.5842, 0.8381, 0.8097, 0.6075, 0.9285, 0.9364, 0.8922, 0.6771, 0.9437, 0.6978, 0.9642], [0.7122, 0.9541, 0.6704, 0.7282, 0.7024, 0.8206, 0.7732, 0.8105, 0.7179, 0.6825, 0.6196, 0.797, 0.5162, 0.7386, 0.7315, 0.7405, 0.7864, 0.7265, 0.7614, 0.577, 0.8456, 0.7435, 0.5862, 0.8656, 0.7196, 0.915, 0.8966], [0.7295, 0.258, 0.6068, 0.9243, 0.7345, 0.6374, 0.4223, 0.8302, 0.6533, 0.9525, 0.8717, 0.4738, 0.3919, 0.7563, 0.691, 0.8766, 0.4034, 0.5, 0.7277, 0.7526, 0.9176, 0.683, 0.5398, 0.6135, 0.6007, 0.6314, 0.6646]]	
Results: 	[[0.6738, 0.8632, 0.9448, 0.8145, 0.9263, 0.8663, 0.5323, 0.7813, 0.7213, 0.9735, 0.5982, 0.7652, 0.6446, 0.86, 0.84, 0.7369, 0.5842, 0.8381, 0.8097, 0.6075, 0.9285, 0.9364, 0.8922, 0.6771, 0.9437, 0.6978, 0.9642, 0.5951], [0.7122, 0.9541, 0.6704, 0.7282, 0.7024, 0.8206, 0.7732, 0.8105, 0.7179, 0.6825, 0.6196, 0.797, 0.5162, 0.7386, 0.7315, 0.7405, 0.7864, 0.7265, 0.7614, 0.577, 0.8456, 0.7435, 0.5862, 0.8656, 0.7196, 0.915, 0.8966, 0.6637], [0.7295, 0.258, 0.6068, 0.9243, 0.7345, 0.6374, 0.4223, 0.8302, 0.6533, 0.9525, 0.8717, 0.4738, 0.3919, 0.7563, 0.691, 0.8766, 0.4034, 0.5, 0.7277, 0.7526, 0.9176, 0.683, 0.5398, 0.6135, 0.6007, 0.6314, 0.6646, 0.4173]]	
Results: 	[[0.6738, 0.8632, 0.9448, 0.8145, 0.9263, 0.8663, 0.5323, 0.7813, 0.7213, 0.9735, 0.5982, 0.7652, 0.6446, 0.86, 0.84, 0.7369, 0.5842, 0.8381, 0.8097, 0.6075, 0.9285, 0.9364, 0.8922, 0.6771, 0.9437, 0.6978, 0.9642, 0.5951, 0.8466], [0.7122, 0.9541, 0.6704, 0.7282, 0.7024, 0.8206, 0.7732, 0.8105, 0.7179, 0.6825, 0.6196, 0.797, 0.5162, 0.7386, 0.7315, 0.7405, 0.7864, 0.7265, 0.7614, 0.577, 0.8456, 0.7435, 0.5862, 0.8656, 0.7196, 0.915, 0.8966, 0.6637, 0.9383], [0.7295, 0.258, 0.6068, 0.9243, 0.7345, 0.6374, 0.4223, 0.8302, 0.6533, 0.9525, 0.8717, 0.4738, 0.3919, 0.7563, 0.691, 0.8766, 0.4034, 0.5, 0.7277, 0.7526, 0.9176, 0.683, 0.5398, 0.6135, 0.6007, 0.6314, 0.6646, 0.4173, 0.3582]]	
Results: 	[[0.6738, 0.8632, 0.9448, 0.8145, 0.9263, 0.8663, 0.5323, 0.7813, 0.7213, 0.9735, 0.5982, 0.7652, 0.6446, 0.86, 0.84, 0.7369, 0.5842, 0.8381, 0.8097, 0.6075, 0.9285, 0.9364, 0.8922, 0.6771, 0.9437, 0.6978, 0.9642, 0.5951, 0.8466, 0.6265], [0.7122, 0.9541, 0.6704, 0.7282, 0.7024, 0.8206, 0.7732, 0.8105, 0.7179, 0.6825, 0.6196, 0.797, 0.5162, 0.7386, 0.7315, 0.7405, 0.7864, 0.7265, 0.7614, 0.577, 0.8456, 0.7435, 0.5862, 0.8656, 0.7196, 0.915, 0.8966, 0.6637, 0.9383, 0.8875], [0.7295, 0.258, 0.6068, 0.9243, 0.7345, 0.6374, 0.4223, 0.8302, 0.6533, 0.9525, 0.8717, 0.4738, 0.3919, 0.7563, 0.691, 0.8766, 0.4034, 0.5, 0.7277, 0.7526, 0.9176, 0.683, 0.5398, 0.6135, 0.6007, 0.6314, 0.6646, 0.4173, 0.3582, 0.6673]]
Support Sets: (Mean:0.7829933333333333, SD:0.13294418827238105) | 	Support Sets: (Mean:0.7542766666666667, SD:0.10725168814147124) | 	Support Sets: (Mean:0.6429066666666666, SD:0.1818007889162605) | 	
