Results: 	[[0.7607], [0.9554], [0.7958], [0.6848], [0.5117], [0.8084]]	
Results: 	[[0.7607, 0.7837], [0.9554, 0.9469], [0.7958, 0.7892], [0.6848, 0.698], [0.5117, 0.5128], [0.8084, 0.8115]]	
Results: 	[[0.7607, 0.7837, 0.7709], [0.9554, 0.9469, 0.9558], [0.7958, 0.7892, 0.7958], [0.6848, 0.698, 0.705], [0.5117, 0.5128, 0.5346], [0.8084, 0.8115, 0.8088]]	
Results: 	[[0.7607, 0.7837, 0.7709, 0.773], [0.9554, 0.9469, 0.9558, 0.9558], [0.7958, 0.7892, 0.7958, 0.7986], [0.6848, 0.698, 0.705, 0.683], [0.5117, 0.5128, 0.5346, 0.5148], [0.8084, 0.8115, 0.8088, 0.7976]]	
Results: 	[[0.7607, 0.7837, 0.7709, 0.773, 0.7766], [0.9554, 0.9469, 0.9558, 0.9558, 0.9469], [0.7958, 0.7892, 0.7958, 0.7986, 0.7921], [0.6848, 0.698, 0.705, 0.683, 0.6966], [0.5117, 0.5128, 0.5346, 0.5148, 0.523], [0.8084, 0.8115, 0.8088, 0.7976, 0.8032]]	
Results: 	[[0.7607, 0.7837, 0.7709, 0.773, 0.7766, 0.7682], [0.9554, 0.9469, 0.9558, 0.9558, 0.9469, 0.9464], [0.7958, 0.7892, 0.7958, 0.7986, 0.7921, 0.8005], [0.6848, 0.698, 0.705, 0.683, 0.6966, 0.6932], [0.5117, 0.5128, 0.5346, 0.5148, 0.523, 0.5179], [0.8084, 0.8115, 0.8088, 0.7976, 0.8032, 0.8139]]	
Results: 	[[0.7607, 0.7837, 0.7709, 0.773, 0.7766, 0.7682, 0.7723], [0.9554, 0.9469, 0.9558, 0.9558, 0.9469, 0.9464, 0.9381], [0.7958, 0.7892, 0.7958, 0.7986, 0.7921, 0.8005, 0.7963], [0.6848, 0.698, 0.705, 0.683, 0.6966, 0.6932, 0.7007], [0.5117, 0.5128, 0.5346, 0.5148, 0.523, 0.5179, 0.5058], [0.8084, 0.8115, 0.8088, 0.7976, 0.8032, 0.8139, 0.7932]]	
Results: 	[[0.7607, 0.7837, 0.7709, 0.773, 0.7766, 0.7682, 0.7723, 0.7842], [0.9554, 0.9469, 0.9558, 0.9558, 0.9469, 0.9464, 0.9381, 0.9469], [0.7958, 0.7892, 0.7958, 0.7986, 0.7921, 0.8005, 0.7963, 0.8047], [0.6848, 0.698, 0.705, 0.683, 0.6966, 0.6932, 0.7007, 0.6962], [0.5117, 0.5128, 0.5346, 0.5148, 0.523, 0.5179, 0.5058, 0.5191], [0.8084, 0.8115, 0.8088, 0.7976, 0.8032, 0.8139, 0.7932, 0.7956]]	
Results: 	[[0.7607, 0.7837, 0.7709, 0.773, 0.7766, 0.7682, 0.7723, 0.7842, 0.7851], [0.9554, 0.9469, 0.9558, 0.9558, 0.9469, 0.9464, 0.9381, 0.9469, 0.9381], [0.7958, 0.7892, 0.7958, 0.7986, 0.7921, 0.8005, 0.7963, 0.8047, 0.8019], [0.6848, 0.698, 0.705, 0.683, 0.6966, 0.6932, 0.7007, 0.6962, 0.695], [0.5117, 0.5128, 0.5346, 0.5148, 0.523, 0.5179, 0.5058, 0.5191, 0.507], [0.8084, 0.8115, 0.8088, 0.7976, 0.8032, 0.8139, 0.7932, 0.7956, 0.8056]]	
Results: 	[[0.7607, 0.7837, 0.7709, 0.773, 0.7766, 0.7682, 0.7723, 0.7842, 0.7851, 0.7666], [0.9554, 0.9469, 0.9558, 0.9558, 0.9469, 0.9464, 0.9381, 0.9469, 0.9381, 0.9558], [0.7958, 0.7892, 0.7958, 0.7986, 0.7921, 0.8005, 0.7963, 0.8047, 0.8019, 0.7916], [0.6848, 0.698, 0.705, 0.683, 0.6966, 0.6932, 0.7007, 0.6962, 0.695, 0.6914], [0.5117, 0.5128, 0.5346, 0.5148, 0.523, 0.5179, 0.5058, 0.5191, 0.507, 0.5206], [0.8084, 0.8115, 0.8088, 0.7976, 0.8032, 0.8139, 0.7932, 0.7956, 0.8056, 0.7941]]	
Results: 	[[0.7607, 0.7837, 0.7709, 0.773, 0.7766, 0.7682, 0.7723, 0.7842, 0.7851, 0.7666, 0.7633], [0.9554, 0.9469, 0.9558, 0.9558, 0.9469, 0.9464, 0.9381, 0.9469, 0.9381, 0.9558, 0.9646], [0.7958, 0.7892, 0.7958, 0.7986, 0.7921, 0.8005, 0.7963, 0.8047, 0.8019, 0.7916, 0.8019], [0.6848, 0.698, 0.705, 0.683, 0.6966, 0.6932, 0.7007, 0.6962, 0.695, 0.6914, 0.6963], [0.5117, 0.5128, 0.5346, 0.5148, 0.523, 0.5179, 0.5058, 0.5191, 0.507, 0.5206, 0.5253], [0.8084, 0.8115, 0.8088, 0.7976, 0.8032, 0.8139, 0.7932, 0.7956, 0.8056, 0.7941, 0.8178]]	
Results: 	[[0.7607, 0.7837, 0.7709, 0.773, 0.7766, 0.7682, 0.7723, 0.7842, 0.7851, 0.7666, 0.7633, 0.7771], [0.9554, 0.9469, 0.9558, 0.9558, 0.9469, 0.9464, 0.9381, 0.9469, 0.9381, 0.9558, 0.9646, 0.9469], [0.7958, 0.7892, 0.7958, 0.7986, 0.7921, 0.8005, 0.7963, 0.8047, 0.8019, 0.7916, 0.8019, 0.8009], [0.6848, 0.698, 0.705, 0.683, 0.6966, 0.6932, 0.7007, 0.6962, 0.695, 0.6914, 0.6963, 0.6993], [0.5117, 0.5128, 0.5346, 0.5148, 0.523, 0.5179, 0.5058, 0.5191, 0.507, 0.5206, 0.5253, 0.5004], [0.8084, 0.8115, 0.8088, 0.7976, 0.8032, 0.8139, 0.7932, 0.7956, 0.8056, 0.7941, 0.8178, 0.7925]]	
Results: 	[[0.7607, 0.7837, 0.7709, 0.773, 0.7766, 0.7682, 0.7723, 0.7842, 0.7851, 0.7666, 0.7633, 0.7771, 0.7842], [0.9554, 0.9469, 0.9558, 0.9558, 0.9469, 0.9464, 0.9381, 0.9469, 0.9381, 0.9558, 0.9646, 0.9469, 0.9464], [0.7958, 0.7892, 0.7958, 0.7986, 0.7921, 0.8005, 0.7963, 0.8047, 0.8019, 0.7916, 0.8019, 0.8009, 0.8009], [0.6848, 0.698, 0.705, 0.683, 0.6966, 0.6932, 0.7007, 0.6962, 0.695, 0.6914, 0.6963, 0.6993, 0.6993], [0.5117, 0.5128, 0.5346, 0.5148, 0.523, 0.5179, 0.5058, 0.5191, 0.507, 0.5206, 0.5253, 0.5004, 0.5121], [0.8084, 0.8115, 0.8088, 0.7976, 0.8032, 0.8139, 0.7932, 0.7956, 0.8056, 0.7941, 0.8178, 0.7925, 0.8095]]	
Results: 	[[0.7607, 0.7837, 0.7709, 0.773, 0.7766, 0.7682, 0.7723, 0.7842, 0.7851, 0.7666, 0.7633, 0.7771, 0.7842, 0.7761], [0.9554, 0.9469, 0.9558, 0.9558, 0.9469, 0.9464, 0.9381, 0.9469, 0.9381, 0.9558, 0.9646, 0.9469, 0.9464, 0.9646], [0.7958, 0.7892, 0.7958, 0.7986, 0.7921, 0.8005, 0.7963, 0.8047, 0.8019, 0.7916, 0.8019, 0.8009, 0.8009, 0.7929], [0.6848, 0.698, 0.705, 0.683, 0.6966, 0.6932, 0.7007, 0.6962, 0.695, 0.6914, 0.6963, 0.6993, 0.6993, 0.6812], [0.5117, 0.5128, 0.5346, 0.5148, 0.523, 0.5179, 0.5058, 0.5191, 0.507, 0.5206, 0.5253, 0.5004, 0.5121, 0.5027], [0.8084, 0.8115, 0.8088, 0.7976, 0.8032, 0.8139, 0.7932, 0.7956, 0.8056, 0.7941, 0.8178, 0.7925, 0.8095, 0.7956]]	
Results: 	[[0.7607, 0.7837, 0.7709, 0.773, 0.7766, 0.7682, 0.7723, 0.7842, 0.7851, 0.7666, 0.7633, 0.7771, 0.7842, 0.7761, 0.7804], [0.9554, 0.9469, 0.9558, 0.9558, 0.9469, 0.9464, 0.9381, 0.9469, 0.9381, 0.9558, 0.9646, 0.9469, 0.9464, 0.9646, 0.9554], [0.7958, 0.7892, 0.7958, 0.7986, 0.7921, 0.8005, 0.7963, 0.8047, 0.8019, 0.7916, 0.8019, 0.8009, 0.8009, 0.7929, 0.8005], [0.6848, 0.698, 0.705, 0.683, 0.6966, 0.6932, 0.7007, 0.6962, 0.695, 0.6914, 0.6963, 0.6993, 0.6993, 0.6812, 0.6993], [0.5117, 0.5128, 0.5346, 0.5148, 0.523, 0.5179, 0.5058, 0.5191, 0.507, 0.5206, 0.5253, 0.5004, 0.5121, 0.5027, 0.5089], [0.8084, 0.8115, 0.8088, 0.7976, 0.8032, 0.8139, 0.7932, 0.7956, 0.8056, 0.7941, 0.8178, 0.7925, 0.8095, 0.7956, 0.7976]]	
Results: 	[[0.7607, 0.7837, 0.7709, 0.773, 0.7766, 0.7682, 0.7723, 0.7842, 0.7851, 0.7666, 0.7633, 0.7771, 0.7842, 0.7761, 0.7804, 0.7638], [0.9554, 0.9469, 0.9558, 0.9558, 0.9469, 0.9464, 0.9381, 0.9469, 0.9381, 0.9558, 0.9646, 0.9469, 0.9464, 0.9646, 0.9554, 0.9469], [0.7958, 0.7892, 0.7958, 0.7986, 0.7921, 0.8005, 0.7963, 0.8047, 0.8019, 0.7916, 0.8019, 0.8009, 0.8009, 0.7929, 0.8005, 0.8009], [0.6848, 0.698, 0.705, 0.683, 0.6966, 0.6932, 0.7007, 0.6962, 0.695, 0.6914, 0.6963, 0.6993, 0.6993, 0.6812, 0.6993, 0.6874], [0.5117, 0.5128, 0.5346, 0.5148, 0.523, 0.5179, 0.5058, 0.5191, 0.507, 0.5206, 0.5253, 0.5004, 0.5121, 0.5027, 0.5089, 0.5214], [0.8084, 0.8115, 0.8088, 0.7976, 0.8032, 0.8139, 0.7932, 0.7956, 0.8056, 0.7941, 0.8178, 0.7925, 0.8095, 0.7956, 0.7976, 0.7992]]	
Results: 	[[0.7607, 0.7837, 0.7709, 0.773, 0.7766, 0.7682, 0.7723, 0.7842, 0.7851, 0.7666, 0.7633, 0.7771, 0.7842, 0.7761, 0.7804, 0.7638, 0.7761], [0.9554, 0.9469, 0.9558, 0.9558, 0.9469, 0.9464, 0.9381, 0.9469, 0.9381, 0.9558, 0.9646, 0.9469, 0.9464, 0.9646, 0.9554, 0.9469, 0.9469], [0.7958, 0.7892, 0.7958, 0.7986, 0.7921, 0.8005, 0.7963, 0.8047, 0.8019, 0.7916, 0.8019, 0.8009, 0.8009, 0.7929, 0.8005, 0.8009, 0.7916], [0.6848, 0.698, 0.705, 0.683, 0.6966, 0.6932, 0.7007, 0.6962, 0.695, 0.6914, 0.6963, 0.6993, 0.6993, 0.6812, 0.6993, 0.6874, 0.6963], [0.5117, 0.5128, 0.5346, 0.5148, 0.523, 0.5179, 0.5058, 0.5191, 0.507, 0.5206, 0.5253, 0.5004, 0.5121, 0.5027, 0.5089, 0.5214, 0.5023], [0.8084, 0.8115, 0.8088, 0.7976, 0.8032, 0.8139, 0.7932, 0.7956, 0.8056, 0.7941, 0.8178, 0.7925, 0.8095, 0.7956, 0.7976, 0.7992, 0.8056]]	
Results: 	[[0.7607, 0.7837, 0.7709, 0.773, 0.7766, 0.7682, 0.7723, 0.7842, 0.7851, 0.7666, 0.7633, 0.7771, 0.7842, 0.7761, 0.7804, 0.7638, 0.7761, 0.773], [0.9554, 0.9469, 0.9558, 0.9558, 0.9469, 0.9464, 0.9381, 0.9469, 0.9381, 0.9558, 0.9646, 0.9469, 0.9464, 0.9646, 0.9554, 0.9469, 0.9469, 0.9469], [0.7958, 0.7892, 0.7958, 0.7986, 0.7921, 0.8005, 0.7963, 0.8047, 0.8019, 0.7916, 0.8019, 0.8009, 0.8009, 0.7929, 0.8005, 0.8009, 0.7916, 0.8005], [0.6848, 0.698, 0.705, 0.683, 0.6966, 0.6932, 0.7007, 0.6962, 0.695, 0.6914, 0.6963, 0.6993, 0.6993, 0.6812, 0.6993, 0.6874, 0.6963, 0.702], [0.5117, 0.5128, 0.5346, 0.5148, 0.523, 0.5179, 0.5058, 0.5191, 0.507, 0.5206, 0.5253, 0.5004, 0.5121, 0.5027, 0.5089, 0.5214, 0.5023, 0.5163], [0.8084, 0.8115, 0.8088, 0.7976, 0.8032, 0.8139, 0.7932, 0.7956, 0.8056, 0.7941, 0.8178, 0.7925, 0.8095, 0.7956, 0.7976, 0.7992, 0.8056, 0.7908]]	
Results: 	[[0.7607, 0.7837, 0.7709, 0.773, 0.7766, 0.7682, 0.7723, 0.7842, 0.7851, 0.7666, 0.7633, 0.7771, 0.7842, 0.7761, 0.7804, 0.7638, 0.7761, 0.773, 0.7752], [0.9554, 0.9469, 0.9558, 0.9558, 0.9469, 0.9464, 0.9381, 0.9469, 0.9381, 0.9558, 0.9646, 0.9469, 0.9464, 0.9646, 0.9554, 0.9469, 0.9469, 0.9469, 0.9375], [0.7958, 0.7892, 0.7958, 0.7986, 0.7921, 0.8005, 0.7963, 0.8047, 0.8019, 0.7916, 0.8019, 0.8009, 0.8009, 0.7929, 0.8005, 0.8009, 0.7916, 0.8005, 0.7963], [0.6848, 0.698, 0.705, 0.683, 0.6966, 0.6932, 0.7007, 0.6962, 0.695, 0.6914, 0.6963, 0.6993, 0.6993, 0.6812, 0.6993, 0.6874, 0.6963, 0.702, 0.6839], [0.5117, 0.5128, 0.5346, 0.5148, 0.523, 0.5179, 0.5058, 0.5191, 0.507, 0.5206, 0.5253, 0.5004, 0.5121, 0.5027, 0.5089, 0.5214, 0.5023, 0.5163, 0.5183], [0.8084, 0.8115, 0.8088, 0.7976, 0.8032, 0.8139, 0.7932, 0.7956, 0.8056, 0.7941, 0.8178, 0.7925, 0.8095, 0.7956, 0.7976, 0.7992, 0.8056, 0.7908, 0.8032]]	
Results: 	[[0.7607, 0.7837, 0.7709, 0.773, 0.7766, 0.7682, 0.7723, 0.7842, 0.7851, 0.7666, 0.7633, 0.7771, 0.7842, 0.7761, 0.7804, 0.7638, 0.7761, 0.773, 0.7752, 0.7821], [0.9554, 0.9469, 0.9558, 0.9558, 0.9469, 0.9464, 0.9381, 0.9469, 0.9381, 0.9558, 0.9646, 0.9469, 0.9464, 0.9646, 0.9554, 0.9469, 0.9469, 0.9469, 0.9375, 0.9469], [0.7958, 0.7892, 0.7958, 0.7986, 0.7921, 0.8005, 0.7963, 0.8047, 0.8019, 0.7916, 0.8019, 0.8009, 0.8009, 0.7929, 0.8005, 0.8009, 0.7916, 0.8005, 0.7963, 0.8037], [0.6848, 0.698, 0.705, 0.683, 0.6966, 0.6932, 0.7007, 0.6962, 0.695, 0.6914, 0.6963, 0.6993, 0.6993, 0.6812, 0.6993, 0.6874, 0.6963, 0.702, 0.6839, 0.698], [0.5117, 0.5128, 0.5346, 0.5148, 0.523, 0.5179, 0.5058, 0.5191, 0.507, 0.5206, 0.5253, 0.5004, 0.5121, 0.5027, 0.5089, 0.5214, 0.5023, 0.5163, 0.5183, 0.5152], [0.8084, 0.8115, 0.8088, 0.7976, 0.8032, 0.8139, 0.7932, 0.7956, 0.8056, 0.7941, 0.8178, 0.7925, 0.8095, 0.7956, 0.7976, 0.7992, 0.8056, 0.7908, 0.8032, 0.804]]	
Results: 	[[0.7607, 0.7837, 0.7709, 0.773, 0.7766, 0.7682, 0.7723, 0.7842, 0.7851, 0.7666, 0.7633, 0.7771, 0.7842, 0.7761, 0.7804, 0.7638, 0.7761, 0.773, 0.7752, 0.7821, 0.7607], [0.9554, 0.9469, 0.9558, 0.9558, 0.9469, 0.9464, 0.9381, 0.9469, 0.9381, 0.9558, 0.9646, 0.9469, 0.9464, 0.9646, 0.9554, 0.9469, 0.9469, 0.9469, 0.9375, 0.9469, 0.9558], [0.7958, 0.7892, 0.7958, 0.7986, 0.7921, 0.8005, 0.7963, 0.8047, 0.8019, 0.7916, 0.8019, 0.8009, 0.8009, 0.7929, 0.8005, 0.8009, 0.7916, 0.8005, 0.7963, 0.8037, 0.8056], [0.6848, 0.698, 0.705, 0.683, 0.6966, 0.6932, 0.7007, 0.6962, 0.695, 0.6914, 0.6963, 0.6993, 0.6993, 0.6812, 0.6993, 0.6874, 0.6963, 0.702, 0.6839, 0.698, 0.6941], [0.5117, 0.5128, 0.5346, 0.5148, 0.523, 0.5179, 0.5058, 0.5191, 0.507, 0.5206, 0.5253, 0.5004, 0.5121, 0.5027, 0.5089, 0.5214, 0.5023, 0.5163, 0.5183, 0.5152, 0.5167], [0.8084, 0.8115, 0.8088, 0.7976, 0.8032, 0.8139, 0.7932, 0.7956, 0.8056, 0.7941, 0.8178, 0.7925, 0.8095, 0.7956, 0.7976, 0.7992, 0.8056, 0.7908, 0.8032, 0.804, 0.7948]]	
Results: 	[[0.7607, 0.7837, 0.7709, 0.773, 0.7766, 0.7682, 0.7723, 0.7842, 0.7851, 0.7666, 0.7633, 0.7771, 0.7842, 0.7761, 0.7804, 0.7638, 0.7761, 0.773, 0.7752, 0.7821, 0.7607, 0.7834], [0.9554, 0.9469, 0.9558, 0.9558, 0.9469, 0.9464, 0.9381, 0.9469, 0.9381, 0.9558, 0.9646, 0.9469, 0.9464, 0.9646, 0.9554, 0.9469, 0.9469, 0.9469, 0.9375, 0.9469, 0.9558, 0.9558], [0.7958, 0.7892, 0.7958, 0.7986, 0.7921, 0.8005, 0.7963, 0.8047, 0.8019, 0.7916, 0.8019, 0.8009, 0.8009, 0.7929, 0.8005, 0.8009, 0.7916, 0.8005, 0.7963, 0.8037, 0.8056, 0.7995], [0.6848, 0.698, 0.705, 0.683, 0.6966, 0.6932, 0.7007, 0.6962, 0.695, 0.6914, 0.6963, 0.6993, 0.6993, 0.6812, 0.6993, 0.6874, 0.6963, 0.702, 0.6839, 0.698, 0.6941, 0.7016], [0.5117, 0.5128, 0.5346, 0.5148, 0.523, 0.5179, 0.5058, 0.5191, 0.507, 0.5206, 0.5253, 0.5004, 0.5121, 0.5027, 0.5089, 0.5214, 0.5023, 0.5163, 0.5183, 0.5152, 0.5167, 0.5113], [0.8084, 0.8115, 0.8088, 0.7976, 0.8032, 0.8139, 0.7932, 0.7956, 0.8056, 0.7941, 0.8178, 0.7925, 0.8095, 0.7956, 0.7976, 0.7992, 0.8056, 0.7908, 0.8032, 0.804, 0.7948, 0.8091]]	
Results: 	[[0.7607, 0.7837, 0.7709, 0.773, 0.7766, 0.7682, 0.7723, 0.7842, 0.7851, 0.7666, 0.7633, 0.7771, 0.7842, 0.7761, 0.7804, 0.7638, 0.7761, 0.773, 0.7752, 0.7821, 0.7607, 0.7834, 0.7809], [0.9554, 0.9469, 0.9558, 0.9558, 0.9469, 0.9464, 0.9381, 0.9469, 0.9381, 0.9558, 0.9646, 0.9469, 0.9464, 0.9646, 0.9554, 0.9469, 0.9469, 0.9469, 0.9375, 0.9469, 0.9558, 0.9558, 0.9554], [0.7958, 0.7892, 0.7958, 0.7986, 0.7921, 0.8005, 0.7963, 0.8047, 0.8019, 0.7916, 0.8019, 0.8009, 0.8009, 0.7929, 0.8005, 0.8009, 0.7916, 0.8005, 0.7963, 0.8037, 0.8056, 0.7995, 0.7934], [0.6848, 0.698, 0.705, 0.683, 0.6966, 0.6932, 0.7007, 0.6962, 0.695, 0.6914, 0.6963, 0.6993, 0.6993, 0.6812, 0.6993, 0.6874, 0.6963, 0.702, 0.6839, 0.698, 0.6941, 0.7016, 0.6844], [0.5117, 0.5128, 0.5346, 0.5148, 0.523, 0.5179, 0.5058, 0.5191, 0.507, 0.5206, 0.5253, 0.5004, 0.5121, 0.5027, 0.5089, 0.5214, 0.5023, 0.5163, 0.5183, 0.5152, 0.5167, 0.5113, 0.5089], [0.8084, 0.8115, 0.8088, 0.7976, 0.8032, 0.8139, 0.7932, 0.7956, 0.8056, 0.7941, 0.8178, 0.7925, 0.8095, 0.7956, 0.7976, 0.7992, 0.8056, 0.7908, 0.8032, 0.804, 0.7948, 0.8091, 0.8056]]	
Results: 	[[0.7607, 0.7837, 0.7709, 0.773, 0.7766, 0.7682, 0.7723, 0.7842, 0.7851, 0.7666, 0.7633, 0.7771, 0.7842, 0.7761, 0.7804, 0.7638, 0.7761, 0.773, 0.7752, 0.7821, 0.7607, 0.7834, 0.7809, 0.7787], [0.9554, 0.9469, 0.9558, 0.9558, 0.9469, 0.9464, 0.9381, 0.9469, 0.9381, 0.9558, 0.9646, 0.9469, 0.9464, 0.9646, 0.9554, 0.9469, 0.9469, 0.9469, 0.9375, 0.9469, 0.9558, 0.9558, 0.9554, 0.9554], [0.7958, 0.7892, 0.7958, 0.7986, 0.7921, 0.8005, 0.7963, 0.8047, 0.8019, 0.7916, 0.8019, 0.8009, 0.8009, 0.7929, 0.8005, 0.8009, 0.7916, 0.8005, 0.7963, 0.8037, 0.8056, 0.7995, 0.7934, 0.8037], [0.6848, 0.698, 0.705, 0.683, 0.6966, 0.6932, 0.7007, 0.6962, 0.695, 0.6914, 0.6963, 0.6993, 0.6993, 0.6812, 0.6993, 0.6874, 0.6963, 0.702, 0.6839, 0.698, 0.6941, 0.7016, 0.6844, 0.6931], [0.5117, 0.5128, 0.5346, 0.5148, 0.523, 0.5179, 0.5058, 0.5191, 0.507, 0.5206, 0.5253, 0.5004, 0.5121, 0.5027, 0.5089, 0.5214, 0.5023, 0.5163, 0.5183, 0.5152, 0.5167, 0.5113, 0.5089, 0.5268], [0.8084, 0.8115, 0.8088, 0.7976, 0.8032, 0.8139, 0.7932, 0.7956, 0.8056, 0.7941, 0.8178, 0.7925, 0.8095, 0.7956, 0.7976, 0.7992, 0.8056, 0.7908, 0.8032, 0.804, 0.7948, 0.8091, 0.8056, 0.8068]]	
Results: 	[[0.7607, 0.7837, 0.7709, 0.773, 0.7766, 0.7682, 0.7723, 0.7842, 0.7851, 0.7666, 0.7633, 0.7771, 0.7842, 0.7761, 0.7804, 0.7638, 0.7761, 0.773, 0.7752, 0.7821, 0.7607, 0.7834, 0.7809, 0.7787, 0.7702], [0.9554, 0.9469, 0.9558, 0.9558, 0.9469, 0.9464, 0.9381, 0.9469, 0.9381, 0.9558, 0.9646, 0.9469, 0.9464, 0.9646, 0.9554, 0.9469, 0.9469, 0.9469, 0.9375, 0.9469, 0.9558, 0.9558, 0.9554, 0.9554, 0.9464], [0.7958, 0.7892, 0.7958, 0.7986, 0.7921, 0.8005, 0.7963, 0.8047, 0.8019, 0.7916, 0.8019, 0.8009, 0.8009, 0.7929, 0.8005, 0.8009, 0.7916, 0.8005, 0.7963, 0.8037, 0.8056, 0.7995, 0.7934, 0.8037, 0.8033], [0.6848, 0.698, 0.705, 0.683, 0.6966, 0.6932, 0.7007, 0.6962, 0.695, 0.6914, 0.6963, 0.6993, 0.6993, 0.6812, 0.6993, 0.6874, 0.6963, 0.702, 0.6839, 0.698, 0.6941, 0.7016, 0.6844, 0.6931, 0.6834], [0.5117, 0.5128, 0.5346, 0.5148, 0.523, 0.5179, 0.5058, 0.5191, 0.507, 0.5206, 0.5253, 0.5004, 0.5121, 0.5027, 0.5089, 0.5214, 0.5023, 0.5163, 0.5183, 0.5152, 0.5167, 0.5113, 0.5089, 0.5268, 0.5082], [0.8084, 0.8115, 0.8088, 0.7976, 0.8032, 0.8139, 0.7932, 0.7956, 0.8056, 0.7941, 0.8178, 0.7925, 0.8095, 0.7956, 0.7976, 0.7992, 0.8056, 0.7908, 0.8032, 0.804, 0.7948, 0.8091, 0.8056, 0.8068, 0.8008]]	
Results: 	[[0.7607, 0.7837, 0.7709, 0.773, 0.7766, 0.7682, 0.7723, 0.7842, 0.7851, 0.7666, 0.7633, 0.7771, 0.7842, 0.7761, 0.7804, 0.7638, 0.7761, 0.773, 0.7752, 0.7821, 0.7607, 0.7834, 0.7809, 0.7787, 0.7702, 0.7702], [0.9554, 0.9469, 0.9558, 0.9558, 0.9469, 0.9464, 0.9381, 0.9469, 0.9381, 0.9558, 0.9646, 0.9469, 0.9464, 0.9646, 0.9554, 0.9469, 0.9469, 0.9469, 0.9375, 0.9469, 0.9558, 0.9558, 0.9554, 0.9554, 0.9464, 0.9469], [0.7958, 0.7892, 0.7958, 0.7986, 0.7921, 0.8005, 0.7963, 0.8047, 0.8019, 0.7916, 0.8019, 0.8009, 0.8009, 0.7929, 0.8005, 0.8009, 0.7916, 0.8005, 0.7963, 0.8037, 0.8056, 0.7995, 0.7934, 0.8037, 0.8033, 0.7869], [0.6848, 0.698, 0.705, 0.683, 0.6966, 0.6932, 0.7007, 0.6962, 0.695, 0.6914, 0.6963, 0.6993, 0.6993, 0.6812, 0.6993, 0.6874, 0.6963, 0.702, 0.6839, 0.698, 0.6941, 0.7016, 0.6844, 0.6931, 0.6834, 0.6897], [0.5117, 0.5128, 0.5346, 0.5148, 0.523, 0.5179, 0.5058, 0.5191, 0.507, 0.5206, 0.5253, 0.5004, 0.5121, 0.5027, 0.5089, 0.5214, 0.5023, 0.5163, 0.5183, 0.5152, 0.5167, 0.5113, 0.5089, 0.5268, 0.5082, 0.5109], [0.8084, 0.8115, 0.8088, 0.7976, 0.8032, 0.8139, 0.7932, 0.7956, 0.8056, 0.7941, 0.8178, 0.7925, 0.8095, 0.7956, 0.7976, 0.7992, 0.8056, 0.7908, 0.8032, 0.804, 0.7948, 0.8091, 0.8056, 0.8068, 0.8008, 0.8091]]	
Results: 	[[0.7607, 0.7837, 0.7709, 0.773, 0.7766, 0.7682, 0.7723, 0.7842, 0.7851, 0.7666, 0.7633, 0.7771, 0.7842, 0.7761, 0.7804, 0.7638, 0.7761, 0.773, 0.7752, 0.7821, 0.7607, 0.7834, 0.7809, 0.7787, 0.7702, 0.7702, 0.7761], [0.9554, 0.9469, 0.9558, 0.9558, 0.9469, 0.9464, 0.9381, 0.9469, 0.9381, 0.9558, 0.9646, 0.9469, 0.9464, 0.9646, 0.9554, 0.9469, 0.9469, 0.9469, 0.9375, 0.9469, 0.9558, 0.9558, 0.9554, 0.9554, 0.9464, 0.9469, 0.9375], [0.7958, 0.7892, 0.7958, 0.7986, 0.7921, 0.8005, 0.7963, 0.8047, 0.8019, 0.7916, 0.8019, 0.8009, 0.8009, 0.7929, 0.8005, 0.8009, 0.7916, 0.8005, 0.7963, 0.8037, 0.8056, 0.7995, 0.7934, 0.8037, 0.8033, 0.7869, 0.7921], [0.6848, 0.698, 0.705, 0.683, 0.6966, 0.6932, 0.7007, 0.6962, 0.695, 0.6914, 0.6963, 0.6993, 0.6993, 0.6812, 0.6993, 0.6874, 0.6963, 0.702, 0.6839, 0.698, 0.6941, 0.7016, 0.6844, 0.6931, 0.6834, 0.6897, 0.6935], [0.5117, 0.5128, 0.5346, 0.5148, 0.523, 0.5179, 0.5058, 0.5191, 0.507, 0.5206, 0.5253, 0.5004, 0.5121, 0.5027, 0.5089, 0.5214, 0.5023, 0.5163, 0.5183, 0.5152, 0.5167, 0.5113, 0.5089, 0.5268, 0.5082, 0.5109, 0.507], [0.8084, 0.8115, 0.8088, 0.7976, 0.8032, 0.8139, 0.7932, 0.7956, 0.8056, 0.7941, 0.8178, 0.7925, 0.8095, 0.7956, 0.7976, 0.7992, 0.8056, 0.7908, 0.8032, 0.804, 0.7948, 0.8091, 0.8056, 0.8068, 0.8008, 0.8091, 0.8083]]	
Results: 	[[0.7607, 0.7837, 0.7709, 0.773, 0.7766, 0.7682, 0.7723, 0.7842, 0.7851, 0.7666, 0.7633, 0.7771, 0.7842, 0.7761, 0.7804, 0.7638, 0.7761, 0.773, 0.7752, 0.7821, 0.7607, 0.7834, 0.7809, 0.7787, 0.7702, 0.7702, 0.7761, 0.7792], [0.9554, 0.9469, 0.9558, 0.9558, 0.9469, 0.9464, 0.9381, 0.9469, 0.9381, 0.9558, 0.9646, 0.9469, 0.9464, 0.9646, 0.9554, 0.9469, 0.9469, 0.9469, 0.9375, 0.9469, 0.9558, 0.9558, 0.9554, 0.9554, 0.9464, 0.9469, 0.9375, 0.9558], [0.7958, 0.7892, 0.7958, 0.7986, 0.7921, 0.8005, 0.7963, 0.8047, 0.8019, 0.7916, 0.8019, 0.8009, 0.8009, 0.7929, 0.8005, 0.8009, 0.7916, 0.8005, 0.7963, 0.8037, 0.8056, 0.7995, 0.7934, 0.8037, 0.8033, 0.7869, 0.7921, 0.7827], [0.6848, 0.698, 0.705, 0.683, 0.6966, 0.6932, 0.7007, 0.6962, 0.695, 0.6914, 0.6963, 0.6993, 0.6993, 0.6812, 0.6993, 0.6874, 0.6963, 0.702, 0.6839, 0.698, 0.6941, 0.7016, 0.6844, 0.6931, 0.6834, 0.6897, 0.6935, 0.6857], [0.5117, 0.5128, 0.5346, 0.5148, 0.523, 0.5179, 0.5058, 0.5191, 0.507, 0.5206, 0.5253, 0.5004, 0.5121, 0.5027, 0.5089, 0.5214, 0.5023, 0.5163, 0.5183, 0.5152, 0.5167, 0.5113, 0.5089, 0.5268, 0.5082, 0.5109, 0.507, 0.5261], [0.8084, 0.8115, 0.8088, 0.7976, 0.8032, 0.8139, 0.7932, 0.7956, 0.8056, 0.7941, 0.8178, 0.7925, 0.8095, 0.7956, 0.7976, 0.7992, 0.8056, 0.7908, 0.8032, 0.804, 0.7948, 0.8091, 0.8056, 0.8068, 0.8008, 0.8091, 0.8083, 0.8079]]	
Results: 	[[0.7607, 0.7837, 0.7709, 0.773, 0.7766, 0.7682, 0.7723, 0.7842, 0.7851, 0.7666, 0.7633, 0.7771, 0.7842, 0.7761, 0.7804, 0.7638, 0.7761, 0.773, 0.7752, 0.7821, 0.7607, 0.7834, 0.7809, 0.7787, 0.7702, 0.7702, 0.7761, 0.7792, 0.7655], [0.9554, 0.9469, 0.9558, 0.9558, 0.9469, 0.9464, 0.9381, 0.9469, 0.9381, 0.9558, 0.9646, 0.9469, 0.9464, 0.9646, 0.9554, 0.9469, 0.9469, 0.9469, 0.9375, 0.9469, 0.9558, 0.9558, 0.9554, 0.9554, 0.9464, 0.9469, 0.9375, 0.9558, 0.9554], [0.7958, 0.7892, 0.7958, 0.7986, 0.7921, 0.8005, 0.7963, 0.8047, 0.8019, 0.7916, 0.8019, 0.8009, 0.8009, 0.7929, 0.8005, 0.8009, 0.7916, 0.8005, 0.7963, 0.8037, 0.8056, 0.7995, 0.7934, 0.8037, 0.8033, 0.7869, 0.7921, 0.7827, 0.7958], [0.6848, 0.698, 0.705, 0.683, 0.6966, 0.6932, 0.7007, 0.6962, 0.695, 0.6914, 0.6963, 0.6993, 0.6993, 0.6812, 0.6993, 0.6874, 0.6963, 0.702, 0.6839, 0.698, 0.6941, 0.7016, 0.6844, 0.6931, 0.6834, 0.6897, 0.6935, 0.6857, 0.7092], [0.5117, 0.5128, 0.5346, 0.5148, 0.523, 0.5179, 0.5058, 0.5191, 0.507, 0.5206, 0.5253, 0.5004, 0.5121, 0.5027, 0.5089, 0.5214, 0.5023, 0.5163, 0.5183, 0.5152, 0.5167, 0.5113, 0.5089, 0.5268, 0.5082, 0.5109, 0.507, 0.5261, 0.4992], [0.8084, 0.8115, 0.8088, 0.7976, 0.8032, 0.8139, 0.7932, 0.7956, 0.8056, 0.7941, 0.8178, 0.7925, 0.8095, 0.7956, 0.7976, 0.7992, 0.8056, 0.7908, 0.8032, 0.804, 0.7948, 0.8091, 0.8056, 0.8068, 0.8008, 0.8091, 0.8083, 0.8079, 0.8056]]	
Results: 	[[0.7607, 0.7837, 0.7709, 0.773, 0.7766, 0.7682, 0.7723, 0.7842, 0.7851, 0.7666, 0.7633, 0.7771, 0.7842, 0.7761, 0.7804, 0.7638, 0.7761, 0.773, 0.7752, 0.7821, 0.7607, 0.7834, 0.7809, 0.7787, 0.7702, 0.7702, 0.7761, 0.7792, 0.7655, 0.7709], [0.9554, 0.9469, 0.9558, 0.9558, 0.9469, 0.9464, 0.9381, 0.9469, 0.9381, 0.9558, 0.9646, 0.9469, 0.9464, 0.9646, 0.9554, 0.9469, 0.9469, 0.9469, 0.9375, 0.9469, 0.9558, 0.9558, 0.9554, 0.9554, 0.9464, 0.9469, 0.9375, 0.9558, 0.9554, 0.9459], [0.7958, 0.7892, 0.7958, 0.7986, 0.7921, 0.8005, 0.7963, 0.8047, 0.8019, 0.7916, 0.8019, 0.8009, 0.8009, 0.7929, 0.8005, 0.8009, 0.7916, 0.8005, 0.7963, 0.8037, 0.8056, 0.7995, 0.7934, 0.8037, 0.8033, 0.7869, 0.7921, 0.7827, 0.7958, 0.7906], [0.6848, 0.698, 0.705, 0.683, 0.6966, 0.6932, 0.7007, 0.6962, 0.695, 0.6914, 0.6963, 0.6993, 0.6993, 0.6812, 0.6993, 0.6874, 0.6963, 0.702, 0.6839, 0.698, 0.6941, 0.7016, 0.6844, 0.6931, 0.6834, 0.6897, 0.6935, 0.6857, 0.7092, 0.7042], [0.5117, 0.5128, 0.5346, 0.5148, 0.523, 0.5179, 0.5058, 0.5191, 0.507, 0.5206, 0.5253, 0.5004, 0.5121, 0.5027, 0.5089, 0.5214, 0.5023, 0.5163, 0.5183, 0.5152, 0.5167, 0.5113, 0.5089, 0.5268, 0.5082, 0.5109, 0.507, 0.5261, 0.4992, 0.5183], [0.8084, 0.8115, 0.8088, 0.7976, 0.8032, 0.8139, 0.7932, 0.7956, 0.8056, 0.7941, 0.8178, 0.7925, 0.8095, 0.7956, 0.7976, 0.7992, 0.8056, 0.7908, 0.8032, 0.804, 0.7948, 0.8091, 0.8056, 0.8068, 0.8008, 0.8091, 0.8083, 0.8079, 0.8056, 0.7972]]
Support Sets: (Mean:0.77428, SD:0.0072675186677577126) | 	Support Sets: (Mean:0.94998, SD:0.007220297061421534) | 	Support Sets: (Mean:0.7970066666666666, SD:0.005728448868304709) | 	Support Sets: (Mean:0.6941933333333333, SD:0.00737301385685212) | 	Support Sets: (Mean:0.51412, SD:0.008470573811121368) | 	Support Sets: (Mean:0.8030966666666667, SD:0.006963673393147959) | 	
