Results: 	[[0.8242], [0.9483], [0.8585], [0.751], [0.5713], [0.8549]]	
Results: 	[[0.8242, 0.8203], [0.9483, 0.9576], [0.8585, 0.8548], [0.751, 0.7589], [0.5713, 0.5682], [0.8549, 0.849]]	
Results: 	[[0.8242, 0.8203, 0.8316], [0.9483, 0.9576, 0.9487], [0.8585, 0.8548, 0.8568], [0.751, 0.7589, 0.7579], [0.5713, 0.5682, 0.5674], [0.8549, 0.849, 0.8481]]	
Results: 	[[0.8242, 0.8203, 0.8316, 0.8189], [0.9483, 0.9576, 0.9487, 0.9573], [0.8585, 0.8548, 0.8568, 0.8637], [0.751, 0.7589, 0.7579, 0.7533], [0.5713, 0.5682, 0.5674, 0.5608], [0.8549, 0.849, 0.8481, 0.8422]]	
Results: 	[[0.8242, 0.8203, 0.8316, 0.8189, 0.8245], [0.9483, 0.9576, 0.9487, 0.9573, 0.9569], [0.8585, 0.8548, 0.8568, 0.8637, 0.8585], [0.751, 0.7589, 0.7579, 0.7533, 0.7628], [0.5713, 0.5682, 0.5674, 0.5608, 0.5605], [0.8549, 0.849, 0.8481, 0.8422, 0.8468]]	
Results: 	[[0.8242, 0.8203, 0.8316, 0.8189, 0.8245, 0.8249], [0.9483, 0.9576, 0.9487, 0.9573, 0.9569, 0.9576], [0.8585, 0.8548, 0.8568, 0.8637, 0.8585, 0.8581], [0.751, 0.7589, 0.7579, 0.7533, 0.7628, 0.7418], [0.5713, 0.5682, 0.5674, 0.5608, 0.5605, 0.5721], [0.8549, 0.849, 0.8481, 0.8422, 0.8468, 0.8425]]	
Results: 	[[0.8242, 0.8203, 0.8316, 0.8189, 0.8245, 0.8249, 0.8245], [0.9483, 0.9576, 0.9487, 0.9573, 0.9569, 0.9576, 0.9576], [0.8585, 0.8548, 0.8568, 0.8637, 0.8585, 0.8581, 0.8571], [0.751, 0.7589, 0.7579, 0.7533, 0.7628, 0.7418, 0.7573], [0.5713, 0.5682, 0.5674, 0.5608, 0.5605, 0.5721, 0.5647], [0.8549, 0.849, 0.8481, 0.8422, 0.8468, 0.8425, 0.8442]]	
Results: 	[[0.8242, 0.8203, 0.8316, 0.8189, 0.8245, 0.8249, 0.8245, 0.8249], [0.9483, 0.9576, 0.9487, 0.9573, 0.9569, 0.9576, 0.9576, 0.9573], [0.8585, 0.8548, 0.8568, 0.8637, 0.8585, 0.8581, 0.8571, 0.8618], [0.751, 0.7589, 0.7579, 0.7533, 0.7628, 0.7418, 0.7573, 0.7579], [0.5713, 0.5682, 0.5674, 0.5608, 0.5605, 0.5721, 0.5647, 0.572], [0.8549, 0.849, 0.8481, 0.8422, 0.8468, 0.8425, 0.8442, 0.8465]]	
Results: 	[[0.8242, 0.8203, 0.8316, 0.8189, 0.8245, 0.8249, 0.8245, 0.8249, 0.8168], [0.9483, 0.9576, 0.9487, 0.9573, 0.9569, 0.9576, 0.9576, 0.9573, 0.9569], [0.8585, 0.8548, 0.8568, 0.8637, 0.8585, 0.8581, 0.8571, 0.8618, 0.8637], [0.751, 0.7589, 0.7579, 0.7533, 0.7628, 0.7418, 0.7573, 0.7579, 0.7461], [0.5713, 0.5682, 0.5674, 0.5608, 0.5605, 0.5721, 0.5647, 0.572, 0.5682], [0.8549, 0.849, 0.8481, 0.8422, 0.8468, 0.8425, 0.8442, 0.8465, 0.8431]]	
Results: 	[[0.8242, 0.8203, 0.8316, 0.8189, 0.8245, 0.8249, 0.8245, 0.8249, 0.8168, 0.8207], [0.9483, 0.9576, 0.9487, 0.9573, 0.9569, 0.9576, 0.9576, 0.9573, 0.9569, 0.9573], [0.8585, 0.8548, 0.8568, 0.8637, 0.8585, 0.8581, 0.8571, 0.8618, 0.8637, 0.8594], [0.751, 0.7589, 0.7579, 0.7533, 0.7628, 0.7418, 0.7573, 0.7579, 0.7461, 0.7523], [0.5713, 0.5682, 0.5674, 0.5608, 0.5605, 0.5721, 0.5647, 0.572, 0.5682, 0.5647], [0.8549, 0.849, 0.8481, 0.8422, 0.8468, 0.8425, 0.8442, 0.8465, 0.8431, 0.8458]]	
Results: 	[[0.8242, 0.8203, 0.8316, 0.8189, 0.8245, 0.8249, 0.8245, 0.8249, 0.8168, 0.8207, 0.8266], [0.9483, 0.9576, 0.9487, 0.9573, 0.9569, 0.9576, 0.9576, 0.9573, 0.9569, 0.9573, 0.9576], [0.8585, 0.8548, 0.8568, 0.8637, 0.8585, 0.8581, 0.8571, 0.8618, 0.8637, 0.8594, 0.8585], [0.751, 0.7589, 0.7579, 0.7533, 0.7628, 0.7418, 0.7573, 0.7579, 0.7461, 0.7523, 0.7457], [0.5713, 0.5682, 0.5674, 0.5608, 0.5605, 0.5721, 0.5647, 0.572, 0.5682, 0.5647, 0.5674], [0.8549, 0.849, 0.8481, 0.8422, 0.8468, 0.8425, 0.8442, 0.8465, 0.8431, 0.8458, 0.8481]]	
Results: 	[[0.8242, 0.8203, 0.8316, 0.8189, 0.8245, 0.8249, 0.8245, 0.8249, 0.8168, 0.8207, 0.8266, 0.827], [0.9483, 0.9576, 0.9487, 0.9573, 0.9569, 0.9576, 0.9576, 0.9573, 0.9569, 0.9573, 0.9576, 0.9576], [0.8585, 0.8548, 0.8568, 0.8637, 0.8585, 0.8581, 0.8571, 0.8618, 0.8637, 0.8594, 0.8585, 0.8565], [0.751, 0.7589, 0.7579, 0.7533, 0.7628, 0.7418, 0.7573, 0.7579, 0.7461, 0.7523, 0.7457, 0.7579], [0.5713, 0.5682, 0.5674, 0.5608, 0.5605, 0.5721, 0.5647, 0.572, 0.5682, 0.5647, 0.5674, 0.5605], [0.8549, 0.849, 0.8481, 0.8422, 0.8468, 0.8425, 0.8442, 0.8465, 0.8431, 0.8458, 0.8481, 0.8425]]	
Results: 	[[0.8242, 0.8203, 0.8316, 0.8189, 0.8245, 0.8249, 0.8245, 0.8249, 0.8168, 0.8207, 0.8266, 0.827, 0.8224], [0.9483, 0.9576, 0.9487, 0.9573, 0.9569, 0.9576, 0.9576, 0.9573, 0.9569, 0.9573, 0.9576, 0.9576, 0.9576], [0.8585, 0.8548, 0.8568, 0.8637, 0.8585, 0.8581, 0.8571, 0.8618, 0.8637, 0.8594, 0.8585, 0.8565, 0.8608], [0.751, 0.7589, 0.7579, 0.7533, 0.7628, 0.7418, 0.7573, 0.7579, 0.7461, 0.7523, 0.7457, 0.7579, 0.7635], [0.5713, 0.5682, 0.5674, 0.5608, 0.5605, 0.5721, 0.5647, 0.572, 0.5682, 0.5647, 0.5674, 0.5605, 0.5619], [0.8549, 0.849, 0.8481, 0.8422, 0.8468, 0.8425, 0.8442, 0.8465, 0.8431, 0.8458, 0.8481, 0.8425, 0.8521]]	
Results: 	[[0.8242, 0.8203, 0.8316, 0.8189, 0.8245, 0.8249, 0.8245, 0.8249, 0.8168, 0.8207, 0.8266, 0.827, 0.8224, 0.8291], [0.9483, 0.9576, 0.9487, 0.9573, 0.9569, 0.9576, 0.9576, 0.9573, 0.9569, 0.9573, 0.9576, 0.9576, 0.9576, 0.9569], [0.8585, 0.8548, 0.8568, 0.8637, 0.8585, 0.8581, 0.8571, 0.8618, 0.8637, 0.8594, 0.8585, 0.8565, 0.8608, 0.8588], [0.751, 0.7589, 0.7579, 0.7533, 0.7628, 0.7418, 0.7573, 0.7579, 0.7461, 0.7523, 0.7457, 0.7579, 0.7635, 0.7612], [0.5713, 0.5682, 0.5674, 0.5608, 0.5605, 0.5721, 0.5647, 0.572, 0.5682, 0.5647, 0.5674, 0.5605, 0.5619, 0.5647], [0.8549, 0.849, 0.8481, 0.8422, 0.8468, 0.8425, 0.8442, 0.8465, 0.8431, 0.8458, 0.8481, 0.8425, 0.8521, 0.8425]]	
Results: 	[[0.8242, 0.8203, 0.8316, 0.8189, 0.8245, 0.8249, 0.8245, 0.8249, 0.8168, 0.8207, 0.8266, 0.827, 0.8224, 0.8291, 0.8224], [0.9483, 0.9576, 0.9487, 0.9573, 0.9569, 0.9576, 0.9576, 0.9573, 0.9569, 0.9573, 0.9576, 0.9576, 0.9576, 0.9569, 0.9573], [0.8585, 0.8548, 0.8568, 0.8637, 0.8585, 0.8581, 0.8571, 0.8618, 0.8637, 0.8594, 0.8585, 0.8565, 0.8608, 0.8588, 0.8571], [0.751, 0.7589, 0.7579, 0.7533, 0.7628, 0.7418, 0.7573, 0.7579, 0.7461, 0.7523, 0.7457, 0.7579, 0.7635, 0.7612, 0.7615], [0.5713, 0.5682, 0.5674, 0.5608, 0.5605, 0.5721, 0.5647, 0.572, 0.5682, 0.5647, 0.5674, 0.5605, 0.5619, 0.5647, 0.5647], [0.8549, 0.849, 0.8481, 0.8422, 0.8468, 0.8425, 0.8442, 0.8465, 0.8431, 0.8458, 0.8481, 0.8425, 0.8521, 0.8425, 0.8507]]	
Results: 	[[0.8242, 0.8203, 0.8316, 0.8189, 0.8245, 0.8249, 0.8245, 0.8249, 0.8168, 0.8207, 0.8266, 0.827, 0.8224, 0.8291, 0.8224, 0.828], [0.9483, 0.9576, 0.9487, 0.9573, 0.9569, 0.9576, 0.9576, 0.9573, 0.9569, 0.9573, 0.9576, 0.9576, 0.9576, 0.9569, 0.9573, 0.9661], [0.8585, 0.8548, 0.8568, 0.8637, 0.8585, 0.8581, 0.8571, 0.8618, 0.8637, 0.8594, 0.8585, 0.8565, 0.8608, 0.8588, 0.8571, 0.8707], [0.751, 0.7589, 0.7579, 0.7533, 0.7628, 0.7418, 0.7573, 0.7579, 0.7461, 0.7523, 0.7457, 0.7579, 0.7635, 0.7612, 0.7615, 0.7728], [0.5713, 0.5682, 0.5674, 0.5608, 0.5605, 0.5721, 0.5647, 0.572, 0.5682, 0.5647, 0.5674, 0.5605, 0.5619, 0.5647, 0.5647, 0.5667], [0.8549, 0.849, 0.8481, 0.8422, 0.8468, 0.8425, 0.8442, 0.8465, 0.8431, 0.8458, 0.8481, 0.8425, 0.8521, 0.8425, 0.8507, 0.8412]]	
Results: 	[[0.8242, 0.8203, 0.8316, 0.8189, 0.8245, 0.8249, 0.8245, 0.8249, 0.8168, 0.8207, 0.8266, 0.827, 0.8224, 0.8291, 0.8224, 0.828, 0.8274], [0.9483, 0.9576, 0.9487, 0.9573, 0.9569, 0.9576, 0.9576, 0.9573, 0.9569, 0.9573, 0.9576, 0.9576, 0.9576, 0.9569, 0.9573, 0.9661, 0.9569], [0.8585, 0.8548, 0.8568, 0.8637, 0.8585, 0.8581, 0.8571, 0.8618, 0.8637, 0.8594, 0.8585, 0.8565, 0.8608, 0.8588, 0.8571, 0.8707, 0.8548], [0.751, 0.7589, 0.7579, 0.7533, 0.7628, 0.7418, 0.7573, 0.7579, 0.7461, 0.7523, 0.7457, 0.7579, 0.7635, 0.7612, 0.7615, 0.7728, 0.7549], [0.5713, 0.5682, 0.5674, 0.5608, 0.5605, 0.5721, 0.5647, 0.572, 0.5682, 0.5647, 0.5674, 0.5605, 0.5619, 0.5647, 0.5647, 0.5667, 0.5636], [0.8549, 0.849, 0.8481, 0.8422, 0.8468, 0.8425, 0.8442, 0.8465, 0.8431, 0.8458, 0.8481, 0.8425, 0.8521, 0.8425, 0.8507, 0.8412, 0.8402]]	
Results: 	[[0.8242, 0.8203, 0.8316, 0.8189, 0.8245, 0.8249, 0.8245, 0.8249, 0.8168, 0.8207, 0.8266, 0.827, 0.8224, 0.8291, 0.8224, 0.828, 0.8274, 0.8249], [0.9483, 0.9576, 0.9487, 0.9573, 0.9569, 0.9576, 0.9576, 0.9573, 0.9569, 0.9573, 0.9576, 0.9576, 0.9576, 0.9569, 0.9573, 0.9661, 0.9569, 0.9576], [0.8585, 0.8548, 0.8568, 0.8637, 0.8585, 0.8581, 0.8571, 0.8618, 0.8637, 0.8594, 0.8585, 0.8565, 0.8608, 0.8588, 0.8571, 0.8707, 0.8548, 0.8611], [0.751, 0.7589, 0.7579, 0.7533, 0.7628, 0.7418, 0.7573, 0.7579, 0.7461, 0.7523, 0.7457, 0.7579, 0.7635, 0.7612, 0.7615, 0.7728, 0.7549, 0.7539], [0.5713, 0.5682, 0.5674, 0.5608, 0.5605, 0.5721, 0.5647, 0.572, 0.5682, 0.5647, 0.5674, 0.5605, 0.5619, 0.5647, 0.5647, 0.5667, 0.5636, 0.567], [0.8549, 0.849, 0.8481, 0.8422, 0.8468, 0.8425, 0.8442, 0.8465, 0.8431, 0.8458, 0.8481, 0.8425, 0.8521, 0.8425, 0.8507, 0.8412, 0.8402, 0.8436]]	
Results: 	[[0.8242, 0.8203, 0.8316, 0.8189, 0.8245, 0.8249, 0.8245, 0.8249, 0.8168, 0.8207, 0.8266, 0.827, 0.8224, 0.8291, 0.8224, 0.828, 0.8274, 0.8249, 0.8207], [0.9483, 0.9576, 0.9487, 0.9573, 0.9569, 0.9576, 0.9576, 0.9573, 0.9569, 0.9573, 0.9576, 0.9576, 0.9576, 0.9569, 0.9573, 0.9661, 0.9569, 0.9576, 0.9573], [0.8585, 0.8548, 0.8568, 0.8637, 0.8585, 0.8581, 0.8571, 0.8618, 0.8637, 0.8594, 0.8585, 0.8565, 0.8608, 0.8588, 0.8571, 0.8707, 0.8548, 0.8611, 0.8585], [0.751, 0.7589, 0.7579, 0.7533, 0.7628, 0.7418, 0.7573, 0.7579, 0.7461, 0.7523, 0.7457, 0.7579, 0.7635, 0.7612, 0.7615, 0.7728, 0.7549, 0.7539, 0.7556], [0.5713, 0.5682, 0.5674, 0.5608, 0.5605, 0.5721, 0.5647, 0.572, 0.5682, 0.5647, 0.5674, 0.5605, 0.5619, 0.5647, 0.5647, 0.5667, 0.5636, 0.567, 0.5674], [0.8549, 0.849, 0.8481, 0.8422, 0.8468, 0.8425, 0.8442, 0.8465, 0.8431, 0.8458, 0.8481, 0.8425, 0.8521, 0.8425, 0.8507, 0.8412, 0.8402, 0.8436, 0.8445]]	
Results: 	[[0.8242, 0.8203, 0.8316, 0.8189, 0.8245, 0.8249, 0.8245, 0.8249, 0.8168, 0.8207, 0.8266, 0.827, 0.8224, 0.8291, 0.8224, 0.828, 0.8274, 0.8249, 0.8207, 0.8238], [0.9483, 0.9576, 0.9487, 0.9573, 0.9569, 0.9576, 0.9576, 0.9573, 0.9569, 0.9573, 0.9576, 0.9576, 0.9576, 0.9569, 0.9573, 0.9661, 0.9569, 0.9576, 0.9573, 0.9655], [0.8585, 0.8548, 0.8568, 0.8637, 0.8585, 0.8581, 0.8571, 0.8618, 0.8637, 0.8594, 0.8585, 0.8565, 0.8608, 0.8588, 0.8571, 0.8707, 0.8548, 0.8611, 0.8585, 0.8631], [0.751, 0.7589, 0.7579, 0.7533, 0.7628, 0.7418, 0.7573, 0.7579, 0.7461, 0.7523, 0.7457, 0.7579, 0.7635, 0.7612, 0.7615, 0.7728, 0.7549, 0.7539, 0.7556, 0.7503], [0.5713, 0.5682, 0.5674, 0.5608, 0.5605, 0.5721, 0.5647, 0.572, 0.5682, 0.5647, 0.5674, 0.5605, 0.5619, 0.5647, 0.5647, 0.5667, 0.5636, 0.567, 0.5674, 0.5628], [0.8549, 0.849, 0.8481, 0.8422, 0.8468, 0.8425, 0.8442, 0.8465, 0.8431, 0.8458, 0.8481, 0.8425, 0.8521, 0.8425, 0.8507, 0.8412, 0.8402, 0.8436, 0.8445, 0.8428]]	
Results: 	[[0.8242, 0.8203, 0.8316, 0.8189, 0.8245, 0.8249, 0.8245, 0.8249, 0.8168, 0.8207, 0.8266, 0.827, 0.8224, 0.8291, 0.8224, 0.828, 0.8274, 0.8249, 0.8207, 0.8238, 0.8298], [0.9483, 0.9576, 0.9487, 0.9573, 0.9569, 0.9576, 0.9576, 0.9573, 0.9569, 0.9573, 0.9576, 0.9576, 0.9576, 0.9569, 0.9573, 0.9661, 0.9569, 0.9576, 0.9573, 0.9655, 0.9576], [0.8585, 0.8548, 0.8568, 0.8637, 0.8585, 0.8581, 0.8571, 0.8618, 0.8637, 0.8594, 0.8585, 0.8565, 0.8608, 0.8588, 0.8571, 0.8707, 0.8548, 0.8611, 0.8585, 0.8631, 0.8568], [0.751, 0.7589, 0.7579, 0.7533, 0.7628, 0.7418, 0.7573, 0.7579, 0.7461, 0.7523, 0.7457, 0.7579, 0.7635, 0.7612, 0.7615, 0.7728, 0.7549, 0.7539, 0.7556, 0.7503, 0.753], [0.5713, 0.5682, 0.5674, 0.5608, 0.5605, 0.5721, 0.5647, 0.572, 0.5682, 0.5647, 0.5674, 0.5605, 0.5619, 0.5647, 0.5647, 0.5667, 0.5636, 0.567, 0.5674, 0.5628, 0.562], [0.8549, 0.849, 0.8481, 0.8422, 0.8468, 0.8425, 0.8442, 0.8465, 0.8431, 0.8458, 0.8481, 0.8425, 0.8521, 0.8425, 0.8507, 0.8412, 0.8402, 0.8436, 0.8445, 0.8428, 0.8373]]	
Results: 	[[0.8242, 0.8203, 0.8316, 0.8189, 0.8245, 0.8249, 0.8245, 0.8249, 0.8168, 0.8207, 0.8266, 0.827, 0.8224, 0.8291, 0.8224, 0.828, 0.8274, 0.8249, 0.8207, 0.8238, 0.8298, 0.8157], [0.9483, 0.9576, 0.9487, 0.9573, 0.9569, 0.9576, 0.9576, 0.9573, 0.9569, 0.9573, 0.9576, 0.9576, 0.9576, 0.9569, 0.9573, 0.9661, 0.9569, 0.9576, 0.9573, 0.9655, 0.9576, 0.9576], [0.8585, 0.8548, 0.8568, 0.8637, 0.8585, 0.8581, 0.8571, 0.8618, 0.8637, 0.8594, 0.8585, 0.8565, 0.8608, 0.8588, 0.8571, 0.8707, 0.8548, 0.8611, 0.8585, 0.8631, 0.8568, 0.8588], [0.751, 0.7589, 0.7579, 0.7533, 0.7628, 0.7418, 0.7573, 0.7579, 0.7461, 0.7523, 0.7457, 0.7579, 0.7635, 0.7612, 0.7615, 0.7728, 0.7549, 0.7539, 0.7556, 0.7503, 0.753, 0.7536], [0.5713, 0.5682, 0.5674, 0.5608, 0.5605, 0.5721, 0.5647, 0.572, 0.5682, 0.5647, 0.5674, 0.5605, 0.5619, 0.5647, 0.5647, 0.5667, 0.5636, 0.567, 0.5674, 0.5628, 0.562, 0.5686], [0.8549, 0.849, 0.8481, 0.8422, 0.8468, 0.8425, 0.8442, 0.8465, 0.8431, 0.8458, 0.8481, 0.8425, 0.8521, 0.8425, 0.8507, 0.8412, 0.8402, 0.8436, 0.8445, 0.8428, 0.8373, 0.8445]]	
Results: 	[[0.8242, 0.8203, 0.8316, 0.8189, 0.8245, 0.8249, 0.8245, 0.8249, 0.8168, 0.8207, 0.8266, 0.827, 0.8224, 0.8291, 0.8224, 0.828, 0.8274, 0.8249, 0.8207, 0.8238, 0.8298, 0.8157, 0.8228], [0.9483, 0.9576, 0.9487, 0.9573, 0.9569, 0.9576, 0.9576, 0.9573, 0.9569, 0.9573, 0.9576, 0.9576, 0.9576, 0.9569, 0.9573, 0.9661, 0.9569, 0.9576, 0.9573, 0.9655, 0.9576, 0.9576, 0.9573], [0.8585, 0.8548, 0.8568, 0.8637, 0.8585, 0.8581, 0.8571, 0.8618, 0.8637, 0.8594, 0.8585, 0.8565, 0.8608, 0.8588, 0.8571, 0.8707, 0.8548, 0.8611, 0.8585, 0.8631, 0.8568, 0.8588, 0.8588], [0.751, 0.7589, 0.7579, 0.7533, 0.7628, 0.7418, 0.7573, 0.7579, 0.7461, 0.7523, 0.7457, 0.7579, 0.7635, 0.7612, 0.7615, 0.7728, 0.7549, 0.7539, 0.7556, 0.7503, 0.753, 0.7536, 0.7513], [0.5713, 0.5682, 0.5674, 0.5608, 0.5605, 0.5721, 0.5647, 0.572, 0.5682, 0.5647, 0.5674, 0.5605, 0.5619, 0.5647, 0.5647, 0.5667, 0.5636, 0.567, 0.5674, 0.5628, 0.562, 0.5686, 0.5597], [0.8549, 0.849, 0.8481, 0.8422, 0.8468, 0.8425, 0.8442, 0.8465, 0.8431, 0.8458, 0.8481, 0.8425, 0.8521, 0.8425, 0.8507, 0.8412, 0.8402, 0.8436, 0.8445, 0.8428, 0.8373, 0.8445, 0.8422]]	
Results: 	[[0.8242, 0.8203, 0.8316, 0.8189, 0.8245, 0.8249, 0.8245, 0.8249, 0.8168, 0.8207, 0.8266, 0.827, 0.8224, 0.8291, 0.8224, 0.828, 0.8274, 0.8249, 0.8207, 0.8238, 0.8298, 0.8157, 0.8228, 0.8274], [0.9483, 0.9576, 0.9487, 0.9573, 0.9569, 0.9576, 0.9576, 0.9573, 0.9569, 0.9573, 0.9576, 0.9576, 0.9576, 0.9569, 0.9573, 0.9661, 0.9569, 0.9576, 0.9573, 0.9655, 0.9576, 0.9576, 0.9573, 0.9576], [0.8585, 0.8548, 0.8568, 0.8637, 0.8585, 0.8581, 0.8571, 0.8618, 0.8637, 0.8594, 0.8585, 0.8565, 0.8608, 0.8588, 0.8571, 0.8707, 0.8548, 0.8611, 0.8585, 0.8631, 0.8568, 0.8588, 0.8588, 0.8568], [0.751, 0.7589, 0.7579, 0.7533, 0.7628, 0.7418, 0.7573, 0.7579, 0.7461, 0.7523, 0.7457, 0.7579, 0.7635, 0.7612, 0.7615, 0.7728, 0.7549, 0.7539, 0.7556, 0.7503, 0.753, 0.7536, 0.7513, 0.7612], [0.5713, 0.5682, 0.5674, 0.5608, 0.5605, 0.5721, 0.5647, 0.572, 0.5682, 0.5647, 0.5674, 0.5605, 0.5619, 0.5647, 0.5647, 0.5667, 0.5636, 0.567, 0.5674, 0.5628, 0.562, 0.5686, 0.5597, 0.5674], [0.8549, 0.849, 0.8481, 0.8422, 0.8468, 0.8425, 0.8442, 0.8465, 0.8431, 0.8458, 0.8481, 0.8425, 0.8521, 0.8425, 0.8507, 0.8412, 0.8402, 0.8436, 0.8445, 0.8428, 0.8373, 0.8445, 0.8422, 0.8507]]	
Results: 	[[0.8242, 0.8203, 0.8316, 0.8189, 0.8245, 0.8249, 0.8245, 0.8249, 0.8168, 0.8207, 0.8266, 0.827, 0.8224, 0.8291, 0.8224, 0.828, 0.8274, 0.8249, 0.8207, 0.8238, 0.8298, 0.8157, 0.8228, 0.8274, 0.8203], [0.9483, 0.9576, 0.9487, 0.9573, 0.9569, 0.9576, 0.9576, 0.9573, 0.9569, 0.9573, 0.9576, 0.9576, 0.9576, 0.9569, 0.9573, 0.9661, 0.9569, 0.9576, 0.9573, 0.9655, 0.9576, 0.9576, 0.9573, 0.9576, 0.9576], [0.8585, 0.8548, 0.8568, 0.8637, 0.8585, 0.8581, 0.8571, 0.8618, 0.8637, 0.8594, 0.8585, 0.8565, 0.8608, 0.8588, 0.8571, 0.8707, 0.8548, 0.8611, 0.8585, 0.8631, 0.8568, 0.8588, 0.8588, 0.8568, 0.8634], [0.751, 0.7589, 0.7579, 0.7533, 0.7628, 0.7418, 0.7573, 0.7579, 0.7461, 0.7523, 0.7457, 0.7579, 0.7635, 0.7612, 0.7615, 0.7728, 0.7549, 0.7539, 0.7556, 0.7503, 0.753, 0.7536, 0.7513, 0.7612, 0.7457], [0.5713, 0.5682, 0.5674, 0.5608, 0.5605, 0.5721, 0.5647, 0.572, 0.5682, 0.5647, 0.5674, 0.5605, 0.5619, 0.5647, 0.5647, 0.5667, 0.5636, 0.567, 0.5674, 0.5628, 0.562, 0.5686, 0.5597, 0.5674, 0.5651], [0.8549, 0.849, 0.8481, 0.8422, 0.8468, 0.8425, 0.8442, 0.8465, 0.8431, 0.8458, 0.8481, 0.8425, 0.8521, 0.8425, 0.8507, 0.8412, 0.8402, 0.8436, 0.8445, 0.8428, 0.8373, 0.8445, 0.8422, 0.8507, 0.8425]]	
Results: 	[[0.8242, 0.8203, 0.8316, 0.8189, 0.8245, 0.8249, 0.8245, 0.8249, 0.8168, 0.8207, 0.8266, 0.827, 0.8224, 0.8291, 0.8224, 0.828, 0.8274, 0.8249, 0.8207, 0.8238, 0.8298, 0.8157, 0.8228, 0.8274, 0.8203, 0.8182], [0.9483, 0.9576, 0.9487, 0.9573, 0.9569, 0.9576, 0.9576, 0.9573, 0.9569, 0.9573, 0.9576, 0.9576, 0.9576, 0.9569, 0.9573, 0.9661, 0.9569, 0.9576, 0.9573, 0.9655, 0.9576, 0.9576, 0.9573, 0.9576, 0.9576, 0.9576], [0.8585, 0.8548, 0.8568, 0.8637, 0.8585, 0.8581, 0.8571, 0.8618, 0.8637, 0.8594, 0.8585, 0.8565, 0.8608, 0.8588, 0.8571, 0.8707, 0.8548, 0.8611, 0.8585, 0.8631, 0.8568, 0.8588, 0.8588, 0.8568, 0.8634, 0.8677], [0.751, 0.7589, 0.7579, 0.7533, 0.7628, 0.7418, 0.7573, 0.7579, 0.7461, 0.7523, 0.7457, 0.7579, 0.7635, 0.7612, 0.7615, 0.7728, 0.7549, 0.7539, 0.7556, 0.7503, 0.753, 0.7536, 0.7513, 0.7612, 0.7457, 0.7586], [0.5713, 0.5682, 0.5674, 0.5608, 0.5605, 0.5721, 0.5647, 0.572, 0.5682, 0.5647, 0.5674, 0.5605, 0.5619, 0.5647, 0.5647, 0.5667, 0.5636, 0.567, 0.5674, 0.5628, 0.562, 0.5686, 0.5597, 0.5674, 0.5651, 0.5643], [0.8549, 0.849, 0.8481, 0.8422, 0.8468, 0.8425, 0.8442, 0.8465, 0.8431, 0.8458, 0.8481, 0.8425, 0.8521, 0.8425, 0.8507, 0.8412, 0.8402, 0.8436, 0.8445, 0.8428, 0.8373, 0.8445, 0.8422, 0.8507, 0.8425, 0.8442]]	
Results: 	[[0.8242, 0.8203, 0.8316, 0.8189, 0.8245, 0.8249, 0.8245, 0.8249, 0.8168, 0.8207, 0.8266, 0.827, 0.8224, 0.8291, 0.8224, 0.828, 0.8274, 0.8249, 0.8207, 0.8238, 0.8298, 0.8157, 0.8228, 0.8274, 0.8203, 0.8182, 0.8207], [0.9483, 0.9576, 0.9487, 0.9573, 0.9569, 0.9576, 0.9576, 0.9573, 0.9569, 0.9573, 0.9576, 0.9576, 0.9576, 0.9569, 0.9573, 0.9661, 0.9569, 0.9576, 0.9573, 0.9655, 0.9576, 0.9576, 0.9573, 0.9576, 0.9576, 0.9576, 0.9744], [0.8585, 0.8548, 0.8568, 0.8637, 0.8585, 0.8581, 0.8571, 0.8618, 0.8637, 0.8594, 0.8585, 0.8565, 0.8608, 0.8588, 0.8571, 0.8707, 0.8548, 0.8611, 0.8585, 0.8631, 0.8568, 0.8588, 0.8588, 0.8568, 0.8634, 0.8677, 0.8614], [0.751, 0.7589, 0.7579, 0.7533, 0.7628, 0.7418, 0.7573, 0.7579, 0.7461, 0.7523, 0.7457, 0.7579, 0.7635, 0.7612, 0.7615, 0.7728, 0.7549, 0.7539, 0.7556, 0.7503, 0.753, 0.7536, 0.7513, 0.7612, 0.7457, 0.7586, 0.7536], [0.5713, 0.5682, 0.5674, 0.5608, 0.5605, 0.5721, 0.5647, 0.572, 0.5682, 0.5647, 0.5674, 0.5605, 0.5619, 0.5647, 0.5647, 0.5667, 0.5636, 0.567, 0.5674, 0.5628, 0.562, 0.5686, 0.5597, 0.5674, 0.5651, 0.5643, 0.5631], [0.8549, 0.849, 0.8481, 0.8422, 0.8468, 0.8425, 0.8442, 0.8465, 0.8431, 0.8458, 0.8481, 0.8425, 0.8521, 0.8425, 0.8507, 0.8412, 0.8402, 0.8436, 0.8445, 0.8428, 0.8373, 0.8445, 0.8422, 0.8507, 0.8425, 0.8442, 0.8468]]	
Results: 	[[0.8242, 0.8203, 0.8316, 0.8189, 0.8245, 0.8249, 0.8245, 0.8249, 0.8168, 0.8207, 0.8266, 0.827, 0.8224, 0.8291, 0.8224, 0.828, 0.8274, 0.8249, 0.8207, 0.8238, 0.8298, 0.8157, 0.8228, 0.8274, 0.8203, 0.8182, 0.8207, 0.8242], [0.9483, 0.9576, 0.9487, 0.9573, 0.9569, 0.9576, 0.9576, 0.9573, 0.9569, 0.9573, 0.9576, 0.9576, 0.9576, 0.9569, 0.9573, 0.9661, 0.9569, 0.9576, 0.9573, 0.9655, 0.9576, 0.9576, 0.9573, 0.9576, 0.9576, 0.9576, 0.9744, 0.9573], [0.8585, 0.8548, 0.8568, 0.8637, 0.8585, 0.8581, 0.8571, 0.8618, 0.8637, 0.8594, 0.8585, 0.8565, 0.8608, 0.8588, 0.8571, 0.8707, 0.8548, 0.8611, 0.8585, 0.8631, 0.8568, 0.8588, 0.8588, 0.8568, 0.8634, 0.8677, 0.8614, 0.8588], [0.751, 0.7589, 0.7579, 0.7533, 0.7628, 0.7418, 0.7573, 0.7579, 0.7461, 0.7523, 0.7457, 0.7579, 0.7635, 0.7612, 0.7615, 0.7728, 0.7549, 0.7539, 0.7556, 0.7503, 0.753, 0.7536, 0.7513, 0.7612, 0.7457, 0.7586, 0.7536, 0.7539], [0.5713, 0.5682, 0.5674, 0.5608, 0.5605, 0.5721, 0.5647, 0.572, 0.5682, 0.5647, 0.5674, 0.5605, 0.5619, 0.5647, 0.5647, 0.5667, 0.5636, 0.567, 0.5674, 0.5628, 0.562, 0.5686, 0.5597, 0.5674, 0.5651, 0.5643, 0.5631, 0.5689], [0.8549, 0.849, 0.8481, 0.8422, 0.8468, 0.8425, 0.8442, 0.8465, 0.8431, 0.8458, 0.8481, 0.8425, 0.8521, 0.8425, 0.8507, 0.8412, 0.8402, 0.8436, 0.8445, 0.8428, 0.8373, 0.8445, 0.8422, 0.8507, 0.8425, 0.8442, 0.8468, 0.8366]]	
Results: 	[[0.8242, 0.8203, 0.8316, 0.8189, 0.8245, 0.8249, 0.8245, 0.8249, 0.8168, 0.8207, 0.8266, 0.827, 0.8224, 0.8291, 0.8224, 0.828, 0.8274, 0.8249, 0.8207, 0.8238, 0.8298, 0.8157, 0.8228, 0.8274, 0.8203, 0.8182, 0.8207, 0.8242, 0.8224], [0.9483, 0.9576, 0.9487, 0.9573, 0.9569, 0.9576, 0.9576, 0.9573, 0.9569, 0.9573, 0.9576, 0.9576, 0.9576, 0.9569, 0.9573, 0.9661, 0.9569, 0.9576, 0.9573, 0.9655, 0.9576, 0.9576, 0.9573, 0.9576, 0.9576, 0.9576, 0.9744, 0.9573, 0.9573], [0.8585, 0.8548, 0.8568, 0.8637, 0.8585, 0.8581, 0.8571, 0.8618, 0.8637, 0.8594, 0.8585, 0.8565, 0.8608, 0.8588, 0.8571, 0.8707, 0.8548, 0.8611, 0.8585, 0.8631, 0.8568, 0.8588, 0.8588, 0.8568, 0.8634, 0.8677, 0.8614, 0.8588, 0.8608], [0.751, 0.7589, 0.7579, 0.7533, 0.7628, 0.7418, 0.7573, 0.7579, 0.7461, 0.7523, 0.7457, 0.7579, 0.7635, 0.7612, 0.7615, 0.7728, 0.7549, 0.7539, 0.7556, 0.7503, 0.753, 0.7536, 0.7513, 0.7612, 0.7457, 0.7586, 0.7536, 0.7539, 0.7549], [0.5713, 0.5682, 0.5674, 0.5608, 0.5605, 0.5721, 0.5647, 0.572, 0.5682, 0.5647, 0.5674, 0.5605, 0.5619, 0.5647, 0.5647, 0.5667, 0.5636, 0.567, 0.5674, 0.5628, 0.562, 0.5686, 0.5597, 0.5674, 0.5651, 0.5643, 0.5631, 0.5689, 0.5655], [0.8549, 0.849, 0.8481, 0.8422, 0.8468, 0.8425, 0.8442, 0.8465, 0.8431, 0.8458, 0.8481, 0.8425, 0.8521, 0.8425, 0.8507, 0.8412, 0.8402, 0.8436, 0.8445, 0.8428, 0.8373, 0.8445, 0.8422, 0.8507, 0.8425, 0.8442, 0.8468, 0.8366, 0.8462]]	
Results: 	[[0.8242, 0.8203, 0.8316, 0.8189, 0.8245, 0.8249, 0.8245, 0.8249, 0.8168, 0.8207, 0.8266, 0.827, 0.8224, 0.8291, 0.8224, 0.828, 0.8274, 0.8249, 0.8207, 0.8238, 0.8298, 0.8157, 0.8228, 0.8274, 0.8203, 0.8182, 0.8207, 0.8242, 0.8224, 0.8182], [0.9483, 0.9576, 0.9487, 0.9573, 0.9569, 0.9576, 0.9576, 0.9573, 0.9569, 0.9573, 0.9576, 0.9576, 0.9576, 0.9569, 0.9573, 0.9661, 0.9569, 0.9576, 0.9573, 0.9655, 0.9576, 0.9576, 0.9573, 0.9576, 0.9576, 0.9576, 0.9744, 0.9573, 0.9573, 0.9576], [0.8585, 0.8548, 0.8568, 0.8637, 0.8585, 0.8581, 0.8571, 0.8618, 0.8637, 0.8594, 0.8585, 0.8565, 0.8608, 0.8588, 0.8571, 0.8707, 0.8548, 0.8611, 0.8585, 0.8631, 0.8568, 0.8588, 0.8588, 0.8568, 0.8634, 0.8677, 0.8614, 0.8588, 0.8608, 0.8614], [0.751, 0.7589, 0.7579, 0.7533, 0.7628, 0.7418, 0.7573, 0.7579, 0.7461, 0.7523, 0.7457, 0.7579, 0.7635, 0.7612, 0.7615, 0.7728, 0.7549, 0.7539, 0.7556, 0.7503, 0.753, 0.7536, 0.7513, 0.7612, 0.7457, 0.7586, 0.7536, 0.7539, 0.7549, 0.7546], [0.5713, 0.5682, 0.5674, 0.5608, 0.5605, 0.5721, 0.5647, 0.572, 0.5682, 0.5647, 0.5674, 0.5605, 0.5619, 0.5647, 0.5647, 0.5667, 0.5636, 0.567, 0.5674, 0.5628, 0.562, 0.5686, 0.5597, 0.5674, 0.5651, 0.5643, 0.5631, 0.5689, 0.5655, 0.5627], [0.8549, 0.849, 0.8481, 0.8422, 0.8468, 0.8425, 0.8442, 0.8465, 0.8431, 0.8458, 0.8481, 0.8425, 0.8521, 0.8425, 0.8507, 0.8412, 0.8402, 0.8436, 0.8445, 0.8428, 0.8373, 0.8445, 0.8422, 0.8507, 0.8425, 0.8442, 0.8468, 0.8366, 0.8462, 0.8493]]
Support Sets: (Mean:0.8234433333333333, SD:0.003935837406696825) | 	Support Sets: (Mean:0.9579266666666667, SD:0.00448014264961726) | 	Support Sets: (Mean:0.8599, SD:0.0035442036214564264) | 	Support Sets: (Mean:0.7552333333333333, SD:0.006229481261036845) | 	Support Sets: (Mean:0.5654633333333333, SD:0.003388060510526421) | 	Support Sets: (Mean:0.8450533333333333, SD:0.004144105355248862) | 	
