Results: 	[[0.7157], [0.7493], [0.7314], [0.665], [0.465], [0.7593]]	
Results: 	[[0.7157, 0.725], [0.7493, 0.7379], [0.7314, 0.7493], [0.665, 0.66], [0.465, 0.51], [0.7593, 0.7686]]	
Results: 	[[0.7157, 0.725, 0.7186], [0.7493, 0.7379, 0.795], [0.7314, 0.7493, 0.74], [0.665, 0.66, 0.6714], [0.465, 0.51, 0.5214], [0.7593, 0.7686, 0.7621]]	
Results: 	[[0.7157, 0.725, 0.7186, 0.7286], [0.7493, 0.7379, 0.795, 0.7757], [0.7314, 0.7493, 0.74, 0.7293], [0.665, 0.66, 0.6714, 0.6636], [0.465, 0.51, 0.5214, 0.4686], [0.7593, 0.7686, 0.7621, 0.7629]]	
Results: 	[[0.7157, 0.725, 0.7186, 0.7286, 0.7271], [0.7493, 0.7379, 0.795, 0.7757, 0.7493], [0.7314, 0.7493, 0.74, 0.7293, 0.7371], [0.665, 0.66, 0.6714, 0.6636, 0.665], [0.465, 0.51, 0.5214, 0.4686, 0.5057], [0.7593, 0.7686, 0.7621, 0.7629, 0.7643]]	
Results: 	[[0.7157, 0.725, 0.7186, 0.7286, 0.7271, 0.705], [0.7493, 0.7379, 0.795, 0.7757, 0.7493, 0.7571], [0.7314, 0.7493, 0.74, 0.7293, 0.7371, 0.7379], [0.665, 0.66, 0.6714, 0.6636, 0.665, 0.6807], [0.465, 0.51, 0.5214, 0.4686, 0.5057, 0.4864], [0.7593, 0.7686, 0.7621, 0.7629, 0.7643, 0.7629]]	
Results: 	[[0.7157, 0.725, 0.7186, 0.7286, 0.7271, 0.705, 0.7114], [0.7493, 0.7379, 0.795, 0.7757, 0.7493, 0.7571, 0.7621], [0.7314, 0.7493, 0.74, 0.7293, 0.7371, 0.7379, 0.7471], [0.665, 0.66, 0.6714, 0.6636, 0.665, 0.6807, 0.6664], [0.465, 0.51, 0.5214, 0.4686, 0.5057, 0.4864, 0.5157], [0.7593, 0.7686, 0.7621, 0.7629, 0.7643, 0.7629, 0.7643]]	
Results: 	[[0.7157, 0.725, 0.7186, 0.7286, 0.7271, 0.705, 0.7114, 0.7264], [0.7493, 0.7379, 0.795, 0.7757, 0.7493, 0.7571, 0.7621, 0.7343], [0.7314, 0.7493, 0.74, 0.7293, 0.7371, 0.7379, 0.7471, 0.7386], [0.665, 0.66, 0.6714, 0.6636, 0.665, 0.6807, 0.6664, 0.6629], [0.465, 0.51, 0.5214, 0.4686, 0.5057, 0.4864, 0.5157, 0.4336], [0.7593, 0.7686, 0.7621, 0.7629, 0.7643, 0.7629, 0.7643, 0.7621]]	
Results: 	[[0.7157, 0.725, 0.7186, 0.7286, 0.7271, 0.705, 0.7114, 0.7264, 0.7007], [0.7493, 0.7379, 0.795, 0.7757, 0.7493, 0.7571, 0.7621, 0.7343, 0.735], [0.7314, 0.7493, 0.74, 0.7293, 0.7371, 0.7379, 0.7471, 0.7386, 0.7386], [0.665, 0.66, 0.6714, 0.6636, 0.665, 0.6807, 0.6664, 0.6629, 0.6893], [0.465, 0.51, 0.5214, 0.4686, 0.5057, 0.4864, 0.5157, 0.4336, 0.4914], [0.7593, 0.7686, 0.7621, 0.7629, 0.7643, 0.7629, 0.7643, 0.7621, 0.7636]]	
Results: 	[[0.7157, 0.725, 0.7186, 0.7286, 0.7271, 0.705, 0.7114, 0.7264, 0.7007, 0.7229], [0.7493, 0.7379, 0.795, 0.7757, 0.7493, 0.7571, 0.7621, 0.7343, 0.735, 0.7307], [0.7314, 0.7493, 0.74, 0.7293, 0.7371, 0.7379, 0.7471, 0.7386, 0.7386, 0.7264], [0.665, 0.66, 0.6714, 0.6636, 0.665, 0.6807, 0.6664, 0.6629, 0.6893, 0.6643], [0.465, 0.51, 0.5214, 0.4686, 0.5057, 0.4864, 0.5157, 0.4336, 0.4914, 0.495], [0.7593, 0.7686, 0.7621, 0.7629, 0.7643, 0.7629, 0.7643, 0.7621, 0.7636, 0.765]]	
Results: 	[[0.7157, 0.725, 0.7186, 0.7286, 0.7271, 0.705, 0.7114, 0.7264, 0.7007, 0.7229, 0.7236], [0.7493, 0.7379, 0.795, 0.7757, 0.7493, 0.7571, 0.7621, 0.7343, 0.735, 0.7307, 0.755], [0.7314, 0.7493, 0.74, 0.7293, 0.7371, 0.7379, 0.7471, 0.7386, 0.7386, 0.7264, 0.7429], [0.665, 0.66, 0.6714, 0.6636, 0.665, 0.6807, 0.6664, 0.6629, 0.6893, 0.6643, 0.66], [0.465, 0.51, 0.5214, 0.4686, 0.5057, 0.4864, 0.5157, 0.4336, 0.4914, 0.495, 0.4829], [0.7593, 0.7686, 0.7621, 0.7629, 0.7643, 0.7629, 0.7643, 0.7621, 0.7636, 0.765, 0.7671]]	
Results: 	[[0.7157, 0.725, 0.7186, 0.7286, 0.7271, 0.705, 0.7114, 0.7264, 0.7007, 0.7229, 0.7236, 0.7114], [0.7493, 0.7379, 0.795, 0.7757, 0.7493, 0.7571, 0.7621, 0.7343, 0.735, 0.7307, 0.755, 0.78], [0.7314, 0.7493, 0.74, 0.7293, 0.7371, 0.7379, 0.7471, 0.7386, 0.7386, 0.7264, 0.7429, 0.745], [0.665, 0.66, 0.6714, 0.6636, 0.665, 0.6807, 0.6664, 0.6629, 0.6893, 0.6643, 0.66, 0.6621], [0.465, 0.51, 0.5214, 0.4686, 0.5057, 0.4864, 0.5157, 0.4336, 0.4914, 0.495, 0.4829, 0.445], [0.7593, 0.7686, 0.7621, 0.7629, 0.7643, 0.7629, 0.7643, 0.7621, 0.7636, 0.765, 0.7671, 0.7629]]	
Results: 	[[0.7157, 0.725, 0.7186, 0.7286, 0.7271, 0.705, 0.7114, 0.7264, 0.7007, 0.7229, 0.7236, 0.7114, 0.7236], [0.7493, 0.7379, 0.795, 0.7757, 0.7493, 0.7571, 0.7621, 0.7343, 0.735, 0.7307, 0.755, 0.78, 0.7571], [0.7314, 0.7493, 0.74, 0.7293, 0.7371, 0.7379, 0.7471, 0.7386, 0.7386, 0.7264, 0.7429, 0.745, 0.7407], [0.665, 0.66, 0.6714, 0.6636, 0.665, 0.6807, 0.6664, 0.6629, 0.6893, 0.6643, 0.66, 0.6621, 0.6564], [0.465, 0.51, 0.5214, 0.4686, 0.5057, 0.4864, 0.5157, 0.4336, 0.4914, 0.495, 0.4829, 0.445, 0.4929], [0.7593, 0.7686, 0.7621, 0.7629, 0.7643, 0.7629, 0.7643, 0.7621, 0.7636, 0.765, 0.7671, 0.7629, 0.7643]]	
Results: 	[[0.7157, 0.725, 0.7186, 0.7286, 0.7271, 0.705, 0.7114, 0.7264, 0.7007, 0.7229, 0.7236, 0.7114, 0.7236, 0.7107], [0.7493, 0.7379, 0.795, 0.7757, 0.7493, 0.7571, 0.7621, 0.7343, 0.735, 0.7307, 0.755, 0.78, 0.7571, 0.7714], [0.7314, 0.7493, 0.74, 0.7293, 0.7371, 0.7379, 0.7471, 0.7386, 0.7386, 0.7264, 0.7429, 0.745, 0.7407, 0.7414], [0.665, 0.66, 0.6714, 0.6636, 0.665, 0.6807, 0.6664, 0.6629, 0.6893, 0.6643, 0.66, 0.6621, 0.6564, 0.6636], [0.465, 0.51, 0.5214, 0.4686, 0.5057, 0.4864, 0.5157, 0.4336, 0.4914, 0.495, 0.4829, 0.445, 0.4929, 0.435], [0.7593, 0.7686, 0.7621, 0.7629, 0.7643, 0.7629, 0.7643, 0.7621, 0.7636, 0.765, 0.7671, 0.7629, 0.7643, 0.76]]	
Results: 	[[0.7157, 0.725, 0.7186, 0.7286, 0.7271, 0.705, 0.7114, 0.7264, 0.7007, 0.7229, 0.7236, 0.7114, 0.7236, 0.7107, 0.7207], [0.7493, 0.7379, 0.795, 0.7757, 0.7493, 0.7571, 0.7621, 0.7343, 0.735, 0.7307, 0.755, 0.78, 0.7571, 0.7714, 0.7443], [0.7314, 0.7493, 0.74, 0.7293, 0.7371, 0.7379, 0.7471, 0.7386, 0.7386, 0.7264, 0.7429, 0.745, 0.7407, 0.7414, 0.7236], [0.665, 0.66, 0.6714, 0.6636, 0.665, 0.6807, 0.6664, 0.6629, 0.6893, 0.6643, 0.66, 0.6621, 0.6564, 0.6636, 0.6736], [0.465, 0.51, 0.5214, 0.4686, 0.5057, 0.4864, 0.5157, 0.4336, 0.4914, 0.495, 0.4829, 0.445, 0.4929, 0.435, 0.4714], [0.7593, 0.7686, 0.7621, 0.7629, 0.7643, 0.7629, 0.7643, 0.7621, 0.7636, 0.765, 0.7671, 0.7629, 0.7643, 0.76, 0.7614]]	
Results: 	[[0.7157, 0.725, 0.7186, 0.7286, 0.7271, 0.705, 0.7114, 0.7264, 0.7007, 0.7229, 0.7236, 0.7114, 0.7236, 0.7107, 0.7207, 0.7171], [0.7493, 0.7379, 0.795, 0.7757, 0.7493, 0.7571, 0.7621, 0.7343, 0.735, 0.7307, 0.755, 0.78, 0.7571, 0.7714, 0.7443, 0.765], [0.7314, 0.7493, 0.74, 0.7293, 0.7371, 0.7379, 0.7471, 0.7386, 0.7386, 0.7264, 0.7429, 0.745, 0.7407, 0.7414, 0.7236, 0.735], [0.665, 0.66, 0.6714, 0.6636, 0.665, 0.6807, 0.6664, 0.6629, 0.6893, 0.6643, 0.66, 0.6621, 0.6564, 0.6636, 0.6736, 0.6621], [0.465, 0.51, 0.5214, 0.4686, 0.5057, 0.4864, 0.5157, 0.4336, 0.4914, 0.495, 0.4829, 0.445, 0.4929, 0.435, 0.4714, 0.4986], [0.7593, 0.7686, 0.7621, 0.7629, 0.7643, 0.7629, 0.7643, 0.7621, 0.7636, 0.765, 0.7671, 0.7629, 0.7643, 0.76, 0.7614, 0.7636]]	
Results: 	[[0.7157, 0.725, 0.7186, 0.7286, 0.7271, 0.705, 0.7114, 0.7264, 0.7007, 0.7229, 0.7236, 0.7114, 0.7236, 0.7107, 0.7207, 0.7171, 0.7121], [0.7493, 0.7379, 0.795, 0.7757, 0.7493, 0.7571, 0.7621, 0.7343, 0.735, 0.7307, 0.755, 0.78, 0.7571, 0.7714, 0.7443, 0.765, 0.7614], [0.7314, 0.7493, 0.74, 0.7293, 0.7371, 0.7379, 0.7471, 0.7386, 0.7386, 0.7264, 0.7429, 0.745, 0.7407, 0.7414, 0.7236, 0.735, 0.7507], [0.665, 0.66, 0.6714, 0.6636, 0.665, 0.6807, 0.6664, 0.6629, 0.6893, 0.6643, 0.66, 0.6621, 0.6564, 0.6636, 0.6736, 0.6621, 0.6614], [0.465, 0.51, 0.5214, 0.4686, 0.5057, 0.4864, 0.5157, 0.4336, 0.4914, 0.495, 0.4829, 0.445, 0.4929, 0.435, 0.4714, 0.4986, 0.45], [0.7593, 0.7686, 0.7621, 0.7629, 0.7643, 0.7629, 0.7643, 0.7621, 0.7636, 0.765, 0.7671, 0.7629, 0.7643, 0.76, 0.7614, 0.7636, 0.7614]]	
Results: 	[[0.7157, 0.725, 0.7186, 0.7286, 0.7271, 0.705, 0.7114, 0.7264, 0.7007, 0.7229, 0.7236, 0.7114, 0.7236, 0.7107, 0.7207, 0.7171, 0.7121, 0.7264], [0.7493, 0.7379, 0.795, 0.7757, 0.7493, 0.7571, 0.7621, 0.7343, 0.735, 0.7307, 0.755, 0.78, 0.7571, 0.7714, 0.7443, 0.765, 0.7614, 0.7264], [0.7314, 0.7493, 0.74, 0.7293, 0.7371, 0.7379, 0.7471, 0.7386, 0.7386, 0.7264, 0.7429, 0.745, 0.7407, 0.7414, 0.7236, 0.735, 0.7507, 0.7314], [0.665, 0.66, 0.6714, 0.6636, 0.665, 0.6807, 0.6664, 0.6629, 0.6893, 0.6643, 0.66, 0.6621, 0.6564, 0.6636, 0.6736, 0.6621, 0.6614, 0.665], [0.465, 0.51, 0.5214, 0.4686, 0.5057, 0.4864, 0.5157, 0.4336, 0.4914, 0.495, 0.4829, 0.445, 0.4929, 0.435, 0.4714, 0.4986, 0.45, 0.4936], [0.7593, 0.7686, 0.7621, 0.7629, 0.7643, 0.7629, 0.7643, 0.7621, 0.7636, 0.765, 0.7671, 0.7629, 0.7643, 0.76, 0.7614, 0.7636, 0.7614, 0.7643]]	
Results: 	[[0.7157, 0.725, 0.7186, 0.7286, 0.7271, 0.705, 0.7114, 0.7264, 0.7007, 0.7229, 0.7236, 0.7114, 0.7236, 0.7107, 0.7207, 0.7171, 0.7121, 0.7264, 0.7286], [0.7493, 0.7379, 0.795, 0.7757, 0.7493, 0.7571, 0.7621, 0.7343, 0.735, 0.7307, 0.755, 0.78, 0.7571, 0.7714, 0.7443, 0.765, 0.7614, 0.7264, 0.7564], [0.7314, 0.7493, 0.74, 0.7293, 0.7371, 0.7379, 0.7471, 0.7386, 0.7386, 0.7264, 0.7429, 0.745, 0.7407, 0.7414, 0.7236, 0.735, 0.7507, 0.7314, 0.7336], [0.665, 0.66, 0.6714, 0.6636, 0.665, 0.6807, 0.6664, 0.6629, 0.6893, 0.6643, 0.66, 0.6621, 0.6564, 0.6636, 0.6736, 0.6621, 0.6614, 0.665, 0.6579], [0.465, 0.51, 0.5214, 0.4686, 0.5057, 0.4864, 0.5157, 0.4336, 0.4914, 0.495, 0.4829, 0.445, 0.4929, 0.435, 0.4714, 0.4986, 0.45, 0.4936, 0.5679], [0.7593, 0.7686, 0.7621, 0.7629, 0.7643, 0.7629, 0.7643, 0.7621, 0.7636, 0.765, 0.7671, 0.7629, 0.7643, 0.76, 0.7614, 0.7636, 0.7614, 0.7643, 0.7543]]	
Results: 	[[0.7157, 0.725, 0.7186, 0.7286, 0.7271, 0.705, 0.7114, 0.7264, 0.7007, 0.7229, 0.7236, 0.7114, 0.7236, 0.7107, 0.7207, 0.7171, 0.7121, 0.7264, 0.7286, 0.72], [0.7493, 0.7379, 0.795, 0.7757, 0.7493, 0.7571, 0.7621, 0.7343, 0.735, 0.7307, 0.755, 0.78, 0.7571, 0.7714, 0.7443, 0.765, 0.7614, 0.7264, 0.7564, 0.7507], [0.7314, 0.7493, 0.74, 0.7293, 0.7371, 0.7379, 0.7471, 0.7386, 0.7386, 0.7264, 0.7429, 0.745, 0.7407, 0.7414, 0.7236, 0.735, 0.7507, 0.7314, 0.7336, 0.7379], [0.665, 0.66, 0.6714, 0.6636, 0.665, 0.6807, 0.6664, 0.6629, 0.6893, 0.6643, 0.66, 0.6621, 0.6564, 0.6636, 0.6736, 0.6621, 0.6614, 0.665, 0.6579, 0.6614], [0.465, 0.51, 0.5214, 0.4686, 0.5057, 0.4864, 0.5157, 0.4336, 0.4914, 0.495, 0.4829, 0.445, 0.4929, 0.435, 0.4714, 0.4986, 0.45, 0.4936, 0.5679, 0.5057], [0.7593, 0.7686, 0.7621, 0.7629, 0.7643, 0.7629, 0.7643, 0.7621, 0.7636, 0.765, 0.7671, 0.7629, 0.7643, 0.76, 0.7614, 0.7636, 0.7614, 0.7643, 0.7543, 0.7657]]	
Results: 	[[0.7157, 0.725, 0.7186, 0.7286, 0.7271, 0.705, 0.7114, 0.7264, 0.7007, 0.7229, 0.7236, 0.7114, 0.7236, 0.7107, 0.7207, 0.7171, 0.7121, 0.7264, 0.7286, 0.72, 0.7193], [0.7493, 0.7379, 0.795, 0.7757, 0.7493, 0.7571, 0.7621, 0.7343, 0.735, 0.7307, 0.755, 0.78, 0.7571, 0.7714, 0.7443, 0.765, 0.7614, 0.7264, 0.7564, 0.7507, 0.7143], [0.7314, 0.7493, 0.74, 0.7293, 0.7371, 0.7379, 0.7471, 0.7386, 0.7386, 0.7264, 0.7429, 0.745, 0.7407, 0.7414, 0.7236, 0.735, 0.7507, 0.7314, 0.7336, 0.7379, 0.7293], [0.665, 0.66, 0.6714, 0.6636, 0.665, 0.6807, 0.6664, 0.6629, 0.6893, 0.6643, 0.66, 0.6621, 0.6564, 0.6636, 0.6736, 0.6621, 0.6614, 0.665, 0.6579, 0.6614, 0.6779], [0.465, 0.51, 0.5214, 0.4686, 0.5057, 0.4864, 0.5157, 0.4336, 0.4914, 0.495, 0.4829, 0.445, 0.4929, 0.435, 0.4714, 0.4986, 0.45, 0.4936, 0.5679, 0.5057, 0.5093], [0.7593, 0.7686, 0.7621, 0.7629, 0.7643, 0.7629, 0.7643, 0.7621, 0.7636, 0.765, 0.7671, 0.7629, 0.7643, 0.76, 0.7614, 0.7636, 0.7614, 0.7643, 0.7543, 0.7657, 0.7679]]	
Results: 	[[0.7157, 0.725, 0.7186, 0.7286, 0.7271, 0.705, 0.7114, 0.7264, 0.7007, 0.7229, 0.7236, 0.7114, 0.7236, 0.7107, 0.7207, 0.7171, 0.7121, 0.7264, 0.7286, 0.72, 0.7193, 0.7071], [0.7493, 0.7379, 0.795, 0.7757, 0.7493, 0.7571, 0.7621, 0.7343, 0.735, 0.7307, 0.755, 0.78, 0.7571, 0.7714, 0.7443, 0.765, 0.7614, 0.7264, 0.7564, 0.7507, 0.7143, 0.7471], [0.7314, 0.7493, 0.74, 0.7293, 0.7371, 0.7379, 0.7471, 0.7386, 0.7386, 0.7264, 0.7429, 0.745, 0.7407, 0.7414, 0.7236, 0.735, 0.7507, 0.7314, 0.7336, 0.7379, 0.7293, 0.7271], [0.665, 0.66, 0.6714, 0.6636, 0.665, 0.6807, 0.6664, 0.6629, 0.6893, 0.6643, 0.66, 0.6621, 0.6564, 0.6636, 0.6736, 0.6621, 0.6614, 0.665, 0.6579, 0.6614, 0.6779, 0.675], [0.465, 0.51, 0.5214, 0.4686, 0.5057, 0.4864, 0.5157, 0.4336, 0.4914, 0.495, 0.4829, 0.445, 0.4929, 0.435, 0.4714, 0.4986, 0.45, 0.4936, 0.5679, 0.5057, 0.5093, 0.51], [0.7593, 0.7686, 0.7621, 0.7629, 0.7643, 0.7629, 0.7643, 0.7621, 0.7636, 0.765, 0.7671, 0.7629, 0.7643, 0.76, 0.7614, 0.7636, 0.7614, 0.7643, 0.7543, 0.7657, 0.7679, 0.7679]]	
Results: 	[[0.7157, 0.725, 0.7186, 0.7286, 0.7271, 0.705, 0.7114, 0.7264, 0.7007, 0.7229, 0.7236, 0.7114, 0.7236, 0.7107, 0.7207, 0.7171, 0.7121, 0.7264, 0.7286, 0.72, 0.7193, 0.7071, 0.7229], [0.7493, 0.7379, 0.795, 0.7757, 0.7493, 0.7571, 0.7621, 0.7343, 0.735, 0.7307, 0.755, 0.78, 0.7571, 0.7714, 0.7443, 0.765, 0.7614, 0.7264, 0.7564, 0.7507, 0.7143, 0.7471, 0.7143], [0.7314, 0.7493, 0.74, 0.7293, 0.7371, 0.7379, 0.7471, 0.7386, 0.7386, 0.7264, 0.7429, 0.745, 0.7407, 0.7414, 0.7236, 0.735, 0.7507, 0.7314, 0.7336, 0.7379, 0.7293, 0.7271, 0.7279], [0.665, 0.66, 0.6714, 0.6636, 0.665, 0.6807, 0.6664, 0.6629, 0.6893, 0.6643, 0.66, 0.6621, 0.6564, 0.6636, 0.6736, 0.6621, 0.6614, 0.665, 0.6579, 0.6614, 0.6779, 0.675, 0.6593], [0.465, 0.51, 0.5214, 0.4686, 0.5057, 0.4864, 0.5157, 0.4336, 0.4914, 0.495, 0.4829, 0.445, 0.4929, 0.435, 0.4714, 0.4986, 0.45, 0.4936, 0.5679, 0.5057, 0.5093, 0.51, 0.4343], [0.7593, 0.7686, 0.7621, 0.7629, 0.7643, 0.7629, 0.7643, 0.7621, 0.7636, 0.765, 0.7671, 0.7629, 0.7643, 0.76, 0.7614, 0.7636, 0.7614, 0.7643, 0.7543, 0.7657, 0.7679, 0.7679, 0.7629]]	
Results: 	[[0.7157, 0.725, 0.7186, 0.7286, 0.7271, 0.705, 0.7114, 0.7264, 0.7007, 0.7229, 0.7236, 0.7114, 0.7236, 0.7107, 0.7207, 0.7171, 0.7121, 0.7264, 0.7286, 0.72, 0.7193, 0.7071, 0.7229, 0.7286], [0.7493, 0.7379, 0.795, 0.7757, 0.7493, 0.7571, 0.7621, 0.7343, 0.735, 0.7307, 0.755, 0.78, 0.7571, 0.7714, 0.7443, 0.765, 0.7614, 0.7264, 0.7564, 0.7507, 0.7143, 0.7471, 0.7143, 0.73], [0.7314, 0.7493, 0.74, 0.7293, 0.7371, 0.7379, 0.7471, 0.7386, 0.7386, 0.7264, 0.7429, 0.745, 0.7407, 0.7414, 0.7236, 0.735, 0.7507, 0.7314, 0.7336, 0.7379, 0.7293, 0.7271, 0.7279, 0.7329], [0.665, 0.66, 0.6714, 0.6636, 0.665, 0.6807, 0.6664, 0.6629, 0.6893, 0.6643, 0.66, 0.6621, 0.6564, 0.6636, 0.6736, 0.6621, 0.6614, 0.665, 0.6579, 0.6614, 0.6779, 0.675, 0.6593, 0.6643], [0.465, 0.51, 0.5214, 0.4686, 0.5057, 0.4864, 0.5157, 0.4336, 0.4914, 0.495, 0.4829, 0.445, 0.4929, 0.435, 0.4714, 0.4986, 0.45, 0.4936, 0.5679, 0.5057, 0.5093, 0.51, 0.4343, 0.4693], [0.7593, 0.7686, 0.7621, 0.7629, 0.7643, 0.7629, 0.7643, 0.7621, 0.7636, 0.765, 0.7671, 0.7629, 0.7643, 0.76, 0.7614, 0.7636, 0.7614, 0.7643, 0.7543, 0.7657, 0.7679, 0.7679, 0.7629, 0.7586]]	
Results: 	[[0.7157, 0.725, 0.7186, 0.7286, 0.7271, 0.705, 0.7114, 0.7264, 0.7007, 0.7229, 0.7236, 0.7114, 0.7236, 0.7107, 0.7207, 0.7171, 0.7121, 0.7264, 0.7286, 0.72, 0.7193, 0.7071, 0.7229, 0.7286, 0.7243], [0.7493, 0.7379, 0.795, 0.7757, 0.7493, 0.7571, 0.7621, 0.7343, 0.735, 0.7307, 0.755, 0.78, 0.7571, 0.7714, 0.7443, 0.765, 0.7614, 0.7264, 0.7564, 0.7507, 0.7143, 0.7471, 0.7143, 0.73, 0.7664], [0.7314, 0.7493, 0.74, 0.7293, 0.7371, 0.7379, 0.7471, 0.7386, 0.7386, 0.7264, 0.7429, 0.745, 0.7407, 0.7414, 0.7236, 0.735, 0.7507, 0.7314, 0.7336, 0.7379, 0.7293, 0.7271, 0.7279, 0.7329, 0.7364], [0.665, 0.66, 0.6714, 0.6636, 0.665, 0.6807, 0.6664, 0.6629, 0.6893, 0.6643, 0.66, 0.6621, 0.6564, 0.6636, 0.6736, 0.6621, 0.6614, 0.665, 0.6579, 0.6614, 0.6779, 0.675, 0.6593, 0.6643, 0.675], [0.465, 0.51, 0.5214, 0.4686, 0.5057, 0.4864, 0.5157, 0.4336, 0.4914, 0.495, 0.4829, 0.445, 0.4929, 0.435, 0.4714, 0.4986, 0.45, 0.4936, 0.5679, 0.5057, 0.5093, 0.51, 0.4343, 0.4693, 0.4557], [0.7593, 0.7686, 0.7621, 0.7629, 0.7643, 0.7629, 0.7643, 0.7621, 0.7636, 0.765, 0.7671, 0.7629, 0.7643, 0.76, 0.7614, 0.7636, 0.7614, 0.7643, 0.7543, 0.7657, 0.7679, 0.7679, 0.7629, 0.7586, 0.7636]]	
Results: 	[[0.7157, 0.725, 0.7186, 0.7286, 0.7271, 0.705, 0.7114, 0.7264, 0.7007, 0.7229, 0.7236, 0.7114, 0.7236, 0.7107, 0.7207, 0.7171, 0.7121, 0.7264, 0.7286, 0.72, 0.7193, 0.7071, 0.7229, 0.7286, 0.7243, 0.7179], [0.7493, 0.7379, 0.795, 0.7757, 0.7493, 0.7571, 0.7621, 0.7343, 0.735, 0.7307, 0.755, 0.78, 0.7571, 0.7714, 0.7443, 0.765, 0.7614, 0.7264, 0.7564, 0.7507, 0.7143, 0.7471, 0.7143, 0.73, 0.7664, 0.7593], [0.7314, 0.7493, 0.74, 0.7293, 0.7371, 0.7379, 0.7471, 0.7386, 0.7386, 0.7264, 0.7429, 0.745, 0.7407, 0.7414, 0.7236, 0.735, 0.7507, 0.7314, 0.7336, 0.7379, 0.7293, 0.7271, 0.7279, 0.7329, 0.7364, 0.7364], [0.665, 0.66, 0.6714, 0.6636, 0.665, 0.6807, 0.6664, 0.6629, 0.6893, 0.6643, 0.66, 0.6621, 0.6564, 0.6636, 0.6736, 0.6621, 0.6614, 0.665, 0.6579, 0.6614, 0.6779, 0.675, 0.6593, 0.6643, 0.675, 0.6507], [0.465, 0.51, 0.5214, 0.4686, 0.5057, 0.4864, 0.5157, 0.4336, 0.4914, 0.495, 0.4829, 0.445, 0.4929, 0.435, 0.4714, 0.4986, 0.45, 0.4936, 0.5679, 0.5057, 0.5093, 0.51, 0.4343, 0.4693, 0.4557, 0.5007], [0.7593, 0.7686, 0.7621, 0.7629, 0.7643, 0.7629, 0.7643, 0.7621, 0.7636, 0.765, 0.7671, 0.7629, 0.7643, 0.76, 0.7614, 0.7636, 0.7614, 0.7643, 0.7543, 0.7657, 0.7679, 0.7679, 0.7629, 0.7586, 0.7636, 0.7593]]	
Results: 	[[0.7157, 0.725, 0.7186, 0.7286, 0.7271, 0.705, 0.7114, 0.7264, 0.7007, 0.7229, 0.7236, 0.7114, 0.7236, 0.7107, 0.7207, 0.7171, 0.7121, 0.7264, 0.7286, 0.72, 0.7193, 0.7071, 0.7229, 0.7286, 0.7243, 0.7179, 0.7043], [0.7493, 0.7379, 0.795, 0.7757, 0.7493, 0.7571, 0.7621, 0.7343, 0.735, 0.7307, 0.755, 0.78, 0.7571, 0.7714, 0.7443, 0.765, 0.7614, 0.7264, 0.7564, 0.7507, 0.7143, 0.7471, 0.7143, 0.73, 0.7664, 0.7593, 0.7686], [0.7314, 0.7493, 0.74, 0.7293, 0.7371, 0.7379, 0.7471, 0.7386, 0.7386, 0.7264, 0.7429, 0.745, 0.7407, 0.7414, 0.7236, 0.735, 0.7507, 0.7314, 0.7336, 0.7379, 0.7293, 0.7271, 0.7279, 0.7329, 0.7364, 0.7364, 0.7357], [0.665, 0.66, 0.6714, 0.6636, 0.665, 0.6807, 0.6664, 0.6629, 0.6893, 0.6643, 0.66, 0.6621, 0.6564, 0.6636, 0.6736, 0.6621, 0.6614, 0.665, 0.6579, 0.6614, 0.6779, 0.675, 0.6593, 0.6643, 0.675, 0.6507, 0.6614], [0.465, 0.51, 0.5214, 0.4686, 0.5057, 0.4864, 0.5157, 0.4336, 0.4914, 0.495, 0.4829, 0.445, 0.4929, 0.435, 0.4714, 0.4986, 0.45, 0.4936, 0.5679, 0.5057, 0.5093, 0.51, 0.4343, 0.4693, 0.4557, 0.5007, 0.4964], [0.7593, 0.7686, 0.7621, 0.7629, 0.7643, 0.7629, 0.7643, 0.7621, 0.7636, 0.765, 0.7671, 0.7629, 0.7643, 0.76, 0.7614, 0.7636, 0.7614, 0.7643, 0.7543, 0.7657, 0.7679, 0.7679, 0.7629, 0.7586, 0.7636, 0.7593, 0.7629]]	
Results: 	[[0.7157, 0.725, 0.7186, 0.7286, 0.7271, 0.705, 0.7114, 0.7264, 0.7007, 0.7229, 0.7236, 0.7114, 0.7236, 0.7107, 0.7207, 0.7171, 0.7121, 0.7264, 0.7286, 0.72, 0.7193, 0.7071, 0.7229, 0.7286, 0.7243, 0.7179, 0.7043, 0.7179], [0.7493, 0.7379, 0.795, 0.7757, 0.7493, 0.7571, 0.7621, 0.7343, 0.735, 0.7307, 0.755, 0.78, 0.7571, 0.7714, 0.7443, 0.765, 0.7614, 0.7264, 0.7564, 0.7507, 0.7143, 0.7471, 0.7143, 0.73, 0.7664, 0.7593, 0.7686, 0.7471], [0.7314, 0.7493, 0.74, 0.7293, 0.7371, 0.7379, 0.7471, 0.7386, 0.7386, 0.7264, 0.7429, 0.745, 0.7407, 0.7414, 0.7236, 0.735, 0.7507, 0.7314, 0.7336, 0.7379, 0.7293, 0.7271, 0.7279, 0.7329, 0.7364, 0.7364, 0.7357, 0.7464], [0.665, 0.66, 0.6714, 0.6636, 0.665, 0.6807, 0.6664, 0.6629, 0.6893, 0.6643, 0.66, 0.6621, 0.6564, 0.6636, 0.6736, 0.6621, 0.6614, 0.665, 0.6579, 0.6614, 0.6779, 0.675, 0.6593, 0.6643, 0.675, 0.6507, 0.6614, 0.66], [0.465, 0.51, 0.5214, 0.4686, 0.5057, 0.4864, 0.5157, 0.4336, 0.4914, 0.495, 0.4829, 0.445, 0.4929, 0.435, 0.4714, 0.4986, 0.45, 0.4936, 0.5679, 0.5057, 0.5093, 0.51, 0.4343, 0.4693, 0.4557, 0.5007, 0.4964, 0.5429], [0.7593, 0.7686, 0.7621, 0.7629, 0.7643, 0.7629, 0.7643, 0.7621, 0.7636, 0.765, 0.7671, 0.7629, 0.7643, 0.76, 0.7614, 0.7636, 0.7614, 0.7643, 0.7543, 0.7657, 0.7679, 0.7679, 0.7629, 0.7586, 0.7636, 0.7593, 0.7629, 0.7643]]	
Results: 	[[0.7157, 0.725, 0.7186, 0.7286, 0.7271, 0.705, 0.7114, 0.7264, 0.7007, 0.7229, 0.7236, 0.7114, 0.7236, 0.7107, 0.7207, 0.7171, 0.7121, 0.7264, 0.7286, 0.72, 0.7193, 0.7071, 0.7229, 0.7286, 0.7243, 0.7179, 0.7043, 0.7179, 0.7157], [0.7493, 0.7379, 0.795, 0.7757, 0.7493, 0.7571, 0.7621, 0.7343, 0.735, 0.7307, 0.755, 0.78, 0.7571, 0.7714, 0.7443, 0.765, 0.7614, 0.7264, 0.7564, 0.7507, 0.7143, 0.7471, 0.7143, 0.73, 0.7664, 0.7593, 0.7686, 0.7471, 0.725], [0.7314, 0.7493, 0.74, 0.7293, 0.7371, 0.7379, 0.7471, 0.7386, 0.7386, 0.7264, 0.7429, 0.745, 0.7407, 0.7414, 0.7236, 0.735, 0.7507, 0.7314, 0.7336, 0.7379, 0.7293, 0.7271, 0.7279, 0.7329, 0.7364, 0.7364, 0.7357, 0.7464, 0.7343], [0.665, 0.66, 0.6714, 0.6636, 0.665, 0.6807, 0.6664, 0.6629, 0.6893, 0.6643, 0.66, 0.6621, 0.6564, 0.6636, 0.6736, 0.6621, 0.6614, 0.665, 0.6579, 0.6614, 0.6779, 0.675, 0.6593, 0.6643, 0.675, 0.6507, 0.6614, 0.66, 0.6643], [0.465, 0.51, 0.5214, 0.4686, 0.5057, 0.4864, 0.5157, 0.4336, 0.4914, 0.495, 0.4829, 0.445, 0.4929, 0.435, 0.4714, 0.4986, 0.45, 0.4936, 0.5679, 0.5057, 0.5093, 0.51, 0.4343, 0.4693, 0.4557, 0.5007, 0.4964, 0.5429, 0.4986], [0.7593, 0.7686, 0.7621, 0.7629, 0.7643, 0.7629, 0.7643, 0.7621, 0.7636, 0.765, 0.7671, 0.7629, 0.7643, 0.76, 0.7614, 0.7636, 0.7614, 0.7643, 0.7543, 0.7657, 0.7679, 0.7679, 0.7629, 0.7586, 0.7636, 0.7593, 0.7629, 0.7643, 0.7607]]	
Results: 	[[0.7157, 0.725, 0.7186, 0.7286, 0.7271, 0.705, 0.7114, 0.7264, 0.7007, 0.7229, 0.7236, 0.7114, 0.7236, 0.7107, 0.7207, 0.7171, 0.7121, 0.7264, 0.7286, 0.72, 0.7193, 0.7071, 0.7229, 0.7286, 0.7243, 0.7179, 0.7043, 0.7179, 0.7157, 0.715], [0.7493, 0.7379, 0.795, 0.7757, 0.7493, 0.7571, 0.7621, 0.7343, 0.735, 0.7307, 0.755, 0.78, 0.7571, 0.7714, 0.7443, 0.765, 0.7614, 0.7264, 0.7564, 0.7507, 0.7143, 0.7471, 0.7143, 0.73, 0.7664, 0.7593, 0.7686, 0.7471, 0.725, 0.7357], [0.7314, 0.7493, 0.74, 0.7293, 0.7371, 0.7379, 0.7471, 0.7386, 0.7386, 0.7264, 0.7429, 0.745, 0.7407, 0.7414, 0.7236, 0.735, 0.7507, 0.7314, 0.7336, 0.7379, 0.7293, 0.7271, 0.7279, 0.7329, 0.7364, 0.7364, 0.7357, 0.7464, 0.7343, 0.7443], [0.665, 0.66, 0.6714, 0.6636, 0.665, 0.6807, 0.6664, 0.6629, 0.6893, 0.6643, 0.66, 0.6621, 0.6564, 0.6636, 0.6736, 0.6621, 0.6614, 0.665, 0.6579, 0.6614, 0.6779, 0.675, 0.6593, 0.6643, 0.675, 0.6507, 0.6614, 0.66, 0.6643, 0.6664], [0.465, 0.51, 0.5214, 0.4686, 0.5057, 0.4864, 0.5157, 0.4336, 0.4914, 0.495, 0.4829, 0.445, 0.4929, 0.435, 0.4714, 0.4986, 0.45, 0.4936, 0.5679, 0.5057, 0.5093, 0.51, 0.4343, 0.4693, 0.4557, 0.5007, 0.4964, 0.5429, 0.4986, 0.4871], [0.7593, 0.7686, 0.7621, 0.7629, 0.7643, 0.7629, 0.7643, 0.7621, 0.7636, 0.765, 0.7671, 0.7629, 0.7643, 0.76, 0.7614, 0.7636, 0.7614, 0.7643, 0.7543, 0.7657, 0.7679, 0.7679, 0.7629, 0.7586, 0.7636, 0.7593, 0.7629, 0.7643, 0.7607, 0.7586]]
Support Sets: (Mean:0.7182866666666666, SD:0.007749826842707789) | 	Support Sets: (Mean:0.7500633333333333, SD:0.019288633124617503) | 	Support Sets: (Mean:0.7369533333333333, SD:0.0070130289256956305) | 	Support Sets: (Mean:0.6655466666666666, SD:0.007911394372646345) | 	Support Sets: (Mean:0.48800333333333334, SD:0.031321453299322004) | 	Support Sets: (Mean:0.7628933333333333, SD:0.003104716471405414) | 	
