Results: 	[[0.7372], [0.7843], [0.7238]]	
Results: 	[[0.7372, 0.7361], [0.7843, 0.7952], [0.7238, 0.7213]]	
Results: 	[[0.7372, 0.7361, 0.7342], [0.7843, 0.7952, 0.7926], [0.7238, 0.7213, 0.7281]]	
Results: 	[[0.7372, 0.7361, 0.7342, 0.7464], [0.7843, 0.7952, 0.7926, 0.7903], [0.7238, 0.7213, 0.7281, 0.7256]]	
Results: 	[[0.7372, 0.7361, 0.7342, 0.7464, 0.7473], [0.7843, 0.7952, 0.7926, 0.7903, 0.7893], [0.7238, 0.7213, 0.7281, 0.7256, 0.7297]]	
Results: 	[[0.7372, 0.7361, 0.7342, 0.7464, 0.7473, 0.7418], [0.7843, 0.7952, 0.7926, 0.7903, 0.7893, 0.7883], [0.7238, 0.7213, 0.7281, 0.7256, 0.7297, 0.7306]]	
Results: 	[[0.7372, 0.7361, 0.7342, 0.7464, 0.7473, 0.7418, 0.7293], [0.7843, 0.7952, 0.7926, 0.7903, 0.7893, 0.7883, 0.7902], [0.7238, 0.7213, 0.7281, 0.7256, 0.7297, 0.7306, 0.7276]]	
Results: 	[[0.7372, 0.7361, 0.7342, 0.7464, 0.7473, 0.7418, 0.7293, 0.7406], [0.7843, 0.7952, 0.7926, 0.7903, 0.7893, 0.7883, 0.7902, 0.7838], [0.7238, 0.7213, 0.7281, 0.7256, 0.7297, 0.7306, 0.7276, 0.7258]]	
Results: 	[[0.7372, 0.7361, 0.7342, 0.7464, 0.7473, 0.7418, 0.7293, 0.7406, 0.7464], [0.7843, 0.7952, 0.7926, 0.7903, 0.7893, 0.7883, 0.7902, 0.7838, 0.7884], [0.7238, 0.7213, 0.7281, 0.7256, 0.7297, 0.7306, 0.7276, 0.7258, 0.7262]]	
Results: 	[[0.7372, 0.7361, 0.7342, 0.7464, 0.7473, 0.7418, 0.7293, 0.7406, 0.7464, 0.7436], [0.7843, 0.7952, 0.7926, 0.7903, 0.7893, 0.7883, 0.7902, 0.7838, 0.7884, 0.7934], [0.7238, 0.7213, 0.7281, 0.7256, 0.7297, 0.7306, 0.7276, 0.7258, 0.7262, 0.7266]]	
Results: 	[[0.7372, 0.7361, 0.7342, 0.7464, 0.7473, 0.7418, 0.7293, 0.7406, 0.7464, 0.7436, 0.7335], [0.7843, 0.7952, 0.7926, 0.7903, 0.7893, 0.7883, 0.7902, 0.7838, 0.7884, 0.7934, 0.7903], [0.7238, 0.7213, 0.7281, 0.7256, 0.7297, 0.7306, 0.7276, 0.7258, 0.7262, 0.7266, 0.73]]	
Results: 	[[0.7372, 0.7361, 0.7342, 0.7464, 0.7473, 0.7418, 0.7293, 0.7406, 0.7464, 0.7436, 0.7335, 0.7379], [0.7843, 0.7952, 0.7926, 0.7903, 0.7893, 0.7883, 0.7902, 0.7838, 0.7884, 0.7934, 0.7903, 0.7986], [0.7238, 0.7213, 0.7281, 0.7256, 0.7297, 0.7306, 0.7276, 0.7258, 0.7262, 0.7266, 0.73, 0.7175]]	
Results: 	[[0.7372, 0.7361, 0.7342, 0.7464, 0.7473, 0.7418, 0.7293, 0.7406, 0.7464, 0.7436, 0.7335, 0.7379, 0.7348], [0.7843, 0.7952, 0.7926, 0.7903, 0.7893, 0.7883, 0.7902, 0.7838, 0.7884, 0.7934, 0.7903, 0.7986, 0.7883], [0.7238, 0.7213, 0.7281, 0.7256, 0.7297, 0.7306, 0.7276, 0.7258, 0.7262, 0.7266, 0.73, 0.7175, 0.7234]]	
Results: 	[[0.7372, 0.7361, 0.7342, 0.7464, 0.7473, 0.7418, 0.7293, 0.7406, 0.7464, 0.7436, 0.7335, 0.7379, 0.7348, 0.7397], [0.7843, 0.7952, 0.7926, 0.7903, 0.7893, 0.7883, 0.7902, 0.7838, 0.7884, 0.7934, 0.7903, 0.7986, 0.7883, 0.7889], [0.7238, 0.7213, 0.7281, 0.7256, 0.7297, 0.7306, 0.7276, 0.7258, 0.7262, 0.7266, 0.73, 0.7175, 0.7234, 0.7298]]	
Results: 	[[0.7372, 0.7361, 0.7342, 0.7464, 0.7473, 0.7418, 0.7293, 0.7406, 0.7464, 0.7436, 0.7335, 0.7379, 0.7348, 0.7397, 0.7458], [0.7843, 0.7952, 0.7926, 0.7903, 0.7893, 0.7883, 0.7902, 0.7838, 0.7884, 0.7934, 0.7903, 0.7986, 0.7883, 0.7889, 0.7905], [0.7238, 0.7213, 0.7281, 0.7256, 0.7297, 0.7306, 0.7276, 0.7258, 0.7262, 0.7266, 0.73, 0.7175, 0.7234, 0.7298, 0.7171]]	
Results: 	[[0.7372, 0.7361, 0.7342, 0.7464, 0.7473, 0.7418, 0.7293, 0.7406, 0.7464, 0.7436, 0.7335, 0.7379, 0.7348, 0.7397, 0.7458, 0.743], [0.7843, 0.7952, 0.7926, 0.7903, 0.7893, 0.7883, 0.7902, 0.7838, 0.7884, 0.7934, 0.7903, 0.7986, 0.7883, 0.7889, 0.7905, 0.786], [0.7238, 0.7213, 0.7281, 0.7256, 0.7297, 0.7306, 0.7276, 0.7258, 0.7262, 0.7266, 0.73, 0.7175, 0.7234, 0.7298, 0.7171, 0.7334]]	
Results: 	[[0.7372, 0.7361, 0.7342, 0.7464, 0.7473, 0.7418, 0.7293, 0.7406, 0.7464, 0.7436, 0.7335, 0.7379, 0.7348, 0.7397, 0.7458, 0.743, 0.7378], [0.7843, 0.7952, 0.7926, 0.7903, 0.7893, 0.7883, 0.7902, 0.7838, 0.7884, 0.7934, 0.7903, 0.7986, 0.7883, 0.7889, 0.7905, 0.786, 0.7881], [0.7238, 0.7213, 0.7281, 0.7256, 0.7297, 0.7306, 0.7276, 0.7258, 0.7262, 0.7266, 0.73, 0.7175, 0.7234, 0.7298, 0.7171, 0.7334, 0.7203]]	
Results: 	[[0.7372, 0.7361, 0.7342, 0.7464, 0.7473, 0.7418, 0.7293, 0.7406, 0.7464, 0.7436, 0.7335, 0.7379, 0.7348, 0.7397, 0.7458, 0.743, 0.7378, 0.7504], [0.7843, 0.7952, 0.7926, 0.7903, 0.7893, 0.7883, 0.7902, 0.7838, 0.7884, 0.7934, 0.7903, 0.7986, 0.7883, 0.7889, 0.7905, 0.786, 0.7881, 0.7867], [0.7238, 0.7213, 0.7281, 0.7256, 0.7297, 0.7306, 0.7276, 0.7258, 0.7262, 0.7266, 0.73, 0.7175, 0.7234, 0.7298, 0.7171, 0.7334, 0.7203, 0.7283]]	
Results: 	[[0.7372, 0.7361, 0.7342, 0.7464, 0.7473, 0.7418, 0.7293, 0.7406, 0.7464, 0.7436, 0.7335, 0.7379, 0.7348, 0.7397, 0.7458, 0.743, 0.7378, 0.7504, 0.7364], [0.7843, 0.7952, 0.7926, 0.7903, 0.7893, 0.7883, 0.7902, 0.7838, 0.7884, 0.7934, 0.7903, 0.7986, 0.7883, 0.7889, 0.7905, 0.786, 0.7881, 0.7867, 0.7974], [0.7238, 0.7213, 0.7281, 0.7256, 0.7297, 0.7306, 0.7276, 0.7258, 0.7262, 0.7266, 0.73, 0.7175, 0.7234, 0.7298, 0.7171, 0.7334, 0.7203, 0.7283, 0.7352]]	
Results: 	[[0.7372, 0.7361, 0.7342, 0.7464, 0.7473, 0.7418, 0.7293, 0.7406, 0.7464, 0.7436, 0.7335, 0.7379, 0.7348, 0.7397, 0.7458, 0.743, 0.7378, 0.7504, 0.7364, 0.7447], [0.7843, 0.7952, 0.7926, 0.7903, 0.7893, 0.7883, 0.7902, 0.7838, 0.7884, 0.7934, 0.7903, 0.7986, 0.7883, 0.7889, 0.7905, 0.786, 0.7881, 0.7867, 0.7974, 0.796], [0.7238, 0.7213, 0.7281, 0.7256, 0.7297, 0.7306, 0.7276, 0.7258, 0.7262, 0.7266, 0.73, 0.7175, 0.7234, 0.7298, 0.7171, 0.7334, 0.7203, 0.7283, 0.7352, 0.7228]]	
Results: 	[[0.7372, 0.7361, 0.7342, 0.7464, 0.7473, 0.7418, 0.7293, 0.7406, 0.7464, 0.7436, 0.7335, 0.7379, 0.7348, 0.7397, 0.7458, 0.743, 0.7378, 0.7504, 0.7364, 0.7447, 0.745], [0.7843, 0.7952, 0.7926, 0.7903, 0.7893, 0.7883, 0.7902, 0.7838, 0.7884, 0.7934, 0.7903, 0.7986, 0.7883, 0.7889, 0.7905, 0.786, 0.7881, 0.7867, 0.7974, 0.796, 0.79], [0.7238, 0.7213, 0.7281, 0.7256, 0.7297, 0.7306, 0.7276, 0.7258, 0.7262, 0.7266, 0.73, 0.7175, 0.7234, 0.7298, 0.7171, 0.7334, 0.7203, 0.7283, 0.7352, 0.7228, 0.721]]	
Results: 	[[0.7372, 0.7361, 0.7342, 0.7464, 0.7473, 0.7418, 0.7293, 0.7406, 0.7464, 0.7436, 0.7335, 0.7379, 0.7348, 0.7397, 0.7458, 0.743, 0.7378, 0.7504, 0.7364, 0.7447, 0.745, 0.7459], [0.7843, 0.7952, 0.7926, 0.7903, 0.7893, 0.7883, 0.7902, 0.7838, 0.7884, 0.7934, 0.7903, 0.7986, 0.7883, 0.7889, 0.7905, 0.786, 0.7881, 0.7867, 0.7974, 0.796, 0.79, 0.791], [0.7238, 0.7213, 0.7281, 0.7256, 0.7297, 0.7306, 0.7276, 0.7258, 0.7262, 0.7266, 0.73, 0.7175, 0.7234, 0.7298, 0.7171, 0.7334, 0.7203, 0.7283, 0.7352, 0.7228, 0.721, 0.7321]]	
Results: 	[[0.7372, 0.7361, 0.7342, 0.7464, 0.7473, 0.7418, 0.7293, 0.7406, 0.7464, 0.7436, 0.7335, 0.7379, 0.7348, 0.7397, 0.7458, 0.743, 0.7378, 0.7504, 0.7364, 0.7447, 0.745, 0.7459, 0.7296], [0.7843, 0.7952, 0.7926, 0.7903, 0.7893, 0.7883, 0.7902, 0.7838, 0.7884, 0.7934, 0.7903, 0.7986, 0.7883, 0.7889, 0.7905, 0.786, 0.7881, 0.7867, 0.7974, 0.796, 0.79, 0.791, 0.7979], [0.7238, 0.7213, 0.7281, 0.7256, 0.7297, 0.7306, 0.7276, 0.7258, 0.7262, 0.7266, 0.73, 0.7175, 0.7234, 0.7298, 0.7171, 0.7334, 0.7203, 0.7283, 0.7352, 0.7228, 0.721, 0.7321, 0.7266]]	
Results: 	[[0.7372, 0.7361, 0.7342, 0.7464, 0.7473, 0.7418, 0.7293, 0.7406, 0.7464, 0.7436, 0.7335, 0.7379, 0.7348, 0.7397, 0.7458, 0.743, 0.7378, 0.7504, 0.7364, 0.7447, 0.745, 0.7459, 0.7296, 0.7399], [0.7843, 0.7952, 0.7926, 0.7903, 0.7893, 0.7883, 0.7902, 0.7838, 0.7884, 0.7934, 0.7903, 0.7986, 0.7883, 0.7889, 0.7905, 0.786, 0.7881, 0.7867, 0.7974, 0.796, 0.79, 0.791, 0.7979, 0.7884], [0.7238, 0.7213, 0.7281, 0.7256, 0.7297, 0.7306, 0.7276, 0.7258, 0.7262, 0.7266, 0.73, 0.7175, 0.7234, 0.7298, 0.7171, 0.7334, 0.7203, 0.7283, 0.7352, 0.7228, 0.721, 0.7321, 0.7266, 0.7287]]	
Results: 	[[0.7372, 0.7361, 0.7342, 0.7464, 0.7473, 0.7418, 0.7293, 0.7406, 0.7464, 0.7436, 0.7335, 0.7379, 0.7348, 0.7397, 0.7458, 0.743, 0.7378, 0.7504, 0.7364, 0.7447, 0.745, 0.7459, 0.7296, 0.7399, 0.743], [0.7843, 0.7952, 0.7926, 0.7903, 0.7893, 0.7883, 0.7902, 0.7838, 0.7884, 0.7934, 0.7903, 0.7986, 0.7883, 0.7889, 0.7905, 0.786, 0.7881, 0.7867, 0.7974, 0.796, 0.79, 0.791, 0.7979, 0.7884, 0.7936], [0.7238, 0.7213, 0.7281, 0.7256, 0.7297, 0.7306, 0.7276, 0.7258, 0.7262, 0.7266, 0.73, 0.7175, 0.7234, 0.7298, 0.7171, 0.7334, 0.7203, 0.7283, 0.7352, 0.7228, 0.721, 0.7321, 0.7266, 0.7287, 0.7227]]	
Results: 	[[0.7372, 0.7361, 0.7342, 0.7464, 0.7473, 0.7418, 0.7293, 0.7406, 0.7464, 0.7436, 0.7335, 0.7379, 0.7348, 0.7397, 0.7458, 0.743, 0.7378, 0.7504, 0.7364, 0.7447, 0.745, 0.7459, 0.7296, 0.7399, 0.743, 0.7373], [0.7843, 0.7952, 0.7926, 0.7903, 0.7893, 0.7883, 0.7902, 0.7838, 0.7884, 0.7934, 0.7903, 0.7986, 0.7883, 0.7889, 0.7905, 0.786, 0.7881, 0.7867, 0.7974, 0.796, 0.79, 0.791, 0.7979, 0.7884, 0.7936, 0.7922], [0.7238, 0.7213, 0.7281, 0.7256, 0.7297, 0.7306, 0.7276, 0.7258, 0.7262, 0.7266, 0.73, 0.7175, 0.7234, 0.7298, 0.7171, 0.7334, 0.7203, 0.7283, 0.7352, 0.7228, 0.721, 0.7321, 0.7266, 0.7287, 0.7227, 0.7261]]	
Results: 	[[0.7372, 0.7361, 0.7342, 0.7464, 0.7473, 0.7418, 0.7293, 0.7406, 0.7464, 0.7436, 0.7335, 0.7379, 0.7348, 0.7397, 0.7458, 0.743, 0.7378, 0.7504, 0.7364, 0.7447, 0.745, 0.7459, 0.7296, 0.7399, 0.743, 0.7373, 0.7476], [0.7843, 0.7952, 0.7926, 0.7903, 0.7893, 0.7883, 0.7902, 0.7838, 0.7884, 0.7934, 0.7903, 0.7986, 0.7883, 0.7889, 0.7905, 0.786, 0.7881, 0.7867, 0.7974, 0.796, 0.79, 0.791, 0.7979, 0.7884, 0.7936, 0.7922, 0.7881], [0.7238, 0.7213, 0.7281, 0.7256, 0.7297, 0.7306, 0.7276, 0.7258, 0.7262, 0.7266, 0.73, 0.7175, 0.7234, 0.7298, 0.7171, 0.7334, 0.7203, 0.7283, 0.7352, 0.7228, 0.721, 0.7321, 0.7266, 0.7287, 0.7227, 0.7261, 0.729]]	
Results: 	[[0.7372, 0.7361, 0.7342, 0.7464, 0.7473, 0.7418, 0.7293, 0.7406, 0.7464, 0.7436, 0.7335, 0.7379, 0.7348, 0.7397, 0.7458, 0.743, 0.7378, 0.7504, 0.7364, 0.7447, 0.745, 0.7459, 0.7296, 0.7399, 0.743, 0.7373, 0.7476, 0.745], [0.7843, 0.7952, 0.7926, 0.7903, 0.7893, 0.7883, 0.7902, 0.7838, 0.7884, 0.7934, 0.7903, 0.7986, 0.7883, 0.7889, 0.7905, 0.786, 0.7881, 0.7867, 0.7974, 0.796, 0.79, 0.791, 0.7979, 0.7884, 0.7936, 0.7922, 0.7881, 0.7926], [0.7238, 0.7213, 0.7281, 0.7256, 0.7297, 0.7306, 0.7276, 0.7258, 0.7262, 0.7266, 0.73, 0.7175, 0.7234, 0.7298, 0.7171, 0.7334, 0.7203, 0.7283, 0.7352, 0.7228, 0.721, 0.7321, 0.7266, 0.7287, 0.7227, 0.7261, 0.729, 0.721]]	
Results: 	[[0.7372, 0.7361, 0.7342, 0.7464, 0.7473, 0.7418, 0.7293, 0.7406, 0.7464, 0.7436, 0.7335, 0.7379, 0.7348, 0.7397, 0.7458, 0.743, 0.7378, 0.7504, 0.7364, 0.7447, 0.745, 0.7459, 0.7296, 0.7399, 0.743, 0.7373, 0.7476, 0.745, 0.7286], [0.7843, 0.7952, 0.7926, 0.7903, 0.7893, 0.7883, 0.7902, 0.7838, 0.7884, 0.7934, 0.7903, 0.7986, 0.7883, 0.7889, 0.7905, 0.786, 0.7881, 0.7867, 0.7974, 0.796, 0.79, 0.791, 0.7979, 0.7884, 0.7936, 0.7922, 0.7881, 0.7926, 0.7964], [0.7238, 0.7213, 0.7281, 0.7256, 0.7297, 0.7306, 0.7276, 0.7258, 0.7262, 0.7266, 0.73, 0.7175, 0.7234, 0.7298, 0.7171, 0.7334, 0.7203, 0.7283, 0.7352, 0.7228, 0.721, 0.7321, 0.7266, 0.7287, 0.7227, 0.7261, 0.729, 0.721, 0.7311]]	
Results: 	[[0.7372, 0.7361, 0.7342, 0.7464, 0.7473, 0.7418, 0.7293, 0.7406, 0.7464, 0.7436, 0.7335, 0.7379, 0.7348, 0.7397, 0.7458, 0.743, 0.7378, 0.7504, 0.7364, 0.7447, 0.745, 0.7459, 0.7296, 0.7399, 0.743, 0.7373, 0.7476, 0.745, 0.7286, 0.7376], [0.7843, 0.7952, 0.7926, 0.7903, 0.7893, 0.7883, 0.7902, 0.7838, 0.7884, 0.7934, 0.7903, 0.7986, 0.7883, 0.7889, 0.7905, 0.786, 0.7881, 0.7867, 0.7974, 0.796, 0.79, 0.791, 0.7979, 0.7884, 0.7936, 0.7922, 0.7881, 0.7926, 0.7964, 0.7907], [0.7238, 0.7213, 0.7281, 0.7256, 0.7297, 0.7306, 0.7276, 0.7258, 0.7262, 0.7266, 0.73, 0.7175, 0.7234, 0.7298, 0.7171, 0.7334, 0.7203, 0.7283, 0.7352, 0.7228, 0.721, 0.7321, 0.7266, 0.7287, 0.7227, 0.7261, 0.729, 0.721, 0.7311, 0.7241]]
Support Sets: (Mean:0.7402133333333334, SD:0.005839268573311586) | 	Support Sets: (Mean:0.7909166666666667, SD:0.003861399007982801) | 	Support Sets: (Mean:0.7261833333333333, SD:0.0045059411610812675) | 	
