Results: 	[[0.6724], [0.7097], [0.722]]	
Results: 	[[0.6724, 0.8412], [0.7097, 0.8508], [0.722, 0.2941]]	
Results: 	[[0.6724, 0.8412, 0.9062], [0.7097, 0.8508, 0.6803], [0.722, 0.2941, 0.611]]	
Results: 	[[0.6724, 0.8412, 0.9062, 0.7991], [0.7097, 0.8508, 0.6803, 0.7204], [0.722, 0.2941, 0.611, 0.8894]]	
Results: 	[[0.6724, 0.8412, 0.9062, 0.7991, 0.8932], [0.7097, 0.8508, 0.6803, 0.7204, 0.7019], [0.722, 0.2941, 0.611, 0.8894, 0.7255]]	
Results: 	[[0.6724, 0.8412, 0.9062, 0.7991, 0.8932, 0.8462], [0.7097, 0.8508, 0.6803, 0.7204, 0.7019, 0.7794], [0.722, 0.2941, 0.611, 0.8894, 0.7255, 0.6374]]	
Results: 	[[0.6724, 0.8412, 0.9062, 0.7991, 0.8932, 0.8462, 0.5461], [0.7097, 0.8508, 0.6803, 0.7204, 0.7019, 0.7794, 0.7513], [0.722, 0.2941, 0.611, 0.8894, 0.7255, 0.6374, 0.4427]]	
Results: 	[[0.6724, 0.8412, 0.9062, 0.7991, 0.8932, 0.8462, 0.5461, 0.7689], [0.7097, 0.8508, 0.6803, 0.7204, 0.7019, 0.7794, 0.7513, 0.7724], [0.722, 0.2941, 0.611, 0.8894, 0.7255, 0.6374, 0.4427, 0.8096]]	
Results: 	[[0.6724, 0.8412, 0.9062, 0.7991, 0.8932, 0.8462, 0.5461, 0.7689, 0.716], [0.7097, 0.8508, 0.6803, 0.7204, 0.7019, 0.7794, 0.7513, 0.7724, 0.7166], [0.722, 0.2941, 0.611, 0.8894, 0.7255, 0.6374, 0.4427, 0.8096, 0.654]]	
Results: 	[[0.6724, 0.8412, 0.9062, 0.7991, 0.8932, 0.8462, 0.5461, 0.7689, 0.716, 0.9279], [0.7097, 0.8508, 0.6803, 0.7204, 0.7019, 0.7794, 0.7513, 0.7724, 0.7166, 0.6962], [0.722, 0.2941, 0.611, 0.8894, 0.7255, 0.6374, 0.4427, 0.8096, 0.654, 0.9121]]	
Results: 	[[0.6724, 0.8412, 0.9062, 0.7991, 0.8932, 0.8462, 0.5461, 0.7689, 0.716, 0.9279, 0.6068], [0.7097, 0.8508, 0.6803, 0.7204, 0.7019, 0.7794, 0.7513, 0.7724, 0.7166, 0.6962, 0.6411], [0.722, 0.2941, 0.611, 0.8894, 0.7255, 0.6374, 0.4427, 0.8096, 0.654, 0.9121, 0.843]]	
Results: 	[[0.6724, 0.8412, 0.9062, 0.7991, 0.8932, 0.8462, 0.5461, 0.7689, 0.716, 0.9279, 0.6068, 0.7563], [0.7097, 0.8508, 0.6803, 0.7204, 0.7019, 0.7794, 0.7513, 0.7724, 0.7166, 0.6962, 0.6411, 0.7725], [0.722, 0.2941, 0.611, 0.8894, 0.7255, 0.6374, 0.4427, 0.8096, 0.654, 0.9121, 0.843, 0.4907]]	
Results: 	[[0.6724, 0.8412, 0.9062, 0.7991, 0.8932, 0.8462, 0.5461, 0.7689, 0.716, 0.9279, 0.6068, 0.7563, 0.6468], [0.7097, 0.8508, 0.6803, 0.7204, 0.7019, 0.7794, 0.7513, 0.7724, 0.7166, 0.6962, 0.6411, 0.7725, 0.561], [0.722, 0.2941, 0.611, 0.8894, 0.7255, 0.6374, 0.4427, 0.8096, 0.654, 0.9121, 0.843, 0.4907, 0.4158]]	
Results: 	[[0.6724, 0.8412, 0.9062, 0.7991, 0.8932, 0.8462, 0.5461, 0.7689, 0.716, 0.9279, 0.6068, 0.7563, 0.6468, 0.8387], [0.7097, 0.8508, 0.6803, 0.7204, 0.7019, 0.7794, 0.7513, 0.7724, 0.7166, 0.6962, 0.6411, 0.7725, 0.561, 0.7283], [0.722, 0.2941, 0.611, 0.8894, 0.7255, 0.6374, 0.4427, 0.8096, 0.654, 0.9121, 0.843, 0.4907, 0.4158, 0.7455]]	
Results: 	[[0.6724, 0.8412, 0.9062, 0.7991, 0.8932, 0.8462, 0.5461, 0.7689, 0.716, 0.9279, 0.6068, 0.7563, 0.6468, 0.8387, 0.8209], [0.7097, 0.8508, 0.6803, 0.7204, 0.7019, 0.7794, 0.7513, 0.7724, 0.7166, 0.6962, 0.6411, 0.7725, 0.561, 0.7283, 0.7204], [0.722, 0.2941, 0.611, 0.8894, 0.7255, 0.6374, 0.4427, 0.8096, 0.654, 0.9121, 0.843, 0.4907, 0.4158, 0.7455, 0.6859]]	
Results: 	[[0.6724, 0.8412, 0.9062, 0.7991, 0.8932, 0.8462, 0.5461, 0.7689, 0.716, 0.9279, 0.6068, 0.7563, 0.6468, 0.8387, 0.8209, 0.7295], [0.7097, 0.8508, 0.6803, 0.7204, 0.7019, 0.7794, 0.7513, 0.7724, 0.7166, 0.6962, 0.6411, 0.7725, 0.561, 0.7283, 0.7204, 0.7352], [0.722, 0.2941, 0.611, 0.8894, 0.7255, 0.6374, 0.4427, 0.8096, 0.654, 0.9121, 0.843, 0.4907, 0.4158, 0.7455, 0.6859, 0.8505]]	
Results: 	[[0.6724, 0.8412, 0.9062, 0.7991, 0.8932, 0.8462, 0.5461, 0.7689, 0.716, 0.9279, 0.6068, 0.7563, 0.6468, 0.8387, 0.8209, 0.7295, 0.5924], [0.7097, 0.8508, 0.6803, 0.7204, 0.7019, 0.7794, 0.7513, 0.7724, 0.7166, 0.6962, 0.6411, 0.7725, 0.561, 0.7283, 0.7204, 0.7352, 0.7575], [0.722, 0.2941, 0.611, 0.8894, 0.7255, 0.6374, 0.4427, 0.8096, 0.654, 0.9121, 0.843, 0.4907, 0.4158, 0.7455, 0.6859, 0.8505, 0.4261]]	
Results: 	[[0.6724, 0.8412, 0.9062, 0.7991, 0.8932, 0.8462, 0.5461, 0.7689, 0.716, 0.9279, 0.6068, 0.7563, 0.6468, 0.8387, 0.8209, 0.7295, 0.5924, 0.819], [0.7097, 0.8508, 0.6803, 0.7204, 0.7019, 0.7794, 0.7513, 0.7724, 0.7166, 0.6962, 0.6411, 0.7725, 0.561, 0.7283, 0.7204, 0.7352, 0.7575, 0.7209], [0.722, 0.2941, 0.611, 0.8894, 0.7255, 0.6374, 0.4427, 0.8096, 0.654, 0.9121, 0.843, 0.4907, 0.4158, 0.7455, 0.6859, 0.8505, 0.4261, 0.5135]]	
Results: 	[[0.6724, 0.8412, 0.9062, 0.7991, 0.8932, 0.8462, 0.5461, 0.7689, 0.716, 0.9279, 0.6068, 0.7563, 0.6468, 0.8387, 0.8209, 0.7295, 0.5924, 0.819, 0.7914], [0.7097, 0.8508, 0.6803, 0.7204, 0.7019, 0.7794, 0.7513, 0.7724, 0.7166, 0.6962, 0.6411, 0.7725, 0.561, 0.7283, 0.7204, 0.7352, 0.7575, 0.7209, 0.7418], [0.722, 0.2941, 0.611, 0.8894, 0.7255, 0.6374, 0.4427, 0.8096, 0.654, 0.9121, 0.843, 0.4907, 0.4158, 0.7455, 0.6859, 0.8505, 0.4261, 0.5135, 0.7207]]	
Results: 	[[0.6724, 0.8412, 0.9062, 0.7991, 0.8932, 0.8462, 0.5461, 0.7689, 0.716, 0.9279, 0.6068, 0.7563, 0.6468, 0.8387, 0.8209, 0.7295, 0.5924, 0.819, 0.7914, 0.6133], [0.7097, 0.8508, 0.6803, 0.7204, 0.7019, 0.7794, 0.7513, 0.7724, 0.7166, 0.6962, 0.6411, 0.7725, 0.561, 0.7283, 0.7204, 0.7352, 0.7575, 0.7209, 0.7418, 0.6085], [0.722, 0.2941, 0.611, 0.8894, 0.7255, 0.6374, 0.4427, 0.8096, 0.654, 0.9121, 0.843, 0.4907, 0.4158, 0.7455, 0.6859, 0.8505, 0.4261, 0.5135, 0.7207, 0.7425]]	
Results: 	[[0.6724, 0.8412, 0.9062, 0.7991, 0.8932, 0.8462, 0.5461, 0.7689, 0.716, 0.9279, 0.6068, 0.7563, 0.6468, 0.8387, 0.8209, 0.7295, 0.5924, 0.819, 0.7914, 0.6133, 0.8945], [0.7097, 0.8508, 0.6803, 0.7204, 0.7019, 0.7794, 0.7513, 0.7724, 0.7166, 0.6962, 0.6411, 0.7725, 0.561, 0.7283, 0.7204, 0.7352, 0.7575, 0.7209, 0.7418, 0.6085, 0.7941], [0.722, 0.2941, 0.611, 0.8894, 0.7255, 0.6374, 0.4427, 0.8096, 0.654, 0.9121, 0.843, 0.4907, 0.4158, 0.7455, 0.6859, 0.8505, 0.4261, 0.5135, 0.7207, 0.7425, 0.8856]]	
Results: 	[[0.6724, 0.8412, 0.9062, 0.7991, 0.8932, 0.8462, 0.5461, 0.7689, 0.716, 0.9279, 0.6068, 0.7563, 0.6468, 0.8387, 0.8209, 0.7295, 0.5924, 0.819, 0.7914, 0.6133, 0.8945, 0.9013], [0.7097, 0.8508, 0.6803, 0.7204, 0.7019, 0.7794, 0.7513, 0.7724, 0.7166, 0.6962, 0.6411, 0.7725, 0.561, 0.7283, 0.7204, 0.7352, 0.7575, 0.7209, 0.7418, 0.6085, 0.7941, 0.7345], [0.722, 0.2941, 0.611, 0.8894, 0.7255, 0.6374, 0.4427, 0.8096, 0.654, 0.9121, 0.843, 0.4907, 0.4158, 0.7455, 0.6859, 0.8505, 0.4261, 0.5135, 0.7207, 0.7425, 0.8856, 0.679]]	
Results: 	[[0.6724, 0.8412, 0.9062, 0.7991, 0.8932, 0.8462, 0.5461, 0.7689, 0.716, 0.9279, 0.6068, 0.7563, 0.6468, 0.8387, 0.8209, 0.7295, 0.5924, 0.819, 0.7914, 0.6133, 0.8945, 0.9013, 0.8656], [0.7097, 0.8508, 0.6803, 0.7204, 0.7019, 0.7794, 0.7513, 0.7724, 0.7166, 0.6962, 0.6411, 0.7725, 0.561, 0.7283, 0.7204, 0.7352, 0.7575, 0.7209, 0.7418, 0.6085, 0.7941, 0.7345, 0.6095], [0.722, 0.2941, 0.611, 0.8894, 0.7255, 0.6374, 0.4427, 0.8096, 0.654, 0.9121, 0.843, 0.4907, 0.4158, 0.7455, 0.6859, 0.8505, 0.4261, 0.5135, 0.7207, 0.7425, 0.8856, 0.679, 0.5506]]	
Results: 	[[0.6724, 0.8412, 0.9062, 0.7991, 0.8932, 0.8462, 0.5461, 0.7689, 0.716, 0.9279, 0.6068, 0.7563, 0.6468, 0.8387, 0.8209, 0.7295, 0.5924, 0.819, 0.7914, 0.6133, 0.8945, 0.9013, 0.8656, 0.6775], [0.7097, 0.8508, 0.6803, 0.7204, 0.7019, 0.7794, 0.7513, 0.7724, 0.7166, 0.6962, 0.6411, 0.7725, 0.561, 0.7283, 0.7204, 0.7352, 0.7575, 0.7209, 0.7418, 0.6085, 0.7941, 0.7345, 0.6095, 0.813], [0.722, 0.2941, 0.611, 0.8894, 0.7255, 0.6374, 0.4427, 0.8096, 0.654, 0.9121, 0.843, 0.4907, 0.4158, 0.7455, 0.6859, 0.8505, 0.4261, 0.5135, 0.7207, 0.7425, 0.8856, 0.679, 0.5506, 0.6174]]	
Results: 	[[0.6724, 0.8412, 0.9062, 0.7991, 0.8932, 0.8462, 0.5461, 0.7689, 0.716, 0.9279, 0.6068, 0.7563, 0.6468, 0.8387, 0.8209, 0.7295, 0.5924, 0.819, 0.7914, 0.6133, 0.8945, 0.9013, 0.8656, 0.6775, 0.9067], [0.7097, 0.8508, 0.6803, 0.7204, 0.7019, 0.7794, 0.7513, 0.7724, 0.7166, 0.6962, 0.6411, 0.7725, 0.561, 0.7283, 0.7204, 0.7352, 0.7575, 0.7209, 0.7418, 0.6085, 0.7941, 0.7345, 0.6095, 0.813, 0.7086], [0.722, 0.2941, 0.611, 0.8894, 0.7255, 0.6374, 0.4427, 0.8096, 0.654, 0.9121, 0.843, 0.4907, 0.4158, 0.7455, 0.6859, 0.8505, 0.4261, 0.5135, 0.7207, 0.7425, 0.8856, 0.679, 0.5506, 0.6174, 0.6062]]	
Results: 	[[0.6724, 0.8412, 0.9062, 0.7991, 0.8932, 0.8462, 0.5461, 0.7689, 0.716, 0.9279, 0.6068, 0.7563, 0.6468, 0.8387, 0.8209, 0.7295, 0.5924, 0.819, 0.7914, 0.6133, 0.8945, 0.9013, 0.8656, 0.6775, 0.9067, 0.6987], [0.7097, 0.8508, 0.6803, 0.7204, 0.7019, 0.7794, 0.7513, 0.7724, 0.7166, 0.6962, 0.6411, 0.7725, 0.561, 0.7283, 0.7204, 0.7352, 0.7575, 0.7209, 0.7418, 0.6085, 0.7941, 0.7345, 0.6095, 0.813, 0.7086, 0.8416], [0.722, 0.2941, 0.611, 0.8894, 0.7255, 0.6374, 0.4427, 0.8096, 0.654, 0.9121, 0.843, 0.4907, 0.4158, 0.7455, 0.6859, 0.8505, 0.4261, 0.5135, 0.7207, 0.7425, 0.8856, 0.679, 0.5506, 0.6174, 0.6062, 0.6334]]	
Results: 	[[0.6724, 0.8412, 0.9062, 0.7991, 0.8932, 0.8462, 0.5461, 0.7689, 0.716, 0.9279, 0.6068, 0.7563, 0.6468, 0.8387, 0.8209, 0.7295, 0.5924, 0.819, 0.7914, 0.6133, 0.8945, 0.9013, 0.8656, 0.6775, 0.9067, 0.6987, 0.919], [0.7097, 0.8508, 0.6803, 0.7204, 0.7019, 0.7794, 0.7513, 0.7724, 0.7166, 0.6962, 0.6411, 0.7725, 0.561, 0.7283, 0.7204, 0.7352, 0.7575, 0.7209, 0.7418, 0.6085, 0.7941, 0.7345, 0.6095, 0.813, 0.7086, 0.8416, 0.825], [0.722, 0.2941, 0.611, 0.8894, 0.7255, 0.6374, 0.4427, 0.8096, 0.654, 0.9121, 0.843, 0.4907, 0.4158, 0.7455, 0.6859, 0.8505, 0.4261, 0.5135, 0.7207, 0.7425, 0.8856, 0.679, 0.5506, 0.6174, 0.6062, 0.6334, 0.6641]]	
Results: 	[[0.6724, 0.8412, 0.9062, 0.7991, 0.8932, 0.8462, 0.5461, 0.7689, 0.716, 0.9279, 0.6068, 0.7563, 0.6468, 0.8387, 0.8209, 0.7295, 0.5924, 0.819, 0.7914, 0.6133, 0.8945, 0.9013, 0.8656, 0.6775, 0.9067, 0.6987, 0.919, 0.6043], [0.7097, 0.8508, 0.6803, 0.7204, 0.7019, 0.7794, 0.7513, 0.7724, 0.7166, 0.6962, 0.6411, 0.7725, 0.561, 0.7283, 0.7204, 0.7352, 0.7575, 0.7209, 0.7418, 0.6085, 0.7941, 0.7345, 0.6095, 0.813, 0.7086, 0.8416, 0.825, 0.6772], [0.722, 0.2941, 0.611, 0.8894, 0.7255, 0.6374, 0.4427, 0.8096, 0.654, 0.9121, 0.843, 0.4907, 0.4158, 0.7455, 0.6859, 0.8505, 0.4261, 0.5135, 0.7207, 0.7425, 0.8856, 0.679, 0.5506, 0.6174, 0.6062, 0.6334, 0.6641, 0.438]]	
Results: 	[[0.6724, 0.8412, 0.9062, 0.7991, 0.8932, 0.8462, 0.5461, 0.7689, 0.716, 0.9279, 0.6068, 0.7563, 0.6468, 0.8387, 0.8209, 0.7295, 0.5924, 0.819, 0.7914, 0.6133, 0.8945, 0.9013, 0.8656, 0.6775, 0.9067, 0.6987, 0.919, 0.6043, 0.8287], [0.7097, 0.8508, 0.6803, 0.7204, 0.7019, 0.7794, 0.7513, 0.7724, 0.7166, 0.6962, 0.6411, 0.7725, 0.561, 0.7283, 0.7204, 0.7352, 0.7575, 0.7209, 0.7418, 0.6085, 0.7941, 0.7345, 0.6095, 0.813, 0.7086, 0.8416, 0.825, 0.6772, 0.8453], [0.722, 0.2941, 0.611, 0.8894, 0.7255, 0.6374, 0.4427, 0.8096, 0.654, 0.9121, 0.843, 0.4907, 0.4158, 0.7455, 0.6859, 0.8505, 0.4261, 0.5135, 0.7207, 0.7425, 0.8856, 0.679, 0.5506, 0.6174, 0.6062, 0.6334, 0.6641, 0.438, 0.3852]]	
Results: 	[[0.6724, 0.8412, 0.9062, 0.7991, 0.8932, 0.8462, 0.5461, 0.7689, 0.716, 0.9279, 0.6068, 0.7563, 0.6468, 0.8387, 0.8209, 0.7295, 0.5924, 0.819, 0.7914, 0.6133, 0.8945, 0.9013, 0.8656, 0.6775, 0.9067, 0.6987, 0.919, 0.6043, 0.8287, 0.6321], [0.7097, 0.8508, 0.6803, 0.7204, 0.7019, 0.7794, 0.7513, 0.7724, 0.7166, 0.6962, 0.6411, 0.7725, 0.561, 0.7283, 0.7204, 0.7352, 0.7575, 0.7209, 0.7418, 0.6085, 0.7941, 0.7345, 0.6095, 0.813, 0.7086, 0.8416, 0.825, 0.6772, 0.8453, 0.8178], [0.722, 0.2941, 0.611, 0.8894, 0.7255, 0.6374, 0.4427, 0.8096, 0.654, 0.9121, 0.843, 0.4907, 0.4158, 0.7455, 0.6859, 0.8505, 0.4261, 0.5135, 0.7207, 0.7425, 0.8856, 0.679, 0.5506, 0.6174, 0.6062, 0.6334, 0.6641, 0.438, 0.3852, 0.6672]]
Support Sets: (Mean:0.76869, SD:0.11583858076264336) | 	Support Sets: (Mean:0.7344266666666667, SD:0.07172318402327646) | 	Support Sets: (Mean:0.6419566666666666, SD:0.16265088418584384) | 	
