Results: 	[[0.7462], [0.7967], [0.7386]]	
Results: 	[[0.7462, 0.753], [0.7967, 0.7978], [0.7386, 0.7295]]	
Results: 	[[0.7462, 0.753, 0.7546], [0.7967, 0.7978, 0.7903], [0.7386, 0.7295, 0.7298]]	
Results: 	[[0.7462, 0.753, 0.7546, 0.7543], [0.7967, 0.7978, 0.7903, 0.7943], [0.7386, 0.7295, 0.7298, 0.7357]]	
Results: 	[[0.7462, 0.753, 0.7546, 0.7543, 0.7543], [0.7967, 0.7978, 0.7903, 0.7943, 0.7971], [0.7386, 0.7295, 0.7298, 0.7357, 0.7363]]	
Results: 	[[0.7462, 0.753, 0.7546, 0.7543, 0.7543, 0.7509], [0.7967, 0.7978, 0.7903, 0.7943, 0.7971, 0.7969], [0.7386, 0.7295, 0.7298, 0.7357, 0.7363, 0.7321]]	
Results: 	[[0.7462, 0.753, 0.7546, 0.7543, 0.7543, 0.7509, 0.7493], [0.7967, 0.7978, 0.7903, 0.7943, 0.7971, 0.7969, 0.7941], [0.7386, 0.7295, 0.7298, 0.7357, 0.7363, 0.7321, 0.7406]]	
Results: 	[[0.7462, 0.753, 0.7546, 0.7543, 0.7543, 0.7509, 0.7493, 0.7463], [0.7967, 0.7978, 0.7903, 0.7943, 0.7971, 0.7969, 0.7941, 0.7957], [0.7386, 0.7295, 0.7298, 0.7357, 0.7363, 0.7321, 0.7406, 0.7309]]	
Results: 	[[0.7462, 0.753, 0.7546, 0.7543, 0.7543, 0.7509, 0.7493, 0.7463, 0.7439], [0.7967, 0.7978, 0.7903, 0.7943, 0.7971, 0.7969, 0.7941, 0.7957, 0.7971], [0.7386, 0.7295, 0.7298, 0.7357, 0.7363, 0.7321, 0.7406, 0.7309, 0.7364]]	
Results: 	[[0.7462, 0.753, 0.7546, 0.7543, 0.7543, 0.7509, 0.7493, 0.7463, 0.7439, 0.7463], [0.7967, 0.7978, 0.7903, 0.7943, 0.7971, 0.7969, 0.7941, 0.7957, 0.7971, 0.795], [0.7386, 0.7295, 0.7298, 0.7357, 0.7363, 0.7321, 0.7406, 0.7309, 0.7364, 0.735]]	
Results: 	[[0.7462, 0.753, 0.7546, 0.7543, 0.7543, 0.7509, 0.7493, 0.7463, 0.7439, 0.7463, 0.7454], [0.7967, 0.7978, 0.7903, 0.7943, 0.7971, 0.7969, 0.7941, 0.7957, 0.7971, 0.795, 0.7966], [0.7386, 0.7295, 0.7298, 0.7357, 0.7363, 0.7321, 0.7406, 0.7309, 0.7364, 0.735, 0.7324]]	
Results: 	[[0.7462, 0.753, 0.7546, 0.7543, 0.7543, 0.7509, 0.7493, 0.7463, 0.7439, 0.7463, 0.7454, 0.7445], [0.7967, 0.7978, 0.7903, 0.7943, 0.7971, 0.7969, 0.7941, 0.7957, 0.7971, 0.795, 0.7966, 0.7972], [0.7386, 0.7295, 0.7298, 0.7357, 0.7363, 0.7321, 0.7406, 0.7309, 0.7364, 0.735, 0.7324, 0.7378]]	
Results: 	[[0.7462, 0.753, 0.7546, 0.7543, 0.7543, 0.7509, 0.7493, 0.7463, 0.7439, 0.7463, 0.7454, 0.7445, 0.7411], [0.7967, 0.7978, 0.7903, 0.7943, 0.7971, 0.7969, 0.7941, 0.7957, 0.7971, 0.795, 0.7966, 0.7972, 0.7928], [0.7386, 0.7295, 0.7298, 0.7357, 0.7363, 0.7321, 0.7406, 0.7309, 0.7364, 0.735, 0.7324, 0.7378, 0.7358]]	
Results: 	[[0.7462, 0.753, 0.7546, 0.7543, 0.7543, 0.7509, 0.7493, 0.7463, 0.7439, 0.7463, 0.7454, 0.7445, 0.7411, 0.751], [0.7967, 0.7978, 0.7903, 0.7943, 0.7971, 0.7969, 0.7941, 0.7957, 0.7971, 0.795, 0.7966, 0.7972, 0.7928, 0.7983], [0.7386, 0.7295, 0.7298, 0.7357, 0.7363, 0.7321, 0.7406, 0.7309, 0.7364, 0.735, 0.7324, 0.7378, 0.7358, 0.7371]]	
Results: 	[[0.7462, 0.753, 0.7546, 0.7543, 0.7543, 0.7509, 0.7493, 0.7463, 0.7439, 0.7463, 0.7454, 0.7445, 0.7411, 0.751, 0.7516], [0.7967, 0.7978, 0.7903, 0.7943, 0.7971, 0.7969, 0.7941, 0.7957, 0.7971, 0.795, 0.7966, 0.7972, 0.7928, 0.7983, 0.795], [0.7386, 0.7295, 0.7298, 0.7357, 0.7363, 0.7321, 0.7406, 0.7309, 0.7364, 0.735, 0.7324, 0.7378, 0.7358, 0.7371, 0.7295]]	
Results: 	[[0.7462, 0.753, 0.7546, 0.7543, 0.7543, 0.7509, 0.7493, 0.7463, 0.7439, 0.7463, 0.7454, 0.7445, 0.7411, 0.751, 0.7516, 0.7497], [0.7967, 0.7978, 0.7903, 0.7943, 0.7971, 0.7969, 0.7941, 0.7957, 0.7971, 0.795, 0.7966, 0.7972, 0.7928, 0.7983, 0.795, 0.7988], [0.7386, 0.7295, 0.7298, 0.7357, 0.7363, 0.7321, 0.7406, 0.7309, 0.7364, 0.735, 0.7324, 0.7378, 0.7358, 0.7371, 0.7295, 0.7352]]	
Results: 	[[0.7462, 0.753, 0.7546, 0.7543, 0.7543, 0.7509, 0.7493, 0.7463, 0.7439, 0.7463, 0.7454, 0.7445, 0.7411, 0.751, 0.7516, 0.7497, 0.7469], [0.7967, 0.7978, 0.7903, 0.7943, 0.7971, 0.7969, 0.7941, 0.7957, 0.7971, 0.795, 0.7966, 0.7972, 0.7928, 0.7983, 0.795, 0.7988, 0.7966], [0.7386, 0.7295, 0.7298, 0.7357, 0.7363, 0.7321, 0.7406, 0.7309, 0.7364, 0.735, 0.7324, 0.7378, 0.7358, 0.7371, 0.7295, 0.7352, 0.7327]]	
Results: 	[[0.7462, 0.753, 0.7546, 0.7543, 0.7543, 0.7509, 0.7493, 0.7463, 0.7439, 0.7463, 0.7454, 0.7445, 0.7411, 0.751, 0.7516, 0.7497, 0.7469, 0.7558], [0.7967, 0.7978, 0.7903, 0.7943, 0.7971, 0.7969, 0.7941, 0.7957, 0.7971, 0.795, 0.7966, 0.7972, 0.7928, 0.7983, 0.795, 0.7988, 0.7966, 0.7962], [0.7386, 0.7295, 0.7298, 0.7357, 0.7363, 0.7321, 0.7406, 0.7309, 0.7364, 0.735, 0.7324, 0.7378, 0.7358, 0.7371, 0.7295, 0.7352, 0.7327, 0.7405]]	
Results: 	[[0.7462, 0.753, 0.7546, 0.7543, 0.7543, 0.7509, 0.7493, 0.7463, 0.7439, 0.7463, 0.7454, 0.7445, 0.7411, 0.751, 0.7516, 0.7497, 0.7469, 0.7558, 0.7534], [0.7967, 0.7978, 0.7903, 0.7943, 0.7971, 0.7969, 0.7941, 0.7957, 0.7971, 0.795, 0.7966, 0.7972, 0.7928, 0.7983, 0.795, 0.7988, 0.7966, 0.7962, 0.7986], [0.7386, 0.7295, 0.7298, 0.7357, 0.7363, 0.7321, 0.7406, 0.7309, 0.7364, 0.735, 0.7324, 0.7378, 0.7358, 0.7371, 0.7295, 0.7352, 0.7327, 0.7405, 0.7344]]	
Results: 	[[0.7462, 0.753, 0.7546, 0.7543, 0.7543, 0.7509, 0.7493, 0.7463, 0.7439, 0.7463, 0.7454, 0.7445, 0.7411, 0.751, 0.7516, 0.7497, 0.7469, 0.7558, 0.7534, 0.7503], [0.7967, 0.7978, 0.7903, 0.7943, 0.7971, 0.7969, 0.7941, 0.7957, 0.7971, 0.795, 0.7966, 0.7972, 0.7928, 0.7983, 0.795, 0.7988, 0.7966, 0.7962, 0.7986, 0.7998], [0.7386, 0.7295, 0.7298, 0.7357, 0.7363, 0.7321, 0.7406, 0.7309, 0.7364, 0.735, 0.7324, 0.7378, 0.7358, 0.7371, 0.7295, 0.7352, 0.7327, 0.7405, 0.7344, 0.7364]]	
Results: 	[[0.7462, 0.753, 0.7546, 0.7543, 0.7543, 0.7509, 0.7493, 0.7463, 0.7439, 0.7463, 0.7454, 0.7445, 0.7411, 0.751, 0.7516, 0.7497, 0.7469, 0.7558, 0.7534, 0.7503, 0.751], [0.7967, 0.7978, 0.7903, 0.7943, 0.7971, 0.7969, 0.7941, 0.7957, 0.7971, 0.795, 0.7966, 0.7972, 0.7928, 0.7983, 0.795, 0.7988, 0.7966, 0.7962, 0.7986, 0.7998, 0.8043], [0.7386, 0.7295, 0.7298, 0.7357, 0.7363, 0.7321, 0.7406, 0.7309, 0.7364, 0.735, 0.7324, 0.7378, 0.7358, 0.7371, 0.7295, 0.7352, 0.7327, 0.7405, 0.7344, 0.7364, 0.7389]]	
Results: 	[[0.7462, 0.753, 0.7546, 0.7543, 0.7543, 0.7509, 0.7493, 0.7463, 0.7439, 0.7463, 0.7454, 0.7445, 0.7411, 0.751, 0.7516, 0.7497, 0.7469, 0.7558, 0.7534, 0.7503, 0.751, 0.7518], [0.7967, 0.7978, 0.7903, 0.7943, 0.7971, 0.7969, 0.7941, 0.7957, 0.7971, 0.795, 0.7966, 0.7972, 0.7928, 0.7983, 0.795, 0.7988, 0.7966, 0.7962, 0.7986, 0.7998, 0.8043, 0.7943], [0.7386, 0.7295, 0.7298, 0.7357, 0.7363, 0.7321, 0.7406, 0.7309, 0.7364, 0.735, 0.7324, 0.7378, 0.7358, 0.7371, 0.7295, 0.7352, 0.7327, 0.7405, 0.7344, 0.7364, 0.7389, 0.736]]	
Results: 	[[0.7462, 0.753, 0.7546, 0.7543, 0.7543, 0.7509, 0.7493, 0.7463, 0.7439, 0.7463, 0.7454, 0.7445, 0.7411, 0.751, 0.7516, 0.7497, 0.7469, 0.7558, 0.7534, 0.7503, 0.751, 0.7518, 0.7565], [0.7967, 0.7978, 0.7903, 0.7943, 0.7971, 0.7969, 0.7941, 0.7957, 0.7971, 0.795, 0.7966, 0.7972, 0.7928, 0.7983, 0.795, 0.7988, 0.7966, 0.7962, 0.7986, 0.7998, 0.8043, 0.7943, 0.7983], [0.7386, 0.7295, 0.7298, 0.7357, 0.7363, 0.7321, 0.7406, 0.7309, 0.7364, 0.735, 0.7324, 0.7378, 0.7358, 0.7371, 0.7295, 0.7352, 0.7327, 0.7405, 0.7344, 0.7364, 0.7389, 0.736, 0.7392]]	
Results: 	[[0.7462, 0.753, 0.7546, 0.7543, 0.7543, 0.7509, 0.7493, 0.7463, 0.7439, 0.7463, 0.7454, 0.7445, 0.7411, 0.751, 0.7516, 0.7497, 0.7469, 0.7558, 0.7534, 0.7503, 0.751, 0.7518, 0.7565, 0.7484], [0.7967, 0.7978, 0.7903, 0.7943, 0.7971, 0.7969, 0.7941, 0.7957, 0.7971, 0.795, 0.7966, 0.7972, 0.7928, 0.7983, 0.795, 0.7988, 0.7966, 0.7962, 0.7986, 0.7998, 0.8043, 0.7943, 0.7983, 0.7979], [0.7386, 0.7295, 0.7298, 0.7357, 0.7363, 0.7321, 0.7406, 0.7309, 0.7364, 0.735, 0.7324, 0.7378, 0.7358, 0.7371, 0.7295, 0.7352, 0.7327, 0.7405, 0.7344, 0.7364, 0.7389, 0.736, 0.7392, 0.7394]]	
Results: 	[[0.7462, 0.753, 0.7546, 0.7543, 0.7543, 0.7509, 0.7493, 0.7463, 0.7439, 0.7463, 0.7454, 0.7445, 0.7411, 0.751, 0.7516, 0.7497, 0.7469, 0.7558, 0.7534, 0.7503, 0.751, 0.7518, 0.7565, 0.7484, 0.7512], [0.7967, 0.7978, 0.7903, 0.7943, 0.7971, 0.7969, 0.7941, 0.7957, 0.7971, 0.795, 0.7966, 0.7972, 0.7928, 0.7983, 0.795, 0.7988, 0.7966, 0.7962, 0.7986, 0.7998, 0.8043, 0.7943, 0.7983, 0.7979, 0.7966], [0.7386, 0.7295, 0.7298, 0.7357, 0.7363, 0.7321, 0.7406, 0.7309, 0.7364, 0.735, 0.7324, 0.7378, 0.7358, 0.7371, 0.7295, 0.7352, 0.7327, 0.7405, 0.7344, 0.7364, 0.7389, 0.736, 0.7392, 0.7394, 0.7374]]	
Results: 	[[0.7462, 0.753, 0.7546, 0.7543, 0.7543, 0.7509, 0.7493, 0.7463, 0.7439, 0.7463, 0.7454, 0.7445, 0.7411, 0.751, 0.7516, 0.7497, 0.7469, 0.7558, 0.7534, 0.7503, 0.751, 0.7518, 0.7565, 0.7484, 0.7512, 0.7512], [0.7967, 0.7978, 0.7903, 0.7943, 0.7971, 0.7969, 0.7941, 0.7957, 0.7971, 0.795, 0.7966, 0.7972, 0.7928, 0.7983, 0.795, 0.7988, 0.7966, 0.7962, 0.7986, 0.7998, 0.8043, 0.7943, 0.7983, 0.7979, 0.7966, 0.7959], [0.7386, 0.7295, 0.7298, 0.7357, 0.7363, 0.7321, 0.7406, 0.7309, 0.7364, 0.735, 0.7324, 0.7378, 0.7358, 0.7371, 0.7295, 0.7352, 0.7327, 0.7405, 0.7344, 0.7364, 0.7389, 0.736, 0.7392, 0.7394, 0.7374, 0.735]]	
Results: 	[[0.7462, 0.753, 0.7546, 0.7543, 0.7543, 0.7509, 0.7493, 0.7463, 0.7439, 0.7463, 0.7454, 0.7445, 0.7411, 0.751, 0.7516, 0.7497, 0.7469, 0.7558, 0.7534, 0.7503, 0.751, 0.7518, 0.7565, 0.7484, 0.7512, 0.7512, 0.7467], [0.7967, 0.7978, 0.7903, 0.7943, 0.7971, 0.7969, 0.7941, 0.7957, 0.7971, 0.795, 0.7966, 0.7972, 0.7928, 0.7983, 0.795, 0.7988, 0.7966, 0.7962, 0.7986, 0.7998, 0.8043, 0.7943, 0.7983, 0.7979, 0.7966, 0.7959, 0.7988], [0.7386, 0.7295, 0.7298, 0.7357, 0.7363, 0.7321, 0.7406, 0.7309, 0.7364, 0.735, 0.7324, 0.7378, 0.7358, 0.7371, 0.7295, 0.7352, 0.7327, 0.7405, 0.7344, 0.7364, 0.7389, 0.736, 0.7392, 0.7394, 0.7374, 0.735, 0.7371]]	
Results: 	[[0.7462, 0.753, 0.7546, 0.7543, 0.7543, 0.7509, 0.7493, 0.7463, 0.7439, 0.7463, 0.7454, 0.7445, 0.7411, 0.751, 0.7516, 0.7497, 0.7469, 0.7558, 0.7534, 0.7503, 0.751, 0.7518, 0.7565, 0.7484, 0.7512, 0.7512, 0.7467, 0.7428], [0.7967, 0.7978, 0.7903, 0.7943, 0.7971, 0.7969, 0.7941, 0.7957, 0.7971, 0.795, 0.7966, 0.7972, 0.7928, 0.7983, 0.795, 0.7988, 0.7966, 0.7962, 0.7986, 0.7998, 0.8043, 0.7943, 0.7983, 0.7979, 0.7966, 0.7959, 0.7988, 0.7933], [0.7386, 0.7295, 0.7298, 0.7357, 0.7363, 0.7321, 0.7406, 0.7309, 0.7364, 0.735, 0.7324, 0.7378, 0.7358, 0.7371, 0.7295, 0.7352, 0.7327, 0.7405, 0.7344, 0.7364, 0.7389, 0.736, 0.7392, 0.7394, 0.7374, 0.735, 0.7371, 0.7383]]	
Results: 	[[0.7462, 0.753, 0.7546, 0.7543, 0.7543, 0.7509, 0.7493, 0.7463, 0.7439, 0.7463, 0.7454, 0.7445, 0.7411, 0.751, 0.7516, 0.7497, 0.7469, 0.7558, 0.7534, 0.7503, 0.751, 0.7518, 0.7565, 0.7484, 0.7512, 0.7512, 0.7467, 0.7428, 0.7521], [0.7967, 0.7978, 0.7903, 0.7943, 0.7971, 0.7969, 0.7941, 0.7957, 0.7971, 0.795, 0.7966, 0.7972, 0.7928, 0.7983, 0.795, 0.7988, 0.7966, 0.7962, 0.7986, 0.7998, 0.8043, 0.7943, 0.7983, 0.7979, 0.7966, 0.7959, 0.7988, 0.7933, 0.7976], [0.7386, 0.7295, 0.7298, 0.7357, 0.7363, 0.7321, 0.7406, 0.7309, 0.7364, 0.735, 0.7324, 0.7378, 0.7358, 0.7371, 0.7295, 0.7352, 0.7327, 0.7405, 0.7344, 0.7364, 0.7389, 0.736, 0.7392, 0.7394, 0.7374, 0.735, 0.7371, 0.7383, 0.735]]	
Results: 	[[0.7462, 0.753, 0.7546, 0.7543, 0.7543, 0.7509, 0.7493, 0.7463, 0.7439, 0.7463, 0.7454, 0.7445, 0.7411, 0.751, 0.7516, 0.7497, 0.7469, 0.7558, 0.7534, 0.7503, 0.751, 0.7518, 0.7565, 0.7484, 0.7512, 0.7512, 0.7467, 0.7428, 0.7521, 0.7432], [0.7967, 0.7978, 0.7903, 0.7943, 0.7971, 0.7969, 0.7941, 0.7957, 0.7971, 0.795, 0.7966, 0.7972, 0.7928, 0.7983, 0.795, 0.7988, 0.7966, 0.7962, 0.7986, 0.7998, 0.8043, 0.7943, 0.7983, 0.7979, 0.7966, 0.7959, 0.7988, 0.7933, 0.7976, 0.7971], [0.7386, 0.7295, 0.7298, 0.7357, 0.7363, 0.7321, 0.7406, 0.7309, 0.7364, 0.735, 0.7324, 0.7378, 0.7358, 0.7371, 0.7295, 0.7352, 0.7327, 0.7405, 0.7344, 0.7364, 0.7389, 0.736, 0.7392, 0.7394, 0.7374, 0.735, 0.7371, 0.7383, 0.735, 0.736]]
Support Sets: (Mean:0.7494566666666667, SD:0.004123497288110844) | 	Support Sets: (Mean:0.7966333333333333, SD:0.0025101632497170115) | 	Support Sets: (Mean:0.7356333333333334, SD:0.0031183918637804208) | 	
