Results: 	[[0.6794], [0.5461], [0.6844], [0.7376], [0.5865], [0.7113]]	
Results: 	[[0.6794, 0.6801], [0.5461, 0.5447], [0.6844, 0.6844], [0.7376, 0.7376], [0.5865, 0.583], [0.7113, 0.7099]]	
Results: 	[[0.6794, 0.6801, 0.6794], [0.5461, 0.5447, 0.5489], [0.6844, 0.6844, 0.6872], [0.7376, 0.7376, 0.7376], [0.5865, 0.583, 0.5823], [0.7113, 0.7099, 0.7078]]	
Results: 	[[0.6794, 0.6801, 0.6794, 0.6837], [0.5461, 0.5447, 0.5489, 0.5397], [0.6844, 0.6844, 0.6872, 0.683], [0.7376, 0.7376, 0.7376, 0.7369], [0.5865, 0.583, 0.5823, 0.5787], [0.7113, 0.7099, 0.7078, 0.7106]]	
Results: 	[[0.6794, 0.6801, 0.6794, 0.6837, 0.683], [0.5461, 0.5447, 0.5489, 0.5397, 0.5447], [0.6844, 0.6844, 0.6872, 0.683, 0.6865], [0.7376, 0.7376, 0.7376, 0.7369, 0.7397], [0.5865, 0.583, 0.5823, 0.5787, 0.5773], [0.7113, 0.7099, 0.7078, 0.7106, 0.7085]]	
Results: 	[[0.6794, 0.6801, 0.6794, 0.6837, 0.683, 0.6787], [0.5461, 0.5447, 0.5489, 0.5397, 0.5447, 0.5376], [0.6844, 0.6844, 0.6872, 0.683, 0.6865, 0.6879], [0.7376, 0.7376, 0.7376, 0.7369, 0.7397, 0.7333], [0.5865, 0.583, 0.5823, 0.5787, 0.5773, 0.5879], [0.7113, 0.7099, 0.7078, 0.7106, 0.7085, 0.7106]]	
Results: 	[[0.6794, 0.6801, 0.6794, 0.6837, 0.683, 0.6787, 0.6809], [0.5461, 0.5447, 0.5489, 0.5397, 0.5447, 0.5376, 0.5376], [0.6844, 0.6844, 0.6872, 0.683, 0.6865, 0.6879, 0.6837], [0.7376, 0.7376, 0.7376, 0.7369, 0.7397, 0.7333, 0.7369], [0.5865, 0.583, 0.5823, 0.5787, 0.5773, 0.5879, 0.5823], [0.7113, 0.7099, 0.7078, 0.7106, 0.7085, 0.7106, 0.7113]]	
Results: 	[[0.6794, 0.6801, 0.6794, 0.6837, 0.683, 0.6787, 0.6809, 0.6801], [0.5461, 0.5447, 0.5489, 0.5397, 0.5447, 0.5376, 0.5376, 0.5496], [0.6844, 0.6844, 0.6872, 0.683, 0.6865, 0.6879, 0.6837, 0.6823], [0.7376, 0.7376, 0.7376, 0.7369, 0.7397, 0.7333, 0.7369, 0.739], [0.5865, 0.583, 0.5823, 0.5787, 0.5773, 0.5879, 0.5823, 0.5879], [0.7113, 0.7099, 0.7078, 0.7106, 0.7085, 0.7106, 0.7113, 0.7057]]	
Results: 	[[0.6794, 0.6801, 0.6794, 0.6837, 0.683, 0.6787, 0.6809, 0.6801, 0.683], [0.5461, 0.5447, 0.5489, 0.5397, 0.5447, 0.5376, 0.5376, 0.5496, 0.5404], [0.6844, 0.6844, 0.6872, 0.683, 0.6865, 0.6879, 0.6837, 0.6823, 0.6801], [0.7376, 0.7376, 0.7376, 0.7369, 0.7397, 0.7333, 0.7369, 0.739, 0.7326], [0.5865, 0.583, 0.5823, 0.5787, 0.5773, 0.5879, 0.5823, 0.5879, 0.5844], [0.7113, 0.7099, 0.7078, 0.7106, 0.7085, 0.7106, 0.7113, 0.7057, 0.7128]]	
Results: 	[[0.6794, 0.6801, 0.6794, 0.6837, 0.683, 0.6787, 0.6809, 0.6801, 0.683, 0.6773], [0.5461, 0.5447, 0.5489, 0.5397, 0.5447, 0.5376, 0.5376, 0.5496, 0.5404, 0.5404], [0.6844, 0.6844, 0.6872, 0.683, 0.6865, 0.6879, 0.6837, 0.6823, 0.6801, 0.6844], [0.7376, 0.7376, 0.7376, 0.7369, 0.7397, 0.7333, 0.7369, 0.739, 0.7326, 0.7369], [0.5865, 0.583, 0.5823, 0.5787, 0.5773, 0.5879, 0.5823, 0.5879, 0.5844, 0.5809], [0.7113, 0.7099, 0.7078, 0.7106, 0.7085, 0.7106, 0.7113, 0.7057, 0.7128, 0.7078]]	
Results: 	[[0.6794, 0.6801, 0.6794, 0.6837, 0.683, 0.6787, 0.6809, 0.6801, 0.683, 0.6773, 0.678], [0.5461, 0.5447, 0.5489, 0.5397, 0.5447, 0.5376, 0.5376, 0.5496, 0.5404, 0.5404, 0.5383], [0.6844, 0.6844, 0.6872, 0.683, 0.6865, 0.6879, 0.6837, 0.6823, 0.6801, 0.6844, 0.6844], [0.7376, 0.7376, 0.7376, 0.7369, 0.7397, 0.7333, 0.7369, 0.739, 0.7326, 0.7369, 0.7333], [0.5865, 0.583, 0.5823, 0.5787, 0.5773, 0.5879, 0.5823, 0.5879, 0.5844, 0.5809, 0.5851], [0.7113, 0.7099, 0.7078, 0.7106, 0.7085, 0.7106, 0.7113, 0.7057, 0.7128, 0.7078, 0.7092]]	
Results: 	[[0.6794, 0.6801, 0.6794, 0.6837, 0.683, 0.6787, 0.6809, 0.6801, 0.683, 0.6773, 0.678, 0.6787], [0.5461, 0.5447, 0.5489, 0.5397, 0.5447, 0.5376, 0.5376, 0.5496, 0.5404, 0.5404, 0.5383, 0.5447], [0.6844, 0.6844, 0.6872, 0.683, 0.6865, 0.6879, 0.6837, 0.6823, 0.6801, 0.6844, 0.6844, 0.6844], [0.7376, 0.7376, 0.7376, 0.7369, 0.7397, 0.7333, 0.7369, 0.739, 0.7326, 0.7369, 0.7333, 0.7383], [0.5865, 0.583, 0.5823, 0.5787, 0.5773, 0.5879, 0.5823, 0.5879, 0.5844, 0.5809, 0.5851, 0.578], [0.7113, 0.7099, 0.7078, 0.7106, 0.7085, 0.7106, 0.7113, 0.7057, 0.7128, 0.7078, 0.7092, 0.7135]]	
Results: 	[[0.6794, 0.6801, 0.6794, 0.6837, 0.683, 0.6787, 0.6809, 0.6801, 0.683, 0.6773, 0.678, 0.6787, 0.6816], [0.5461, 0.5447, 0.5489, 0.5397, 0.5447, 0.5376, 0.5376, 0.5496, 0.5404, 0.5404, 0.5383, 0.5447, 0.5362], [0.6844, 0.6844, 0.6872, 0.683, 0.6865, 0.6879, 0.6837, 0.6823, 0.6801, 0.6844, 0.6844, 0.6844, 0.6809], [0.7376, 0.7376, 0.7376, 0.7369, 0.7397, 0.7333, 0.7369, 0.739, 0.7326, 0.7369, 0.7333, 0.7383, 0.7397], [0.5865, 0.583, 0.5823, 0.5787, 0.5773, 0.5879, 0.5823, 0.5879, 0.5844, 0.5809, 0.5851, 0.578, 0.5794], [0.7113, 0.7099, 0.7078, 0.7106, 0.7085, 0.7106, 0.7113, 0.7057, 0.7128, 0.7078, 0.7092, 0.7135, 0.7071]]	
Results: 	[[0.6794, 0.6801, 0.6794, 0.6837, 0.683, 0.6787, 0.6809, 0.6801, 0.683, 0.6773, 0.678, 0.6787, 0.6816, 0.6809], [0.5461, 0.5447, 0.5489, 0.5397, 0.5447, 0.5376, 0.5376, 0.5496, 0.5404, 0.5404, 0.5383, 0.5447, 0.5362, 0.5383], [0.6844, 0.6844, 0.6872, 0.683, 0.6865, 0.6879, 0.6837, 0.6823, 0.6801, 0.6844, 0.6844, 0.6844, 0.6809, 0.6851], [0.7376, 0.7376, 0.7376, 0.7369, 0.7397, 0.7333, 0.7369, 0.739, 0.7326, 0.7369, 0.7333, 0.7383, 0.7397, 0.7411], [0.5865, 0.583, 0.5823, 0.5787, 0.5773, 0.5879, 0.5823, 0.5879, 0.5844, 0.5809, 0.5851, 0.578, 0.5794, 0.5809], [0.7113, 0.7099, 0.7078, 0.7106, 0.7085, 0.7106, 0.7113, 0.7057, 0.7128, 0.7078, 0.7092, 0.7135, 0.7071, 0.7099]]	
Results: 	[[0.6794, 0.6801, 0.6794, 0.6837, 0.683, 0.6787, 0.6809, 0.6801, 0.683, 0.6773, 0.678, 0.6787, 0.6816, 0.6809, 0.6801], [0.5461, 0.5447, 0.5489, 0.5397, 0.5447, 0.5376, 0.5376, 0.5496, 0.5404, 0.5404, 0.5383, 0.5447, 0.5362, 0.5383, 0.5454], [0.6844, 0.6844, 0.6872, 0.683, 0.6865, 0.6879, 0.6837, 0.6823, 0.6801, 0.6844, 0.6844, 0.6844, 0.6809, 0.6851, 0.6851], [0.7376, 0.7376, 0.7376, 0.7369, 0.7397, 0.7333, 0.7369, 0.739, 0.7326, 0.7369, 0.7333, 0.7383, 0.7397, 0.7411, 0.739], [0.5865, 0.583, 0.5823, 0.5787, 0.5773, 0.5879, 0.5823, 0.5879, 0.5844, 0.5809, 0.5851, 0.578, 0.5794, 0.5809, 0.5809], [0.7113, 0.7099, 0.7078, 0.7106, 0.7085, 0.7106, 0.7113, 0.7057, 0.7128, 0.7078, 0.7092, 0.7135, 0.7071, 0.7099, 0.7092]]	
Results: 	[[0.6794, 0.6801, 0.6794, 0.6837, 0.683, 0.6787, 0.6809, 0.6801, 0.683, 0.6773, 0.678, 0.6787, 0.6816, 0.6809, 0.6801, 0.678], [0.5461, 0.5447, 0.5489, 0.5397, 0.5447, 0.5376, 0.5376, 0.5496, 0.5404, 0.5404, 0.5383, 0.5447, 0.5362, 0.5383, 0.5454, 0.5326], [0.6844, 0.6844, 0.6872, 0.683, 0.6865, 0.6879, 0.6837, 0.6823, 0.6801, 0.6844, 0.6844, 0.6844, 0.6809, 0.6851, 0.6851, 0.6809], [0.7376, 0.7376, 0.7376, 0.7369, 0.7397, 0.7333, 0.7369, 0.739, 0.7326, 0.7369, 0.7333, 0.7383, 0.7397, 0.7411, 0.739, 0.7454], [0.5865, 0.583, 0.5823, 0.5787, 0.5773, 0.5879, 0.5823, 0.5879, 0.5844, 0.5809, 0.5851, 0.578, 0.5794, 0.5809, 0.5809, 0.5823], [0.7113, 0.7099, 0.7078, 0.7106, 0.7085, 0.7106, 0.7113, 0.7057, 0.7128, 0.7078, 0.7092, 0.7135, 0.7071, 0.7099, 0.7092, 0.7078]]	
Results: 	[[0.6794, 0.6801, 0.6794, 0.6837, 0.683, 0.6787, 0.6809, 0.6801, 0.683, 0.6773, 0.678, 0.6787, 0.6816, 0.6809, 0.6801, 0.678, 0.6794], [0.5461, 0.5447, 0.5489, 0.5397, 0.5447, 0.5376, 0.5376, 0.5496, 0.5404, 0.5404, 0.5383, 0.5447, 0.5362, 0.5383, 0.5454, 0.5326, 0.5433], [0.6844, 0.6844, 0.6872, 0.683, 0.6865, 0.6879, 0.6837, 0.6823, 0.6801, 0.6844, 0.6844, 0.6844, 0.6809, 0.6851, 0.6851, 0.6809, 0.6865], [0.7376, 0.7376, 0.7376, 0.7369, 0.7397, 0.7333, 0.7369, 0.739, 0.7326, 0.7369, 0.7333, 0.7383, 0.7397, 0.7411, 0.739, 0.7454, 0.7362], [0.5865, 0.583, 0.5823, 0.5787, 0.5773, 0.5879, 0.5823, 0.5879, 0.5844, 0.5809, 0.5851, 0.578, 0.5794, 0.5809, 0.5809, 0.5823, 0.5801], [0.7113, 0.7099, 0.7078, 0.7106, 0.7085, 0.7106, 0.7113, 0.7057, 0.7128, 0.7078, 0.7092, 0.7135, 0.7071, 0.7099, 0.7092, 0.7078, 0.7113]]	
Results: 	[[0.6794, 0.6801, 0.6794, 0.6837, 0.683, 0.6787, 0.6809, 0.6801, 0.683, 0.6773, 0.678, 0.6787, 0.6816, 0.6809, 0.6801, 0.678, 0.6794, 0.678], [0.5461, 0.5447, 0.5489, 0.5397, 0.5447, 0.5376, 0.5376, 0.5496, 0.5404, 0.5404, 0.5383, 0.5447, 0.5362, 0.5383, 0.5454, 0.5326, 0.5433, 0.5482], [0.6844, 0.6844, 0.6872, 0.683, 0.6865, 0.6879, 0.6837, 0.6823, 0.6801, 0.6844, 0.6844, 0.6844, 0.6809, 0.6851, 0.6851, 0.6809, 0.6865, 0.6844], [0.7376, 0.7376, 0.7376, 0.7369, 0.7397, 0.7333, 0.7369, 0.739, 0.7326, 0.7369, 0.7333, 0.7383, 0.7397, 0.7411, 0.739, 0.7454, 0.7362, 0.7348], [0.5865, 0.583, 0.5823, 0.5787, 0.5773, 0.5879, 0.5823, 0.5879, 0.5844, 0.5809, 0.5851, 0.578, 0.5794, 0.5809, 0.5809, 0.5823, 0.5801, 0.5823], [0.7113, 0.7099, 0.7078, 0.7106, 0.7085, 0.7106, 0.7113, 0.7057, 0.7128, 0.7078, 0.7092, 0.7135, 0.7071, 0.7099, 0.7092, 0.7078, 0.7113, 0.7106]]	
Results: 	[[0.6794, 0.6801, 0.6794, 0.6837, 0.683, 0.6787, 0.6809, 0.6801, 0.683, 0.6773, 0.678, 0.6787, 0.6816, 0.6809, 0.6801, 0.678, 0.6794, 0.678, 0.6794], [0.5461, 0.5447, 0.5489, 0.5397, 0.5447, 0.5376, 0.5376, 0.5496, 0.5404, 0.5404, 0.5383, 0.5447, 0.5362, 0.5383, 0.5454, 0.5326, 0.5433, 0.5482, 0.5397], [0.6844, 0.6844, 0.6872, 0.683, 0.6865, 0.6879, 0.6837, 0.6823, 0.6801, 0.6844, 0.6844, 0.6844, 0.6809, 0.6851, 0.6851, 0.6809, 0.6865, 0.6844, 0.6823], [0.7376, 0.7376, 0.7376, 0.7369, 0.7397, 0.7333, 0.7369, 0.739, 0.7326, 0.7369, 0.7333, 0.7383, 0.7397, 0.7411, 0.739, 0.7454, 0.7362, 0.7348, 0.7369], [0.5865, 0.583, 0.5823, 0.5787, 0.5773, 0.5879, 0.5823, 0.5879, 0.5844, 0.5809, 0.5851, 0.578, 0.5794, 0.5809, 0.5809, 0.5823, 0.5801, 0.5823, 0.583], [0.7113, 0.7099, 0.7078, 0.7106, 0.7085, 0.7106, 0.7113, 0.7057, 0.7128, 0.7078, 0.7092, 0.7135, 0.7071, 0.7099, 0.7092, 0.7078, 0.7113, 0.7106, 0.7142]]	
Results: 	[[0.6794, 0.6801, 0.6794, 0.6837, 0.683, 0.6787, 0.6809, 0.6801, 0.683, 0.6773, 0.678, 0.6787, 0.6816, 0.6809, 0.6801, 0.678, 0.6794, 0.678, 0.6794, 0.683], [0.5461, 0.5447, 0.5489, 0.5397, 0.5447, 0.5376, 0.5376, 0.5496, 0.5404, 0.5404, 0.5383, 0.5447, 0.5362, 0.5383, 0.5454, 0.5326, 0.5433, 0.5482, 0.5397, 0.5376], [0.6844, 0.6844, 0.6872, 0.683, 0.6865, 0.6879, 0.6837, 0.6823, 0.6801, 0.6844, 0.6844, 0.6844, 0.6809, 0.6851, 0.6851, 0.6809, 0.6865, 0.6844, 0.6823, 0.6823], [0.7376, 0.7376, 0.7376, 0.7369, 0.7397, 0.7333, 0.7369, 0.739, 0.7326, 0.7369, 0.7333, 0.7383, 0.7397, 0.7411, 0.739, 0.7454, 0.7362, 0.7348, 0.7369, 0.734], [0.5865, 0.583, 0.5823, 0.5787, 0.5773, 0.5879, 0.5823, 0.5879, 0.5844, 0.5809, 0.5851, 0.578, 0.5794, 0.5809, 0.5809, 0.5823, 0.5801, 0.5823, 0.583, 0.5809], [0.7113, 0.7099, 0.7078, 0.7106, 0.7085, 0.7106, 0.7113, 0.7057, 0.7128, 0.7078, 0.7092, 0.7135, 0.7071, 0.7099, 0.7092, 0.7078, 0.7113, 0.7106, 0.7142, 0.7135]]	
Results: 	[[0.6794, 0.6801, 0.6794, 0.6837, 0.683, 0.6787, 0.6809, 0.6801, 0.683, 0.6773, 0.678, 0.6787, 0.6816, 0.6809, 0.6801, 0.678, 0.6794, 0.678, 0.6794, 0.683, 0.6801], [0.5461, 0.5447, 0.5489, 0.5397, 0.5447, 0.5376, 0.5376, 0.5496, 0.5404, 0.5404, 0.5383, 0.5447, 0.5362, 0.5383, 0.5454, 0.5326, 0.5433, 0.5482, 0.5397, 0.5376, 0.5397], [0.6844, 0.6844, 0.6872, 0.683, 0.6865, 0.6879, 0.6837, 0.6823, 0.6801, 0.6844, 0.6844, 0.6844, 0.6809, 0.6851, 0.6851, 0.6809, 0.6865, 0.6844, 0.6823, 0.6823, 0.6823], [0.7376, 0.7376, 0.7376, 0.7369, 0.7397, 0.7333, 0.7369, 0.739, 0.7326, 0.7369, 0.7333, 0.7383, 0.7397, 0.7411, 0.739, 0.7454, 0.7362, 0.7348, 0.7369, 0.734, 0.7362], [0.5865, 0.583, 0.5823, 0.5787, 0.5773, 0.5879, 0.5823, 0.5879, 0.5844, 0.5809, 0.5851, 0.578, 0.5794, 0.5809, 0.5809, 0.5823, 0.5801, 0.5823, 0.583, 0.5809, 0.5787], [0.7113, 0.7099, 0.7078, 0.7106, 0.7085, 0.7106, 0.7113, 0.7057, 0.7128, 0.7078, 0.7092, 0.7135, 0.7071, 0.7099, 0.7092, 0.7078, 0.7113, 0.7106, 0.7142, 0.7135, 0.7163]]	
Results: 	[[0.6794, 0.6801, 0.6794, 0.6837, 0.683, 0.6787, 0.6809, 0.6801, 0.683, 0.6773, 0.678, 0.6787, 0.6816, 0.6809, 0.6801, 0.678, 0.6794, 0.678, 0.6794, 0.683, 0.6801, 0.6794], [0.5461, 0.5447, 0.5489, 0.5397, 0.5447, 0.5376, 0.5376, 0.5496, 0.5404, 0.5404, 0.5383, 0.5447, 0.5362, 0.5383, 0.5454, 0.5326, 0.5433, 0.5482, 0.5397, 0.5376, 0.5397, 0.539], [0.6844, 0.6844, 0.6872, 0.683, 0.6865, 0.6879, 0.6837, 0.6823, 0.6801, 0.6844, 0.6844, 0.6844, 0.6809, 0.6851, 0.6851, 0.6809, 0.6865, 0.6844, 0.6823, 0.6823, 0.6823, 0.6872], [0.7376, 0.7376, 0.7376, 0.7369, 0.7397, 0.7333, 0.7369, 0.739, 0.7326, 0.7369, 0.7333, 0.7383, 0.7397, 0.7411, 0.739, 0.7454, 0.7362, 0.7348, 0.7369, 0.734, 0.7362, 0.7355], [0.5865, 0.583, 0.5823, 0.5787, 0.5773, 0.5879, 0.5823, 0.5879, 0.5844, 0.5809, 0.5851, 0.578, 0.5794, 0.5809, 0.5809, 0.5823, 0.5801, 0.5823, 0.583, 0.5809, 0.5787, 0.5851], [0.7113, 0.7099, 0.7078, 0.7106, 0.7085, 0.7106, 0.7113, 0.7057, 0.7128, 0.7078, 0.7092, 0.7135, 0.7071, 0.7099, 0.7092, 0.7078, 0.7113, 0.7106, 0.7142, 0.7135, 0.7163, 0.7085]]	
Results: 	[[0.6794, 0.6801, 0.6794, 0.6837, 0.683, 0.6787, 0.6809, 0.6801, 0.683, 0.6773, 0.678, 0.6787, 0.6816, 0.6809, 0.6801, 0.678, 0.6794, 0.678, 0.6794, 0.683, 0.6801, 0.6794, 0.6809], [0.5461, 0.5447, 0.5489, 0.5397, 0.5447, 0.5376, 0.5376, 0.5496, 0.5404, 0.5404, 0.5383, 0.5447, 0.5362, 0.5383, 0.5454, 0.5326, 0.5433, 0.5482, 0.5397, 0.5376, 0.5397, 0.539, 0.5362], [0.6844, 0.6844, 0.6872, 0.683, 0.6865, 0.6879, 0.6837, 0.6823, 0.6801, 0.6844, 0.6844, 0.6844, 0.6809, 0.6851, 0.6851, 0.6809, 0.6865, 0.6844, 0.6823, 0.6823, 0.6823, 0.6872, 0.6858], [0.7376, 0.7376, 0.7376, 0.7369, 0.7397, 0.7333, 0.7369, 0.739, 0.7326, 0.7369, 0.7333, 0.7383, 0.7397, 0.7411, 0.739, 0.7454, 0.7362, 0.7348, 0.7369, 0.734, 0.7362, 0.7355, 0.734], [0.5865, 0.583, 0.5823, 0.5787, 0.5773, 0.5879, 0.5823, 0.5879, 0.5844, 0.5809, 0.5851, 0.578, 0.5794, 0.5809, 0.5809, 0.5823, 0.5801, 0.5823, 0.583, 0.5809, 0.5787, 0.5851, 0.578], [0.7113, 0.7099, 0.7078, 0.7106, 0.7085, 0.7106, 0.7113, 0.7057, 0.7128, 0.7078, 0.7092, 0.7135, 0.7071, 0.7099, 0.7092, 0.7078, 0.7113, 0.7106, 0.7142, 0.7135, 0.7163, 0.7085, 0.7092]]	
Results: 	[[0.6794, 0.6801, 0.6794, 0.6837, 0.683, 0.6787, 0.6809, 0.6801, 0.683, 0.6773, 0.678, 0.6787, 0.6816, 0.6809, 0.6801, 0.678, 0.6794, 0.678, 0.6794, 0.683, 0.6801, 0.6794, 0.6809, 0.6844], [0.5461, 0.5447, 0.5489, 0.5397, 0.5447, 0.5376, 0.5376, 0.5496, 0.5404, 0.5404, 0.5383, 0.5447, 0.5362, 0.5383, 0.5454, 0.5326, 0.5433, 0.5482, 0.5397, 0.5376, 0.5397, 0.539, 0.5362, 0.5433], [0.6844, 0.6844, 0.6872, 0.683, 0.6865, 0.6879, 0.6837, 0.6823, 0.6801, 0.6844, 0.6844, 0.6844, 0.6809, 0.6851, 0.6851, 0.6809, 0.6865, 0.6844, 0.6823, 0.6823, 0.6823, 0.6872, 0.6858, 0.6801], [0.7376, 0.7376, 0.7376, 0.7369, 0.7397, 0.7333, 0.7369, 0.739, 0.7326, 0.7369, 0.7333, 0.7383, 0.7397, 0.7411, 0.739, 0.7454, 0.7362, 0.7348, 0.7369, 0.734, 0.7362, 0.7355, 0.734, 0.739], [0.5865, 0.583, 0.5823, 0.5787, 0.5773, 0.5879, 0.5823, 0.5879, 0.5844, 0.5809, 0.5851, 0.578, 0.5794, 0.5809, 0.5809, 0.5823, 0.5801, 0.5823, 0.583, 0.5809, 0.5787, 0.5851, 0.578, 0.5844], [0.7113, 0.7099, 0.7078, 0.7106, 0.7085, 0.7106, 0.7113, 0.7057, 0.7128, 0.7078, 0.7092, 0.7135, 0.7071, 0.7099, 0.7092, 0.7078, 0.7113, 0.7106, 0.7142, 0.7135, 0.7163, 0.7085, 0.7092, 0.7071]]	
Results: 	[[0.6794, 0.6801, 0.6794, 0.6837, 0.683, 0.6787, 0.6809, 0.6801, 0.683, 0.6773, 0.678, 0.6787, 0.6816, 0.6809, 0.6801, 0.678, 0.6794, 0.678, 0.6794, 0.683, 0.6801, 0.6794, 0.6809, 0.6844, 0.6809], [0.5461, 0.5447, 0.5489, 0.5397, 0.5447, 0.5376, 0.5376, 0.5496, 0.5404, 0.5404, 0.5383, 0.5447, 0.5362, 0.5383, 0.5454, 0.5326, 0.5433, 0.5482, 0.5397, 0.5376, 0.5397, 0.539, 0.5362, 0.5433, 0.5383], [0.6844, 0.6844, 0.6872, 0.683, 0.6865, 0.6879, 0.6837, 0.6823, 0.6801, 0.6844, 0.6844, 0.6844, 0.6809, 0.6851, 0.6851, 0.6809, 0.6865, 0.6844, 0.6823, 0.6823, 0.6823, 0.6872, 0.6858, 0.6801, 0.6801], [0.7376, 0.7376, 0.7376, 0.7369, 0.7397, 0.7333, 0.7369, 0.739, 0.7326, 0.7369, 0.7333, 0.7383, 0.7397, 0.7411, 0.739, 0.7454, 0.7362, 0.7348, 0.7369, 0.734, 0.7362, 0.7355, 0.734, 0.739, 0.7348], [0.5865, 0.583, 0.5823, 0.5787, 0.5773, 0.5879, 0.5823, 0.5879, 0.5844, 0.5809, 0.5851, 0.578, 0.5794, 0.5809, 0.5809, 0.5823, 0.5801, 0.5823, 0.583, 0.5809, 0.5787, 0.5851, 0.578, 0.5844, 0.5823], [0.7113, 0.7099, 0.7078, 0.7106, 0.7085, 0.7106, 0.7113, 0.7057, 0.7128, 0.7078, 0.7092, 0.7135, 0.7071, 0.7099, 0.7092, 0.7078, 0.7113, 0.7106, 0.7142, 0.7135, 0.7163, 0.7085, 0.7092, 0.7071, 0.7121]]	
Results: 	[[0.6794, 0.6801, 0.6794, 0.6837, 0.683, 0.6787, 0.6809, 0.6801, 0.683, 0.6773, 0.678, 0.6787, 0.6816, 0.6809, 0.6801, 0.678, 0.6794, 0.678, 0.6794, 0.683, 0.6801, 0.6794, 0.6809, 0.6844, 0.6809, 0.6787], [0.5461, 0.5447, 0.5489, 0.5397, 0.5447, 0.5376, 0.5376, 0.5496, 0.5404, 0.5404, 0.5383, 0.5447, 0.5362, 0.5383, 0.5454, 0.5326, 0.5433, 0.5482, 0.5397, 0.5376, 0.5397, 0.539, 0.5362, 0.5433, 0.5383, 0.5418], [0.6844, 0.6844, 0.6872, 0.683, 0.6865, 0.6879, 0.6837, 0.6823, 0.6801, 0.6844, 0.6844, 0.6844, 0.6809, 0.6851, 0.6851, 0.6809, 0.6865, 0.6844, 0.6823, 0.6823, 0.6823, 0.6872, 0.6858, 0.6801, 0.6801, 0.6794], [0.7376, 0.7376, 0.7376, 0.7369, 0.7397, 0.7333, 0.7369, 0.739, 0.7326, 0.7369, 0.7333, 0.7383, 0.7397, 0.7411, 0.739, 0.7454, 0.7362, 0.7348, 0.7369, 0.734, 0.7362, 0.7355, 0.734, 0.739, 0.7348, 0.7397], [0.5865, 0.583, 0.5823, 0.5787, 0.5773, 0.5879, 0.5823, 0.5879, 0.5844, 0.5809, 0.5851, 0.578, 0.5794, 0.5809, 0.5809, 0.5823, 0.5801, 0.5823, 0.583, 0.5809, 0.5787, 0.5851, 0.578, 0.5844, 0.5823, 0.5809], [0.7113, 0.7099, 0.7078, 0.7106, 0.7085, 0.7106, 0.7113, 0.7057, 0.7128, 0.7078, 0.7092, 0.7135, 0.7071, 0.7099, 0.7092, 0.7078, 0.7113, 0.7106, 0.7142, 0.7135, 0.7163, 0.7085, 0.7092, 0.7071, 0.7121, 0.7092]]	
Results: 	[[0.6794, 0.6801, 0.6794, 0.6837, 0.683, 0.6787, 0.6809, 0.6801, 0.683, 0.6773, 0.678, 0.6787, 0.6816, 0.6809, 0.6801, 0.678, 0.6794, 0.678, 0.6794, 0.683, 0.6801, 0.6794, 0.6809, 0.6844, 0.6809, 0.6787, 0.6816], [0.5461, 0.5447, 0.5489, 0.5397, 0.5447, 0.5376, 0.5376, 0.5496, 0.5404, 0.5404, 0.5383, 0.5447, 0.5362, 0.5383, 0.5454, 0.5326, 0.5433, 0.5482, 0.5397, 0.5376, 0.5397, 0.539, 0.5362, 0.5433, 0.5383, 0.5418, 0.5426], [0.6844, 0.6844, 0.6872, 0.683, 0.6865, 0.6879, 0.6837, 0.6823, 0.6801, 0.6844, 0.6844, 0.6844, 0.6809, 0.6851, 0.6851, 0.6809, 0.6865, 0.6844, 0.6823, 0.6823, 0.6823, 0.6872, 0.6858, 0.6801, 0.6801, 0.6794, 0.6816], [0.7376, 0.7376, 0.7376, 0.7369, 0.7397, 0.7333, 0.7369, 0.739, 0.7326, 0.7369, 0.7333, 0.7383, 0.7397, 0.7411, 0.739, 0.7454, 0.7362, 0.7348, 0.7369, 0.734, 0.7362, 0.7355, 0.734, 0.739, 0.7348, 0.7397, 0.7362], [0.5865, 0.583, 0.5823, 0.5787, 0.5773, 0.5879, 0.5823, 0.5879, 0.5844, 0.5809, 0.5851, 0.578, 0.5794, 0.5809, 0.5809, 0.5823, 0.5801, 0.5823, 0.583, 0.5809, 0.5787, 0.5851, 0.578, 0.5844, 0.5823, 0.5809, 0.5809], [0.7113, 0.7099, 0.7078, 0.7106, 0.7085, 0.7106, 0.7113, 0.7057, 0.7128, 0.7078, 0.7092, 0.7135, 0.7071, 0.7099, 0.7092, 0.7078, 0.7113, 0.7106, 0.7142, 0.7135, 0.7163, 0.7085, 0.7092, 0.7071, 0.7121, 0.7092, 0.7113]]	
Results: 	[[0.6794, 0.6801, 0.6794, 0.6837, 0.683, 0.6787, 0.6809, 0.6801, 0.683, 0.6773, 0.678, 0.6787, 0.6816, 0.6809, 0.6801, 0.678, 0.6794, 0.678, 0.6794, 0.683, 0.6801, 0.6794, 0.6809, 0.6844, 0.6809, 0.6787, 0.6816, 0.6837], [0.5461, 0.5447, 0.5489, 0.5397, 0.5447, 0.5376, 0.5376, 0.5496, 0.5404, 0.5404, 0.5383, 0.5447, 0.5362, 0.5383, 0.5454, 0.5326, 0.5433, 0.5482, 0.5397, 0.5376, 0.5397, 0.539, 0.5362, 0.5433, 0.5383, 0.5418, 0.5426, 0.5411], [0.6844, 0.6844, 0.6872, 0.683, 0.6865, 0.6879, 0.6837, 0.6823, 0.6801, 0.6844, 0.6844, 0.6844, 0.6809, 0.6851, 0.6851, 0.6809, 0.6865, 0.6844, 0.6823, 0.6823, 0.6823, 0.6872, 0.6858, 0.6801, 0.6801, 0.6794, 0.6816, 0.683], [0.7376, 0.7376, 0.7376, 0.7369, 0.7397, 0.7333, 0.7369, 0.739, 0.7326, 0.7369, 0.7333, 0.7383, 0.7397, 0.7411, 0.739, 0.7454, 0.7362, 0.7348, 0.7369, 0.734, 0.7362, 0.7355, 0.734, 0.739, 0.7348, 0.7397, 0.7362, 0.7362], [0.5865, 0.583, 0.5823, 0.5787, 0.5773, 0.5879, 0.5823, 0.5879, 0.5844, 0.5809, 0.5851, 0.578, 0.5794, 0.5809, 0.5809, 0.5823, 0.5801, 0.5823, 0.583, 0.5809, 0.5787, 0.5851, 0.578, 0.5844, 0.5823, 0.5809, 0.5809, 0.5837], [0.7113, 0.7099, 0.7078, 0.7106, 0.7085, 0.7106, 0.7113, 0.7057, 0.7128, 0.7078, 0.7092, 0.7135, 0.7071, 0.7099, 0.7092, 0.7078, 0.7113, 0.7106, 0.7142, 0.7135, 0.7163, 0.7085, 0.7092, 0.7071, 0.7121, 0.7092, 0.7113, 0.7085]]	
Results: 	[[0.6794, 0.6801, 0.6794, 0.6837, 0.683, 0.6787, 0.6809, 0.6801, 0.683, 0.6773, 0.678, 0.6787, 0.6816, 0.6809, 0.6801, 0.678, 0.6794, 0.678, 0.6794, 0.683, 0.6801, 0.6794, 0.6809, 0.6844, 0.6809, 0.6787, 0.6816, 0.6837, 0.6787], [0.5461, 0.5447, 0.5489, 0.5397, 0.5447, 0.5376, 0.5376, 0.5496, 0.5404, 0.5404, 0.5383, 0.5447, 0.5362, 0.5383, 0.5454, 0.5326, 0.5433, 0.5482, 0.5397, 0.5376, 0.5397, 0.539, 0.5362, 0.5433, 0.5383, 0.5418, 0.5426, 0.5411, 0.5411], [0.6844, 0.6844, 0.6872, 0.683, 0.6865, 0.6879, 0.6837, 0.6823, 0.6801, 0.6844, 0.6844, 0.6844, 0.6809, 0.6851, 0.6851, 0.6809, 0.6865, 0.6844, 0.6823, 0.6823, 0.6823, 0.6872, 0.6858, 0.6801, 0.6801, 0.6794, 0.6816, 0.683, 0.683], [0.7376, 0.7376, 0.7376, 0.7369, 0.7397, 0.7333, 0.7369, 0.739, 0.7326, 0.7369, 0.7333, 0.7383, 0.7397, 0.7411, 0.739, 0.7454, 0.7362, 0.7348, 0.7369, 0.734, 0.7362, 0.7355, 0.734, 0.739, 0.7348, 0.7397, 0.7362, 0.7362, 0.7362], [0.5865, 0.583, 0.5823, 0.5787, 0.5773, 0.5879, 0.5823, 0.5879, 0.5844, 0.5809, 0.5851, 0.578, 0.5794, 0.5809, 0.5809, 0.5823, 0.5801, 0.5823, 0.583, 0.5809, 0.5787, 0.5851, 0.578, 0.5844, 0.5823, 0.5809, 0.5809, 0.5837, 0.5816], [0.7113, 0.7099, 0.7078, 0.7106, 0.7085, 0.7106, 0.7113, 0.7057, 0.7128, 0.7078, 0.7092, 0.7135, 0.7071, 0.7099, 0.7092, 0.7078, 0.7113, 0.7106, 0.7142, 0.7135, 0.7163, 0.7085, 0.7092, 0.7071, 0.7121, 0.7092, 0.7113, 0.7085, 0.7106]]	
Results: 	[[0.6794, 0.6801, 0.6794, 0.6837, 0.683, 0.6787, 0.6809, 0.6801, 0.683, 0.6773, 0.678, 0.6787, 0.6816, 0.6809, 0.6801, 0.678, 0.6794, 0.678, 0.6794, 0.683, 0.6801, 0.6794, 0.6809, 0.6844, 0.6809, 0.6787, 0.6816, 0.6837, 0.6787, 0.6787], [0.5461, 0.5447, 0.5489, 0.5397, 0.5447, 0.5376, 0.5376, 0.5496, 0.5404, 0.5404, 0.5383, 0.5447, 0.5362, 0.5383, 0.5454, 0.5326, 0.5433, 0.5482, 0.5397, 0.5376, 0.5397, 0.539, 0.5362, 0.5433, 0.5383, 0.5418, 0.5426, 0.5411, 0.5411, 0.5418], [0.6844, 0.6844, 0.6872, 0.683, 0.6865, 0.6879, 0.6837, 0.6823, 0.6801, 0.6844, 0.6844, 0.6844, 0.6809, 0.6851, 0.6851, 0.6809, 0.6865, 0.6844, 0.6823, 0.6823, 0.6823, 0.6872, 0.6858, 0.6801, 0.6801, 0.6794, 0.6816, 0.683, 0.683, 0.6801], [0.7376, 0.7376, 0.7376, 0.7369, 0.7397, 0.7333, 0.7369, 0.739, 0.7326, 0.7369, 0.7333, 0.7383, 0.7397, 0.7411, 0.739, 0.7454, 0.7362, 0.7348, 0.7369, 0.734, 0.7362, 0.7355, 0.734, 0.739, 0.7348, 0.7397, 0.7362, 0.7362, 0.7362, 0.7348], [0.5865, 0.583, 0.5823, 0.5787, 0.5773, 0.5879, 0.5823, 0.5879, 0.5844, 0.5809, 0.5851, 0.578, 0.5794, 0.5809, 0.5809, 0.5823, 0.5801, 0.5823, 0.583, 0.5809, 0.5787, 0.5851, 0.578, 0.5844, 0.5823, 0.5809, 0.5809, 0.5837, 0.5816, 0.5787], [0.7113, 0.7099, 0.7078, 0.7106, 0.7085, 0.7106, 0.7113, 0.7057, 0.7128, 0.7078, 0.7092, 0.7135, 0.7071, 0.7099, 0.7092, 0.7078, 0.7113, 0.7106, 0.7142, 0.7135, 0.7163, 0.7085, 0.7092, 0.7071, 0.7121, 0.7092, 0.7113, 0.7085, 0.7106, 0.7156]]
Support Sets: (Mean:0.6803266666666666, SD:0.0019340743724482045) | 	Support Sets: (Mean:0.5412966666666666, SD:0.004023335666466014) | 	Support Sets: (Mean:0.6834266666666666, SD:0.0023966835323052087) | 	Support Sets: (Mean:0.73698, SD:0.0026829474270942625) | 	Support Sets: (Mean:0.5819466666666666, SD:0.002818746766443084) | 	Support Sets: (Mean:0.7103666666666667, SD:0.002551312486211535) | 	
