Results: 	[[0.6621], [0.7286], [0.6907], [0.6307], [0.5621], [0.725]]	
Results: 	[[0.6621, 0.6464], [0.7286, 0.7764], [0.6907, 0.6471], [0.6307, 0.6314], [0.5621, 0.3857], [0.725, 0.6707]]	
Results: 	[[0.6621, 0.6464, 0.665], [0.7286, 0.7764, 0.7829], [0.6907, 0.6471, 0.6643], [0.6307, 0.6314, 0.6379], [0.5621, 0.3857, 0.3736], [0.725, 0.6707, 0.7271]]	
Results: 	[[0.6621, 0.6464, 0.665, 0.6721], [0.7286, 0.7764, 0.7829, 0.8043], [0.6907, 0.6471, 0.6643, 0.6436], [0.6307, 0.6314, 0.6379, 0.6307], [0.5621, 0.3857, 0.3736, 0.5], [0.725, 0.6707, 0.7271, 0.6886]]	
Results: 	[[0.6621, 0.6464, 0.665, 0.6721, 0.6564], [0.7286, 0.7764, 0.7829, 0.8043, 0.7593], [0.6907, 0.6471, 0.6643, 0.6436, 0.7], [0.6307, 0.6314, 0.6379, 0.6307, 0.6279], [0.5621, 0.3857, 0.3736, 0.5, 0.6643], [0.725, 0.6707, 0.7271, 0.6886, 0.7207]]	
Results: 	[[0.6621, 0.6464, 0.665, 0.6721, 0.6564, 0.6836], [0.7286, 0.7764, 0.7829, 0.8043, 0.7593, 0.7693], [0.6907, 0.6471, 0.6643, 0.6436, 0.7, 0.6236], [0.6307, 0.6314, 0.6379, 0.6307, 0.6279, 0.6129], [0.5621, 0.3857, 0.3736, 0.5, 0.6643, 0.5221], [0.725, 0.6707, 0.7271, 0.6886, 0.7207, 0.7079]]	
Results: 	[[0.6621, 0.6464, 0.665, 0.6721, 0.6564, 0.6836, 0.6607], [0.7286, 0.7764, 0.7829, 0.8043, 0.7593, 0.7693, 0.7407], [0.6907, 0.6471, 0.6643, 0.6436, 0.7, 0.6236, 0.68], [0.6307, 0.6314, 0.6379, 0.6307, 0.6279, 0.6129, 0.6079], [0.5621, 0.3857, 0.3736, 0.5, 0.6643, 0.5221, 0.5136], [0.725, 0.6707, 0.7271, 0.6886, 0.7207, 0.7079, 0.7164]]	
Results: 	[[0.6621, 0.6464, 0.665, 0.6721, 0.6564, 0.6836, 0.6607, 0.6643], [0.7286, 0.7764, 0.7829, 0.8043, 0.7593, 0.7693, 0.7407, 0.7407], [0.6907, 0.6471, 0.6643, 0.6436, 0.7, 0.6236, 0.68, 0.6814], [0.6307, 0.6314, 0.6379, 0.6307, 0.6279, 0.6129, 0.6079, 0.6343], [0.5621, 0.3857, 0.3736, 0.5, 0.6643, 0.5221, 0.5136, 0.4679], [0.725, 0.6707, 0.7271, 0.6886, 0.7207, 0.7079, 0.7164, 0.7243]]	
Results: 	[[0.6621, 0.6464, 0.665, 0.6721, 0.6564, 0.6836, 0.6607, 0.6643, 0.6814], [0.7286, 0.7764, 0.7829, 0.8043, 0.7593, 0.7693, 0.7407, 0.7407, 0.7036], [0.6907, 0.6471, 0.6643, 0.6436, 0.7, 0.6236, 0.68, 0.6814, 0.5621], [0.6307, 0.6314, 0.6379, 0.6307, 0.6279, 0.6129, 0.6079, 0.6343, 0.6371], [0.5621, 0.3857, 0.3736, 0.5, 0.6643, 0.5221, 0.5136, 0.4679, 0.4807], [0.725, 0.6707, 0.7271, 0.6886, 0.7207, 0.7079, 0.7164, 0.7243, 0.7186]]	
Results: 	[[0.6621, 0.6464, 0.665, 0.6721, 0.6564, 0.6836, 0.6607, 0.6643, 0.6814, 0.6607], [0.7286, 0.7764, 0.7829, 0.8043, 0.7593, 0.7693, 0.7407, 0.7407, 0.7036, 0.7386], [0.6907, 0.6471, 0.6643, 0.6436, 0.7, 0.6236, 0.68, 0.6814, 0.5621, 0.6807], [0.6307, 0.6314, 0.6379, 0.6307, 0.6279, 0.6129, 0.6079, 0.6343, 0.6371, 0.6179], [0.5621, 0.3857, 0.3736, 0.5, 0.6643, 0.5221, 0.5136, 0.4679, 0.4807, 0.4364], [0.725, 0.6707, 0.7271, 0.6886, 0.7207, 0.7079, 0.7164, 0.7243, 0.7186, 0.6943]]	
Results: 	[[0.6621, 0.6464, 0.665, 0.6721, 0.6564, 0.6836, 0.6607, 0.6643, 0.6814, 0.6607, 0.685], [0.7286, 0.7764, 0.7829, 0.8043, 0.7593, 0.7693, 0.7407, 0.7407, 0.7036, 0.7386, 0.7571], [0.6907, 0.6471, 0.6643, 0.6436, 0.7, 0.6236, 0.68, 0.6814, 0.5621, 0.6807, 0.6879], [0.6307, 0.6314, 0.6379, 0.6307, 0.6279, 0.6129, 0.6079, 0.6343, 0.6371, 0.6179, 0.6314], [0.5621, 0.3857, 0.3736, 0.5, 0.6643, 0.5221, 0.5136, 0.4679, 0.4807, 0.4364, 0.5707], [0.725, 0.6707, 0.7271, 0.6886, 0.7207, 0.7079, 0.7164, 0.7243, 0.7186, 0.6943, 0.7007]]	
Results: 	[[0.6621, 0.6464, 0.665, 0.6721, 0.6564, 0.6836, 0.6607, 0.6643, 0.6814, 0.6607, 0.685, 0.6471], [0.7286, 0.7764, 0.7829, 0.8043, 0.7593, 0.7693, 0.7407, 0.7407, 0.7036, 0.7386, 0.7571, 0.8129], [0.6907, 0.6471, 0.6643, 0.6436, 0.7, 0.6236, 0.68, 0.6814, 0.5621, 0.6807, 0.6879, 0.6729], [0.6307, 0.6314, 0.6379, 0.6307, 0.6279, 0.6129, 0.6079, 0.6343, 0.6371, 0.6179, 0.6314, 0.6243], [0.5621, 0.3857, 0.3736, 0.5, 0.6643, 0.5221, 0.5136, 0.4679, 0.4807, 0.4364, 0.5707, 0.48], [0.725, 0.6707, 0.7271, 0.6886, 0.7207, 0.7079, 0.7164, 0.7243, 0.7186, 0.6943, 0.7007, 0.7143]]	
Results: 	[[0.6621, 0.6464, 0.665, 0.6721, 0.6564, 0.6836, 0.6607, 0.6643, 0.6814, 0.6607, 0.685, 0.6471, 0.7036], [0.7286, 0.7764, 0.7829, 0.8043, 0.7593, 0.7693, 0.7407, 0.7407, 0.7036, 0.7386, 0.7571, 0.8129, 0.7914], [0.6907, 0.6471, 0.6643, 0.6436, 0.7, 0.6236, 0.68, 0.6814, 0.5621, 0.6807, 0.6879, 0.6729, 0.6786], [0.6307, 0.6314, 0.6379, 0.6307, 0.6279, 0.6129, 0.6079, 0.6343, 0.6371, 0.6179, 0.6314, 0.6243, 0.6307], [0.5621, 0.3857, 0.3736, 0.5, 0.6643, 0.5221, 0.5136, 0.4679, 0.4807, 0.4364, 0.5707, 0.48, 0.3829], [0.725, 0.6707, 0.7271, 0.6886, 0.7207, 0.7079, 0.7164, 0.7243, 0.7186, 0.6943, 0.7007, 0.7143, 0.7193]]	
Results: 	[[0.6621, 0.6464, 0.665, 0.6721, 0.6564, 0.6836, 0.6607, 0.6643, 0.6814, 0.6607, 0.685, 0.6471, 0.7036, 0.6857], [0.7286, 0.7764, 0.7829, 0.8043, 0.7593, 0.7693, 0.7407, 0.7407, 0.7036, 0.7386, 0.7571, 0.8129, 0.7914, 0.77], [0.6907, 0.6471, 0.6643, 0.6436, 0.7, 0.6236, 0.68, 0.6814, 0.5621, 0.6807, 0.6879, 0.6729, 0.6786, 0.6807], [0.6307, 0.6314, 0.6379, 0.6307, 0.6279, 0.6129, 0.6079, 0.6343, 0.6371, 0.6179, 0.6314, 0.6243, 0.6307, 0.6207], [0.5621, 0.3857, 0.3736, 0.5, 0.6643, 0.5221, 0.5136, 0.4679, 0.4807, 0.4364, 0.5707, 0.48, 0.3829, 0.4629], [0.725, 0.6707, 0.7271, 0.6886, 0.7207, 0.7079, 0.7164, 0.7243, 0.7186, 0.6943, 0.7007, 0.7143, 0.7193, 0.71]]	
Results: 	[[0.6621, 0.6464, 0.665, 0.6721, 0.6564, 0.6836, 0.6607, 0.6643, 0.6814, 0.6607, 0.685, 0.6471, 0.7036, 0.6857, 0.6964], [0.7286, 0.7764, 0.7829, 0.8043, 0.7593, 0.7693, 0.7407, 0.7407, 0.7036, 0.7386, 0.7571, 0.8129, 0.7914, 0.77, 0.7929], [0.6907, 0.6471, 0.6643, 0.6436, 0.7, 0.6236, 0.68, 0.6814, 0.5621, 0.6807, 0.6879, 0.6729, 0.6786, 0.6807, 0.6379], [0.6307, 0.6314, 0.6379, 0.6307, 0.6279, 0.6129, 0.6079, 0.6343, 0.6371, 0.6179, 0.6314, 0.6243, 0.6307, 0.6207, 0.6207], [0.5621, 0.3857, 0.3736, 0.5, 0.6643, 0.5221, 0.5136, 0.4679, 0.4807, 0.4364, 0.5707, 0.48, 0.3829, 0.4629, 0.4293], [0.725, 0.6707, 0.7271, 0.6886, 0.7207, 0.7079, 0.7164, 0.7243, 0.7186, 0.6943, 0.7007, 0.7143, 0.7193, 0.71, 0.7179]]	
Results: 	[[0.6621, 0.6464, 0.665, 0.6721, 0.6564, 0.6836, 0.6607, 0.6643, 0.6814, 0.6607, 0.685, 0.6471, 0.7036, 0.6857, 0.6964, 0.6486], [0.7286, 0.7764, 0.7829, 0.8043, 0.7593, 0.7693, 0.7407, 0.7407, 0.7036, 0.7386, 0.7571, 0.8129, 0.7914, 0.77, 0.7929, 0.7714], [0.6907, 0.6471, 0.6643, 0.6436, 0.7, 0.6236, 0.68, 0.6814, 0.5621, 0.6807, 0.6879, 0.6729, 0.6786, 0.6807, 0.6379, 0.6529], [0.6307, 0.6314, 0.6379, 0.6307, 0.6279, 0.6129, 0.6079, 0.6343, 0.6371, 0.6179, 0.6314, 0.6243, 0.6307, 0.6207, 0.6207, 0.6186], [0.5621, 0.3857, 0.3736, 0.5, 0.6643, 0.5221, 0.5136, 0.4679, 0.4807, 0.4364, 0.5707, 0.48, 0.3829, 0.4629, 0.4293, 0.4793], [0.725, 0.6707, 0.7271, 0.6886, 0.7207, 0.7079, 0.7164, 0.7243, 0.7186, 0.6943, 0.7007, 0.7143, 0.7193, 0.71, 0.7179, 0.7214]]	
Results: 	[[0.6621, 0.6464, 0.665, 0.6721, 0.6564, 0.6836, 0.6607, 0.6643, 0.6814, 0.6607, 0.685, 0.6471, 0.7036, 0.6857, 0.6964, 0.6486, 0.635], [0.7286, 0.7764, 0.7829, 0.8043, 0.7593, 0.7693, 0.7407, 0.7407, 0.7036, 0.7386, 0.7571, 0.8129, 0.7914, 0.77, 0.7929, 0.7714, 0.7229], [0.6907, 0.6471, 0.6643, 0.6436, 0.7, 0.6236, 0.68, 0.6814, 0.5621, 0.6807, 0.6879, 0.6729, 0.6786, 0.6807, 0.6379, 0.6529, 0.6757], [0.6307, 0.6314, 0.6379, 0.6307, 0.6279, 0.6129, 0.6079, 0.6343, 0.6371, 0.6179, 0.6314, 0.6243, 0.6307, 0.6207, 0.6207, 0.6186, 0.6129], [0.5621, 0.3857, 0.3736, 0.5, 0.6643, 0.5221, 0.5136, 0.4679, 0.4807, 0.4364, 0.5707, 0.48, 0.3829, 0.4629, 0.4293, 0.4793, 0.5714], [0.725, 0.6707, 0.7271, 0.6886, 0.7207, 0.7079, 0.7164, 0.7243, 0.7186, 0.6943, 0.7007, 0.7143, 0.7193, 0.71, 0.7179, 0.7214, 0.7314]]	
Results: 	[[0.6621, 0.6464, 0.665, 0.6721, 0.6564, 0.6836, 0.6607, 0.6643, 0.6814, 0.6607, 0.685, 0.6471, 0.7036, 0.6857, 0.6964, 0.6486, 0.635, 0.6543], [0.7286, 0.7764, 0.7829, 0.8043, 0.7593, 0.7693, 0.7407, 0.7407, 0.7036, 0.7386, 0.7571, 0.8129, 0.7914, 0.77, 0.7929, 0.7714, 0.7229, 0.785], [0.6907, 0.6471, 0.6643, 0.6436, 0.7, 0.6236, 0.68, 0.6814, 0.5621, 0.6807, 0.6879, 0.6729, 0.6786, 0.6807, 0.6379, 0.6529, 0.6757, 0.6386], [0.6307, 0.6314, 0.6379, 0.6307, 0.6279, 0.6129, 0.6079, 0.6343, 0.6371, 0.6179, 0.6314, 0.6243, 0.6307, 0.6207, 0.6207, 0.6186, 0.6129, 0.6257], [0.5621, 0.3857, 0.3736, 0.5, 0.6643, 0.5221, 0.5136, 0.4679, 0.4807, 0.4364, 0.5707, 0.48, 0.3829, 0.4629, 0.4293, 0.4793, 0.5714, 0.4957], [0.725, 0.6707, 0.7271, 0.6886, 0.7207, 0.7079, 0.7164, 0.7243, 0.7186, 0.6943, 0.7007, 0.7143, 0.7193, 0.71, 0.7179, 0.7214, 0.7314, 0.6957]]	
Results: 	[[0.6621, 0.6464, 0.665, 0.6721, 0.6564, 0.6836, 0.6607, 0.6643, 0.6814, 0.6607, 0.685, 0.6471, 0.7036, 0.6857, 0.6964, 0.6486, 0.635, 0.6543, 0.6579], [0.7286, 0.7764, 0.7829, 0.8043, 0.7593, 0.7693, 0.7407, 0.7407, 0.7036, 0.7386, 0.7571, 0.8129, 0.7914, 0.77, 0.7929, 0.7714, 0.7229, 0.785, 0.7343], [0.6907, 0.6471, 0.6643, 0.6436, 0.7, 0.6236, 0.68, 0.6814, 0.5621, 0.6807, 0.6879, 0.6729, 0.6786, 0.6807, 0.6379, 0.6529, 0.6757, 0.6386, 0.6329], [0.6307, 0.6314, 0.6379, 0.6307, 0.6279, 0.6129, 0.6079, 0.6343, 0.6371, 0.6179, 0.6314, 0.6243, 0.6307, 0.6207, 0.6207, 0.6186, 0.6129, 0.6257, 0.63], [0.5621, 0.3857, 0.3736, 0.5, 0.6643, 0.5221, 0.5136, 0.4679, 0.4807, 0.4364, 0.5707, 0.48, 0.3829, 0.4629, 0.4293, 0.4793, 0.5714, 0.4957, 0.3986], [0.725, 0.6707, 0.7271, 0.6886, 0.7207, 0.7079, 0.7164, 0.7243, 0.7186, 0.6943, 0.7007, 0.7143, 0.7193, 0.71, 0.7179, 0.7214, 0.7314, 0.6957, 0.7236]]	
Results: 	[[0.6621, 0.6464, 0.665, 0.6721, 0.6564, 0.6836, 0.6607, 0.6643, 0.6814, 0.6607, 0.685, 0.6471, 0.7036, 0.6857, 0.6964, 0.6486, 0.635, 0.6543, 0.6579, 0.6536], [0.7286, 0.7764, 0.7829, 0.8043, 0.7593, 0.7693, 0.7407, 0.7407, 0.7036, 0.7386, 0.7571, 0.8129, 0.7914, 0.77, 0.7929, 0.7714, 0.7229, 0.785, 0.7343, 0.7936], [0.6907, 0.6471, 0.6643, 0.6436, 0.7, 0.6236, 0.68, 0.6814, 0.5621, 0.6807, 0.6879, 0.6729, 0.6786, 0.6807, 0.6379, 0.6529, 0.6757, 0.6386, 0.6329, 0.6621], [0.6307, 0.6314, 0.6379, 0.6307, 0.6279, 0.6129, 0.6079, 0.6343, 0.6371, 0.6179, 0.6314, 0.6243, 0.6307, 0.6207, 0.6207, 0.6186, 0.6129, 0.6257, 0.63, 0.6221], [0.5621, 0.3857, 0.3736, 0.5, 0.6643, 0.5221, 0.5136, 0.4679, 0.4807, 0.4364, 0.5707, 0.48, 0.3829, 0.4629, 0.4293, 0.4793, 0.5714, 0.4957, 0.3986, 0.5521], [0.725, 0.6707, 0.7271, 0.6886, 0.7207, 0.7079, 0.7164, 0.7243, 0.7186, 0.6943, 0.7007, 0.7143, 0.7193, 0.71, 0.7179, 0.7214, 0.7314, 0.6957, 0.7236, 0.7136]]	
Results: 	[[0.6621, 0.6464, 0.665, 0.6721, 0.6564, 0.6836, 0.6607, 0.6643, 0.6814, 0.6607, 0.685, 0.6471, 0.7036, 0.6857, 0.6964, 0.6486, 0.635, 0.6543, 0.6579, 0.6536, 0.6564], [0.7286, 0.7764, 0.7829, 0.8043, 0.7593, 0.7693, 0.7407, 0.7407, 0.7036, 0.7386, 0.7571, 0.8129, 0.7914, 0.77, 0.7929, 0.7714, 0.7229, 0.785, 0.7343, 0.7936, 0.7536], [0.6907, 0.6471, 0.6643, 0.6436, 0.7, 0.6236, 0.68, 0.6814, 0.5621, 0.6807, 0.6879, 0.6729, 0.6786, 0.6807, 0.6379, 0.6529, 0.6757, 0.6386, 0.6329, 0.6621, 0.6721], [0.6307, 0.6314, 0.6379, 0.6307, 0.6279, 0.6129, 0.6079, 0.6343, 0.6371, 0.6179, 0.6314, 0.6243, 0.6307, 0.6207, 0.6207, 0.6186, 0.6129, 0.6257, 0.63, 0.6221, 0.6064], [0.5621, 0.3857, 0.3736, 0.5, 0.6643, 0.5221, 0.5136, 0.4679, 0.4807, 0.4364, 0.5707, 0.48, 0.3829, 0.4629, 0.4293, 0.4793, 0.5714, 0.4957, 0.3986, 0.5521, 0.4421], [0.725, 0.6707, 0.7271, 0.6886, 0.7207, 0.7079, 0.7164, 0.7243, 0.7186, 0.6943, 0.7007, 0.7143, 0.7193, 0.71, 0.7179, 0.7214, 0.7314, 0.6957, 0.7236, 0.7136, 0.7093]]	
Results: 	[[0.6621, 0.6464, 0.665, 0.6721, 0.6564, 0.6836, 0.6607, 0.6643, 0.6814, 0.6607, 0.685, 0.6471, 0.7036, 0.6857, 0.6964, 0.6486, 0.635, 0.6543, 0.6579, 0.6536, 0.6564, 0.6514], [0.7286, 0.7764, 0.7829, 0.8043, 0.7593, 0.7693, 0.7407, 0.7407, 0.7036, 0.7386, 0.7571, 0.8129, 0.7914, 0.77, 0.7929, 0.7714, 0.7229, 0.785, 0.7343, 0.7936, 0.7536, 0.745], [0.6907, 0.6471, 0.6643, 0.6436, 0.7, 0.6236, 0.68, 0.6814, 0.5621, 0.6807, 0.6879, 0.6729, 0.6786, 0.6807, 0.6379, 0.6529, 0.6757, 0.6386, 0.6329, 0.6621, 0.6721, 0.63], [0.6307, 0.6314, 0.6379, 0.6307, 0.6279, 0.6129, 0.6079, 0.6343, 0.6371, 0.6179, 0.6314, 0.6243, 0.6307, 0.6207, 0.6207, 0.6186, 0.6129, 0.6257, 0.63, 0.6221, 0.6064, 0.6214], [0.5621, 0.3857, 0.3736, 0.5, 0.6643, 0.5221, 0.5136, 0.4679, 0.4807, 0.4364, 0.5707, 0.48, 0.3829, 0.4629, 0.4293, 0.4793, 0.5714, 0.4957, 0.3986, 0.5521, 0.4421, 0.5007], [0.725, 0.6707, 0.7271, 0.6886, 0.7207, 0.7079, 0.7164, 0.7243, 0.7186, 0.6943, 0.7007, 0.7143, 0.7193, 0.71, 0.7179, 0.7214, 0.7314, 0.6957, 0.7236, 0.7136, 0.7093, 0.6907]]	
Results: 	[[0.6621, 0.6464, 0.665, 0.6721, 0.6564, 0.6836, 0.6607, 0.6643, 0.6814, 0.6607, 0.685, 0.6471, 0.7036, 0.6857, 0.6964, 0.6486, 0.635, 0.6543, 0.6579, 0.6536, 0.6564, 0.6514, 0.645], [0.7286, 0.7764, 0.7829, 0.8043, 0.7593, 0.7693, 0.7407, 0.7407, 0.7036, 0.7386, 0.7571, 0.8129, 0.7914, 0.77, 0.7929, 0.7714, 0.7229, 0.785, 0.7343, 0.7936, 0.7536, 0.745, 0.7564], [0.6907, 0.6471, 0.6643, 0.6436, 0.7, 0.6236, 0.68, 0.6814, 0.5621, 0.6807, 0.6879, 0.6729, 0.6786, 0.6807, 0.6379, 0.6529, 0.6757, 0.6386, 0.6329, 0.6621, 0.6721, 0.63, 0.7064], [0.6307, 0.6314, 0.6379, 0.6307, 0.6279, 0.6129, 0.6079, 0.6343, 0.6371, 0.6179, 0.6314, 0.6243, 0.6307, 0.6207, 0.6207, 0.6186, 0.6129, 0.6257, 0.63, 0.6221, 0.6064, 0.6214, 0.6121], [0.5621, 0.3857, 0.3736, 0.5, 0.6643, 0.5221, 0.5136, 0.4679, 0.4807, 0.4364, 0.5707, 0.48, 0.3829, 0.4629, 0.4293, 0.4793, 0.5714, 0.4957, 0.3986, 0.5521, 0.4421, 0.5007, 0.4529], [0.725, 0.6707, 0.7271, 0.6886, 0.7207, 0.7079, 0.7164, 0.7243, 0.7186, 0.6943, 0.7007, 0.7143, 0.7193, 0.71, 0.7179, 0.7214, 0.7314, 0.6957, 0.7236, 0.7136, 0.7093, 0.6907, 0.7157]]	
Results: 	[[0.6621, 0.6464, 0.665, 0.6721, 0.6564, 0.6836, 0.6607, 0.6643, 0.6814, 0.6607, 0.685, 0.6471, 0.7036, 0.6857, 0.6964, 0.6486, 0.635, 0.6543, 0.6579, 0.6536, 0.6564, 0.6514, 0.645, 0.6879], [0.7286, 0.7764, 0.7829, 0.8043, 0.7593, 0.7693, 0.7407, 0.7407, 0.7036, 0.7386, 0.7571, 0.8129, 0.7914, 0.77, 0.7929, 0.7714, 0.7229, 0.785, 0.7343, 0.7936, 0.7536, 0.745, 0.7564, 0.8136], [0.6907, 0.6471, 0.6643, 0.6436, 0.7, 0.6236, 0.68, 0.6814, 0.5621, 0.6807, 0.6879, 0.6729, 0.6786, 0.6807, 0.6379, 0.6529, 0.6757, 0.6386, 0.6329, 0.6621, 0.6721, 0.63, 0.7064, 0.6736], [0.6307, 0.6314, 0.6379, 0.6307, 0.6279, 0.6129, 0.6079, 0.6343, 0.6371, 0.6179, 0.6314, 0.6243, 0.6307, 0.6207, 0.6207, 0.6186, 0.6129, 0.6257, 0.63, 0.6221, 0.6064, 0.6214, 0.6121, 0.6307], [0.5621, 0.3857, 0.3736, 0.5, 0.6643, 0.5221, 0.5136, 0.4679, 0.4807, 0.4364, 0.5707, 0.48, 0.3829, 0.4629, 0.4293, 0.4793, 0.5714, 0.4957, 0.3986, 0.5521, 0.4421, 0.5007, 0.4529, 0.4386], [0.725, 0.6707, 0.7271, 0.6886, 0.7207, 0.7079, 0.7164, 0.7243, 0.7186, 0.6943, 0.7007, 0.7143, 0.7193, 0.71, 0.7179, 0.7214, 0.7314, 0.6957, 0.7236, 0.7136, 0.7093, 0.6907, 0.7157, 0.7057]]	
Results: 	[[0.6621, 0.6464, 0.665, 0.6721, 0.6564, 0.6836, 0.6607, 0.6643, 0.6814, 0.6607, 0.685, 0.6471, 0.7036, 0.6857, 0.6964, 0.6486, 0.635, 0.6543, 0.6579, 0.6536, 0.6564, 0.6514, 0.645, 0.6879, 0.6893], [0.7286, 0.7764, 0.7829, 0.8043, 0.7593, 0.7693, 0.7407, 0.7407, 0.7036, 0.7386, 0.7571, 0.8129, 0.7914, 0.77, 0.7929, 0.7714, 0.7229, 0.785, 0.7343, 0.7936, 0.7536, 0.745, 0.7564, 0.8136, 0.8107], [0.6907, 0.6471, 0.6643, 0.6436, 0.7, 0.6236, 0.68, 0.6814, 0.5621, 0.6807, 0.6879, 0.6729, 0.6786, 0.6807, 0.6379, 0.6529, 0.6757, 0.6386, 0.6329, 0.6621, 0.6721, 0.63, 0.7064, 0.6736, 0.6593], [0.6307, 0.6314, 0.6379, 0.6307, 0.6279, 0.6129, 0.6079, 0.6343, 0.6371, 0.6179, 0.6314, 0.6243, 0.6307, 0.6207, 0.6207, 0.6186, 0.6129, 0.6257, 0.63, 0.6221, 0.6064, 0.6214, 0.6121, 0.6307, 0.6129], [0.5621, 0.3857, 0.3736, 0.5, 0.6643, 0.5221, 0.5136, 0.4679, 0.4807, 0.4364, 0.5707, 0.48, 0.3829, 0.4629, 0.4293, 0.4793, 0.5714, 0.4957, 0.3986, 0.5521, 0.4421, 0.5007, 0.4529, 0.4386, 0.4057], [0.725, 0.6707, 0.7271, 0.6886, 0.7207, 0.7079, 0.7164, 0.7243, 0.7186, 0.6943, 0.7007, 0.7143, 0.7193, 0.71, 0.7179, 0.7214, 0.7314, 0.6957, 0.7236, 0.7136, 0.7093, 0.6907, 0.7157, 0.7057, 0.7329]]	
Results: 	[[0.6621, 0.6464, 0.665, 0.6721, 0.6564, 0.6836, 0.6607, 0.6643, 0.6814, 0.6607, 0.685, 0.6471, 0.7036, 0.6857, 0.6964, 0.6486, 0.635, 0.6543, 0.6579, 0.6536, 0.6564, 0.6514, 0.645, 0.6879, 0.6893, 0.695], [0.7286, 0.7764, 0.7829, 0.8043, 0.7593, 0.7693, 0.7407, 0.7407, 0.7036, 0.7386, 0.7571, 0.8129, 0.7914, 0.77, 0.7929, 0.7714, 0.7229, 0.785, 0.7343, 0.7936, 0.7536, 0.745, 0.7564, 0.8136, 0.8107, 0.7579], [0.6907, 0.6471, 0.6643, 0.6436, 0.7, 0.6236, 0.68, 0.6814, 0.5621, 0.6807, 0.6879, 0.6729, 0.6786, 0.6807, 0.6379, 0.6529, 0.6757, 0.6386, 0.6329, 0.6621, 0.6721, 0.63, 0.7064, 0.6736, 0.6593, 0.6686], [0.6307, 0.6314, 0.6379, 0.6307, 0.6279, 0.6129, 0.6079, 0.6343, 0.6371, 0.6179, 0.6314, 0.6243, 0.6307, 0.6207, 0.6207, 0.6186, 0.6129, 0.6257, 0.63, 0.6221, 0.6064, 0.6214, 0.6121, 0.6307, 0.6129, 0.6243], [0.5621, 0.3857, 0.3736, 0.5, 0.6643, 0.5221, 0.5136, 0.4679, 0.4807, 0.4364, 0.5707, 0.48, 0.3829, 0.4629, 0.4293, 0.4793, 0.5714, 0.4957, 0.3986, 0.5521, 0.4421, 0.5007, 0.4529, 0.4386, 0.4057, 0.4743], [0.725, 0.6707, 0.7271, 0.6886, 0.7207, 0.7079, 0.7164, 0.7243, 0.7186, 0.6943, 0.7007, 0.7143, 0.7193, 0.71, 0.7179, 0.7214, 0.7314, 0.6957, 0.7236, 0.7136, 0.7093, 0.6907, 0.7157, 0.7057, 0.7329, 0.7279]]	
Results: 	[[0.6621, 0.6464, 0.665, 0.6721, 0.6564, 0.6836, 0.6607, 0.6643, 0.6814, 0.6607, 0.685, 0.6471, 0.7036, 0.6857, 0.6964, 0.6486, 0.635, 0.6543, 0.6579, 0.6536, 0.6564, 0.6514, 0.645, 0.6879, 0.6893, 0.695, 0.6829], [0.7286, 0.7764, 0.7829, 0.8043, 0.7593, 0.7693, 0.7407, 0.7407, 0.7036, 0.7386, 0.7571, 0.8129, 0.7914, 0.77, 0.7929, 0.7714, 0.7229, 0.785, 0.7343, 0.7936, 0.7536, 0.745, 0.7564, 0.8136, 0.8107, 0.7579, 0.7693], [0.6907, 0.6471, 0.6643, 0.6436, 0.7, 0.6236, 0.68, 0.6814, 0.5621, 0.6807, 0.6879, 0.6729, 0.6786, 0.6807, 0.6379, 0.6529, 0.6757, 0.6386, 0.6329, 0.6621, 0.6721, 0.63, 0.7064, 0.6736, 0.6593, 0.6686, 0.6743], [0.6307, 0.6314, 0.6379, 0.6307, 0.6279, 0.6129, 0.6079, 0.6343, 0.6371, 0.6179, 0.6314, 0.6243, 0.6307, 0.6207, 0.6207, 0.6186, 0.6129, 0.6257, 0.63, 0.6221, 0.6064, 0.6214, 0.6121, 0.6307, 0.6129, 0.6243, 0.6171], [0.5621, 0.3857, 0.3736, 0.5, 0.6643, 0.5221, 0.5136, 0.4679, 0.4807, 0.4364, 0.5707, 0.48, 0.3829, 0.4629, 0.4293, 0.4793, 0.5714, 0.4957, 0.3986, 0.5521, 0.4421, 0.5007, 0.4529, 0.4386, 0.4057, 0.4743, 0.4671], [0.725, 0.6707, 0.7271, 0.6886, 0.7207, 0.7079, 0.7164, 0.7243, 0.7186, 0.6943, 0.7007, 0.7143, 0.7193, 0.71, 0.7179, 0.7214, 0.7314, 0.6957, 0.7236, 0.7136, 0.7093, 0.6907, 0.7157, 0.7057, 0.7329, 0.7279, 0.72]]	
Results: 	[[0.6621, 0.6464, 0.665, 0.6721, 0.6564, 0.6836, 0.6607, 0.6643, 0.6814, 0.6607, 0.685, 0.6471, 0.7036, 0.6857, 0.6964, 0.6486, 0.635, 0.6543, 0.6579, 0.6536, 0.6564, 0.6514, 0.645, 0.6879, 0.6893, 0.695, 0.6829, 0.6557], [0.7286, 0.7764, 0.7829, 0.8043, 0.7593, 0.7693, 0.7407, 0.7407, 0.7036, 0.7386, 0.7571, 0.8129, 0.7914, 0.77, 0.7929, 0.7714, 0.7229, 0.785, 0.7343, 0.7936, 0.7536, 0.745, 0.7564, 0.8136, 0.8107, 0.7579, 0.7693, 0.6979], [0.6907, 0.6471, 0.6643, 0.6436, 0.7, 0.6236, 0.68, 0.6814, 0.5621, 0.6807, 0.6879, 0.6729, 0.6786, 0.6807, 0.6379, 0.6529, 0.6757, 0.6386, 0.6329, 0.6621, 0.6721, 0.63, 0.7064, 0.6736, 0.6593, 0.6686, 0.6743, 0.6521], [0.6307, 0.6314, 0.6379, 0.6307, 0.6279, 0.6129, 0.6079, 0.6343, 0.6371, 0.6179, 0.6314, 0.6243, 0.6307, 0.6207, 0.6207, 0.6186, 0.6129, 0.6257, 0.63, 0.6221, 0.6064, 0.6214, 0.6121, 0.6307, 0.6129, 0.6243, 0.6171, 0.6336], [0.5621, 0.3857, 0.3736, 0.5, 0.6643, 0.5221, 0.5136, 0.4679, 0.4807, 0.4364, 0.5707, 0.48, 0.3829, 0.4629, 0.4293, 0.4793, 0.5714, 0.4957, 0.3986, 0.5521, 0.4421, 0.5007, 0.4529, 0.4386, 0.4057, 0.4743, 0.4671, 0.5093], [0.725, 0.6707, 0.7271, 0.6886, 0.7207, 0.7079, 0.7164, 0.7243, 0.7186, 0.6943, 0.7007, 0.7143, 0.7193, 0.71, 0.7179, 0.7214, 0.7314, 0.6957, 0.7236, 0.7136, 0.7093, 0.6907, 0.7157, 0.7057, 0.7329, 0.7279, 0.72, 0.7129]]	
Results: 	[[0.6621, 0.6464, 0.665, 0.6721, 0.6564, 0.6836, 0.6607, 0.6643, 0.6814, 0.6607, 0.685, 0.6471, 0.7036, 0.6857, 0.6964, 0.6486, 0.635, 0.6543, 0.6579, 0.6536, 0.6564, 0.6514, 0.645, 0.6879, 0.6893, 0.695, 0.6829, 0.6557, 0.6857], [0.7286, 0.7764, 0.7829, 0.8043, 0.7593, 0.7693, 0.7407, 0.7407, 0.7036, 0.7386, 0.7571, 0.8129, 0.7914, 0.77, 0.7929, 0.7714, 0.7229, 0.785, 0.7343, 0.7936, 0.7536, 0.745, 0.7564, 0.8136, 0.8107, 0.7579, 0.7693, 0.6979, 0.805], [0.6907, 0.6471, 0.6643, 0.6436, 0.7, 0.6236, 0.68, 0.6814, 0.5621, 0.6807, 0.6879, 0.6729, 0.6786, 0.6807, 0.6379, 0.6529, 0.6757, 0.6386, 0.6329, 0.6621, 0.6721, 0.63, 0.7064, 0.6736, 0.6593, 0.6686, 0.6743, 0.6521, 0.6971], [0.6307, 0.6314, 0.6379, 0.6307, 0.6279, 0.6129, 0.6079, 0.6343, 0.6371, 0.6179, 0.6314, 0.6243, 0.6307, 0.6207, 0.6207, 0.6186, 0.6129, 0.6257, 0.63, 0.6221, 0.6064, 0.6214, 0.6121, 0.6307, 0.6129, 0.6243, 0.6171, 0.6336, 0.6293], [0.5621, 0.3857, 0.3736, 0.5, 0.6643, 0.5221, 0.5136, 0.4679, 0.4807, 0.4364, 0.5707, 0.48, 0.3829, 0.4629, 0.4293, 0.4793, 0.5714, 0.4957, 0.3986, 0.5521, 0.4421, 0.5007, 0.4529, 0.4386, 0.4057, 0.4743, 0.4671, 0.5093, 0.4793], [0.725, 0.6707, 0.7271, 0.6886, 0.7207, 0.7079, 0.7164, 0.7243, 0.7186, 0.6943, 0.7007, 0.7143, 0.7193, 0.71, 0.7179, 0.7214, 0.7314, 0.6957, 0.7236, 0.7136, 0.7093, 0.6907, 0.7157, 0.7057, 0.7329, 0.7279, 0.72, 0.7129, 0.6957]]	
Results: 	[[0.6621, 0.6464, 0.665, 0.6721, 0.6564, 0.6836, 0.6607, 0.6643, 0.6814, 0.6607, 0.685, 0.6471, 0.7036, 0.6857, 0.6964, 0.6486, 0.635, 0.6543, 0.6579, 0.6536, 0.6564, 0.6514, 0.645, 0.6879, 0.6893, 0.695, 0.6829, 0.6557, 0.6857, 0.6921], [0.7286, 0.7764, 0.7829, 0.8043, 0.7593, 0.7693, 0.7407, 0.7407, 0.7036, 0.7386, 0.7571, 0.8129, 0.7914, 0.77, 0.7929, 0.7714, 0.7229, 0.785, 0.7343, 0.7936, 0.7536, 0.745, 0.7564, 0.8136, 0.8107, 0.7579, 0.7693, 0.6979, 0.805, 0.7929], [0.6907, 0.6471, 0.6643, 0.6436, 0.7, 0.6236, 0.68, 0.6814, 0.5621, 0.6807, 0.6879, 0.6729, 0.6786, 0.6807, 0.6379, 0.6529, 0.6757, 0.6386, 0.6329, 0.6621, 0.6721, 0.63, 0.7064, 0.6736, 0.6593, 0.6686, 0.6743, 0.6521, 0.6971, 0.6793], [0.6307, 0.6314, 0.6379, 0.6307, 0.6279, 0.6129, 0.6079, 0.6343, 0.6371, 0.6179, 0.6314, 0.6243, 0.6307, 0.6207, 0.6207, 0.6186, 0.6129, 0.6257, 0.63, 0.6221, 0.6064, 0.6214, 0.6121, 0.6307, 0.6129, 0.6243, 0.6171, 0.6336, 0.6293, 0.6193], [0.5621, 0.3857, 0.3736, 0.5, 0.6643, 0.5221, 0.5136, 0.4679, 0.4807, 0.4364, 0.5707, 0.48, 0.3829, 0.4629, 0.4293, 0.4793, 0.5714, 0.4957, 0.3986, 0.5521, 0.4421, 0.5007, 0.4529, 0.4386, 0.4057, 0.4743, 0.4671, 0.5093, 0.4793, 0.4843], [0.725, 0.6707, 0.7271, 0.6886, 0.7207, 0.7079, 0.7164, 0.7243, 0.7186, 0.6943, 0.7007, 0.7143, 0.7193, 0.71, 0.7179, 0.7214, 0.7314, 0.6957, 0.7236, 0.7136, 0.7093, 0.6907, 0.7157, 0.7057, 0.7329, 0.7279, 0.72, 0.7129, 0.6957, 0.7129]]
Support Sets: (Mean:0.66871, SD:0.018616332280720793) | 	Support Sets: (Mean:0.76594, SD:0.03152847208039327) | 	Support Sets: (Mean:0.66355, SD:0.028761825154306465) | 	Support Sets: (Mean:0.6237633333333333, SD:0.008672727102953193) | 	Support Sets: (Mean:0.47945333333333334, SD:0.06381920980574646) | 	Support Sets: (Mean:0.7121733333333333, SD:0.014260215535763725) | 	
