Results: 	[[0.6829], [0.7743], [0.7229], [0.5693], [0.3271], [0.6993]]	
Results: 	[[0.6829, 0.68], [0.7743, 0.8071], [0.7229, 0.715], [0.5693, 0.5743], [0.3271, 0.4243], [0.6993, 0.7036]]	
Results: 	[[0.6829, 0.68, 0.6679], [0.7743, 0.8071, 0.8121], [0.7229, 0.715, 0.7171], [0.5693, 0.5743, 0.5786], [0.3271, 0.4243, 0.3771], [0.6993, 0.7036, 0.6986]]	
Results: 	[[0.6829, 0.68, 0.6679, 0.5136], [0.7743, 0.8071, 0.8121, 0.8429], [0.7229, 0.715, 0.7171, 0.7014], [0.5693, 0.5743, 0.5786, 0.5736], [0.3271, 0.4243, 0.3771, 0.4921], [0.6993, 0.7036, 0.6986, 0.6586]]	
Results: 	[[0.6829, 0.68, 0.6679, 0.5136, 0.5486], [0.7743, 0.8071, 0.8121, 0.8429, 0.8664], [0.7229, 0.715, 0.7171, 0.7014, 0.7164], [0.5693, 0.5743, 0.5786, 0.5736, 0.5757], [0.3271, 0.4243, 0.3771, 0.4921, 0.3386], [0.6993, 0.7036, 0.6986, 0.6586, 0.7014]]	
Results: 	[[0.6829, 0.68, 0.6679, 0.5136, 0.5486, 0.6721], [0.7743, 0.8071, 0.8121, 0.8429, 0.8664, 0.7886], [0.7229, 0.715, 0.7171, 0.7014, 0.7164, 0.6579], [0.5693, 0.5743, 0.5786, 0.5736, 0.5757, 0.5757], [0.3271, 0.4243, 0.3771, 0.4921, 0.3386, 0.4129], [0.6993, 0.7036, 0.6986, 0.6586, 0.7014, 0.7007]]	
Results: 	[[0.6829, 0.68, 0.6679, 0.5136, 0.5486, 0.6721, 0.61], [0.7743, 0.8071, 0.8121, 0.8429, 0.8664, 0.7886, 0.8329], [0.7229, 0.715, 0.7171, 0.7014, 0.7164, 0.6579, 0.6614], [0.5693, 0.5743, 0.5786, 0.5736, 0.5757, 0.5757, 0.5786], [0.3271, 0.4243, 0.3771, 0.4921, 0.3386, 0.4129, 0.3621], [0.6993, 0.7036, 0.6986, 0.6586, 0.7014, 0.7007, 0.6821]]	
Results: 	[[0.6829, 0.68, 0.6679, 0.5136, 0.5486, 0.6721, 0.61, 0.6657], [0.7743, 0.8071, 0.8121, 0.8429, 0.8664, 0.7886, 0.8329, 0.8221], [0.7229, 0.715, 0.7171, 0.7014, 0.7164, 0.6579, 0.6614, 0.6779], [0.5693, 0.5743, 0.5786, 0.5736, 0.5757, 0.5757, 0.5786, 0.5421], [0.3271, 0.4243, 0.3771, 0.4921, 0.3386, 0.4129, 0.3621, 0.3543], [0.6993, 0.7036, 0.6986, 0.6586, 0.7014, 0.7007, 0.6821, 0.705]]	
Results: 	[[0.6829, 0.68, 0.6679, 0.5136, 0.5486, 0.6721, 0.61, 0.6657, 0.6271], [0.7743, 0.8071, 0.8121, 0.8429, 0.8664, 0.7886, 0.8329, 0.8221, 0.8521], [0.7229, 0.715, 0.7171, 0.7014, 0.7164, 0.6579, 0.6614, 0.6779, 0.7086], [0.5693, 0.5743, 0.5786, 0.5736, 0.5757, 0.5757, 0.5786, 0.5421, 0.5771], [0.3271, 0.4243, 0.3771, 0.4921, 0.3386, 0.4129, 0.3621, 0.3543, 0.2821], [0.6993, 0.7036, 0.6986, 0.6586, 0.7014, 0.7007, 0.6821, 0.705, 0.7043]]	
Results: 	[[0.6829, 0.68, 0.6679, 0.5136, 0.5486, 0.6721, 0.61, 0.6657, 0.6271, 0.685], [0.7743, 0.8071, 0.8121, 0.8429, 0.8664, 0.7886, 0.8329, 0.8221, 0.8521, 0.8157], [0.7229, 0.715, 0.7171, 0.7014, 0.7164, 0.6579, 0.6614, 0.6779, 0.7086, 0.6093], [0.5693, 0.5743, 0.5786, 0.5736, 0.5757, 0.5757, 0.5786, 0.5421, 0.5771, 0.5757], [0.3271, 0.4243, 0.3771, 0.4921, 0.3386, 0.4129, 0.3621, 0.3543, 0.2821, 0.2579], [0.6993, 0.7036, 0.6986, 0.6586, 0.7014, 0.7007, 0.6821, 0.705, 0.7043, 0.6936]]	
Results: 	[[0.6829, 0.68, 0.6679, 0.5136, 0.5486, 0.6721, 0.61, 0.6657, 0.6271, 0.685, 0.6521], [0.7743, 0.8071, 0.8121, 0.8429, 0.8664, 0.7886, 0.8329, 0.8221, 0.8521, 0.8157, 0.8014], [0.7229, 0.715, 0.7171, 0.7014, 0.7164, 0.6579, 0.6614, 0.6779, 0.7086, 0.6093, 0.6086], [0.5693, 0.5743, 0.5786, 0.5736, 0.5757, 0.5757, 0.5786, 0.5421, 0.5771, 0.5757, 0.5743], [0.3271, 0.4243, 0.3771, 0.4921, 0.3386, 0.4129, 0.3621, 0.3543, 0.2821, 0.2579, 0.2921], [0.6993, 0.7036, 0.6986, 0.6586, 0.7014, 0.7007, 0.6821, 0.705, 0.7043, 0.6936, 0.7]]	
Results: 	[[0.6829, 0.68, 0.6679, 0.5136, 0.5486, 0.6721, 0.61, 0.6657, 0.6271, 0.685, 0.6521, 0.6707], [0.7743, 0.8071, 0.8121, 0.8429, 0.8664, 0.7886, 0.8329, 0.8221, 0.8521, 0.8157, 0.8014, 0.8007], [0.7229, 0.715, 0.7171, 0.7014, 0.7164, 0.6579, 0.6614, 0.6779, 0.7086, 0.6093, 0.6086, 0.7], [0.5693, 0.5743, 0.5786, 0.5736, 0.5757, 0.5757, 0.5786, 0.5421, 0.5771, 0.5757, 0.5743, 0.58], [0.3271, 0.4243, 0.3771, 0.4921, 0.3386, 0.4129, 0.3621, 0.3543, 0.2821, 0.2579, 0.2921, 0.4586], [0.6993, 0.7036, 0.6986, 0.6586, 0.7014, 0.7007, 0.6821, 0.705, 0.7043, 0.6936, 0.7, 0.71]]	
Results: 	[[0.6829, 0.68, 0.6679, 0.5136, 0.5486, 0.6721, 0.61, 0.6657, 0.6271, 0.685, 0.6521, 0.6707, 0.6786], [0.7743, 0.8071, 0.8121, 0.8429, 0.8664, 0.7886, 0.8329, 0.8221, 0.8521, 0.8157, 0.8014, 0.8007, 0.8271], [0.7229, 0.715, 0.7171, 0.7014, 0.7164, 0.6579, 0.6614, 0.6779, 0.7086, 0.6093, 0.6086, 0.7, 0.7129], [0.5693, 0.5743, 0.5786, 0.5736, 0.5757, 0.5757, 0.5786, 0.5421, 0.5771, 0.5757, 0.5743, 0.58, 0.5764], [0.3271, 0.4243, 0.3771, 0.4921, 0.3386, 0.4129, 0.3621, 0.3543, 0.2821, 0.2579, 0.2921, 0.4586, 0.4414], [0.6993, 0.7036, 0.6986, 0.6586, 0.7014, 0.7007, 0.6821, 0.705, 0.7043, 0.6936, 0.7, 0.71, 0.71]]	
Results: 	[[0.6829, 0.68, 0.6679, 0.5136, 0.5486, 0.6721, 0.61, 0.6657, 0.6271, 0.685, 0.6521, 0.6707, 0.6786, 0.6564], [0.7743, 0.8071, 0.8121, 0.8429, 0.8664, 0.7886, 0.8329, 0.8221, 0.8521, 0.8157, 0.8014, 0.8007, 0.8271, 0.8543], [0.7229, 0.715, 0.7171, 0.7014, 0.7164, 0.6579, 0.6614, 0.6779, 0.7086, 0.6093, 0.6086, 0.7, 0.7129, 0.7007], [0.5693, 0.5743, 0.5786, 0.5736, 0.5757, 0.5757, 0.5786, 0.5421, 0.5771, 0.5757, 0.5743, 0.58, 0.5764, 0.5743], [0.3271, 0.4243, 0.3771, 0.4921, 0.3386, 0.4129, 0.3621, 0.3543, 0.2821, 0.2579, 0.2921, 0.4586, 0.4414, 0.4193], [0.6993, 0.7036, 0.6986, 0.6586, 0.7014, 0.7007, 0.6821, 0.705, 0.7043, 0.6936, 0.7, 0.71, 0.71, 0.7093]]	
Results: 	[[0.6829, 0.68, 0.6679, 0.5136, 0.5486, 0.6721, 0.61, 0.6657, 0.6271, 0.685, 0.6521, 0.6707, 0.6786, 0.6564, 0.6836], [0.7743, 0.8071, 0.8121, 0.8429, 0.8664, 0.7886, 0.8329, 0.8221, 0.8521, 0.8157, 0.8014, 0.8007, 0.8271, 0.8543, 0.8436], [0.7229, 0.715, 0.7171, 0.7014, 0.7164, 0.6579, 0.6614, 0.6779, 0.7086, 0.6093, 0.6086, 0.7, 0.7129, 0.7007, 0.6671], [0.5693, 0.5743, 0.5786, 0.5736, 0.5757, 0.5757, 0.5786, 0.5421, 0.5771, 0.5757, 0.5743, 0.58, 0.5764, 0.5743, 0.575], [0.3271, 0.4243, 0.3771, 0.4921, 0.3386, 0.4129, 0.3621, 0.3543, 0.2821, 0.2579, 0.2921, 0.4586, 0.4414, 0.4193, 0.285], [0.6993, 0.7036, 0.6986, 0.6586, 0.7014, 0.7007, 0.6821, 0.705, 0.7043, 0.6936, 0.7, 0.71, 0.71, 0.7093, 0.7064]]	
Results: 	[[0.6829, 0.68, 0.6679, 0.5136, 0.5486, 0.6721, 0.61, 0.6657, 0.6271, 0.685, 0.6521, 0.6707, 0.6786, 0.6564, 0.6836, 0.6329], [0.7743, 0.8071, 0.8121, 0.8429, 0.8664, 0.7886, 0.8329, 0.8221, 0.8521, 0.8157, 0.8014, 0.8007, 0.8271, 0.8543, 0.8436, 0.8307], [0.7229, 0.715, 0.7171, 0.7014, 0.7164, 0.6579, 0.6614, 0.6779, 0.7086, 0.6093, 0.6086, 0.7, 0.7129, 0.7007, 0.6671, 0.7164], [0.5693, 0.5743, 0.5786, 0.5736, 0.5757, 0.5757, 0.5786, 0.5421, 0.5771, 0.5757, 0.5743, 0.58, 0.5764, 0.5743, 0.575, 0.5557], [0.3271, 0.4243, 0.3771, 0.4921, 0.3386, 0.4129, 0.3621, 0.3543, 0.2821, 0.2579, 0.2921, 0.4586, 0.4414, 0.4193, 0.285, 0.4], [0.6993, 0.7036, 0.6986, 0.6586, 0.7014, 0.7007, 0.6821, 0.705, 0.7043, 0.6936, 0.7, 0.71, 0.71, 0.7093, 0.7064, 0.71]]	
Results: 	[[0.6829, 0.68, 0.6679, 0.5136, 0.5486, 0.6721, 0.61, 0.6657, 0.6271, 0.685, 0.6521, 0.6707, 0.6786, 0.6564, 0.6836, 0.6329, 0.6693], [0.7743, 0.8071, 0.8121, 0.8429, 0.8664, 0.7886, 0.8329, 0.8221, 0.8521, 0.8157, 0.8014, 0.8007, 0.8271, 0.8543, 0.8436, 0.8307, 0.8086], [0.7229, 0.715, 0.7171, 0.7014, 0.7164, 0.6579, 0.6614, 0.6779, 0.7086, 0.6093, 0.6086, 0.7, 0.7129, 0.7007, 0.6671, 0.7164, 0.6886], [0.5693, 0.5743, 0.5786, 0.5736, 0.5757, 0.5757, 0.5786, 0.5421, 0.5771, 0.5757, 0.5743, 0.58, 0.5764, 0.5743, 0.575, 0.5557, 0.5786], [0.3271, 0.4243, 0.3771, 0.4921, 0.3386, 0.4129, 0.3621, 0.3543, 0.2821, 0.2579, 0.2921, 0.4586, 0.4414, 0.4193, 0.285, 0.4, 0.3714], [0.6993, 0.7036, 0.6986, 0.6586, 0.7014, 0.7007, 0.6821, 0.705, 0.7043, 0.6936, 0.7, 0.71, 0.71, 0.7093, 0.7064, 0.71, 0.685]]	
Results: 	[[0.6829, 0.68, 0.6679, 0.5136, 0.5486, 0.6721, 0.61, 0.6657, 0.6271, 0.685, 0.6521, 0.6707, 0.6786, 0.6564, 0.6836, 0.6329, 0.6693, 0.6507], [0.7743, 0.8071, 0.8121, 0.8429, 0.8664, 0.7886, 0.8329, 0.8221, 0.8521, 0.8157, 0.8014, 0.8007, 0.8271, 0.8543, 0.8436, 0.8307, 0.8086, 0.8364], [0.7229, 0.715, 0.7171, 0.7014, 0.7164, 0.6579, 0.6614, 0.6779, 0.7086, 0.6093, 0.6086, 0.7, 0.7129, 0.7007, 0.6671, 0.7164, 0.6886, 0.7143], [0.5693, 0.5743, 0.5786, 0.5736, 0.5757, 0.5757, 0.5786, 0.5421, 0.5771, 0.5757, 0.5743, 0.58, 0.5764, 0.5743, 0.575, 0.5557, 0.5786, 0.58], [0.3271, 0.4243, 0.3771, 0.4921, 0.3386, 0.4129, 0.3621, 0.3543, 0.2821, 0.2579, 0.2921, 0.4586, 0.4414, 0.4193, 0.285, 0.4, 0.3714, 0.3886], [0.6993, 0.7036, 0.6986, 0.6586, 0.7014, 0.7007, 0.6821, 0.705, 0.7043, 0.6936, 0.7, 0.71, 0.71, 0.7093, 0.7064, 0.71, 0.685, 0.67]]	
Results: 	[[0.6829, 0.68, 0.6679, 0.5136, 0.5486, 0.6721, 0.61, 0.6657, 0.6271, 0.685, 0.6521, 0.6707, 0.6786, 0.6564, 0.6836, 0.6329, 0.6693, 0.6507, 0.6543], [0.7743, 0.8071, 0.8121, 0.8429, 0.8664, 0.7886, 0.8329, 0.8221, 0.8521, 0.8157, 0.8014, 0.8007, 0.8271, 0.8543, 0.8436, 0.8307, 0.8086, 0.8364, 0.855], [0.7229, 0.715, 0.7171, 0.7014, 0.7164, 0.6579, 0.6614, 0.6779, 0.7086, 0.6093, 0.6086, 0.7, 0.7129, 0.7007, 0.6671, 0.7164, 0.6886, 0.7143, 0.7007], [0.5693, 0.5743, 0.5786, 0.5736, 0.5757, 0.5757, 0.5786, 0.5421, 0.5771, 0.5757, 0.5743, 0.58, 0.5764, 0.5743, 0.575, 0.5557, 0.5786, 0.58, 0.575], [0.3271, 0.4243, 0.3771, 0.4921, 0.3386, 0.4129, 0.3621, 0.3543, 0.2821, 0.2579, 0.2921, 0.4586, 0.4414, 0.4193, 0.285, 0.4, 0.3714, 0.3886, 0.3436], [0.6993, 0.7036, 0.6986, 0.6586, 0.7014, 0.7007, 0.6821, 0.705, 0.7043, 0.6936, 0.7, 0.71, 0.71, 0.7093, 0.7064, 0.71, 0.685, 0.67, 0.7171]]	
Results: 	[[0.6829, 0.68, 0.6679, 0.5136, 0.5486, 0.6721, 0.61, 0.6657, 0.6271, 0.685, 0.6521, 0.6707, 0.6786, 0.6564, 0.6836, 0.6329, 0.6693, 0.6507, 0.6543, 0.6664], [0.7743, 0.8071, 0.8121, 0.8429, 0.8664, 0.7886, 0.8329, 0.8221, 0.8521, 0.8157, 0.8014, 0.8007, 0.8271, 0.8543, 0.8436, 0.8307, 0.8086, 0.8364, 0.855, 0.8429], [0.7229, 0.715, 0.7171, 0.7014, 0.7164, 0.6579, 0.6614, 0.6779, 0.7086, 0.6093, 0.6086, 0.7, 0.7129, 0.7007, 0.6671, 0.7164, 0.6886, 0.7143, 0.7007, 0.6736], [0.5693, 0.5743, 0.5786, 0.5736, 0.5757, 0.5757, 0.5786, 0.5421, 0.5771, 0.5757, 0.5743, 0.58, 0.5764, 0.5743, 0.575, 0.5557, 0.5786, 0.58, 0.575, 0.5693], [0.3271, 0.4243, 0.3771, 0.4921, 0.3386, 0.4129, 0.3621, 0.3543, 0.2821, 0.2579, 0.2921, 0.4586, 0.4414, 0.4193, 0.285, 0.4, 0.3714, 0.3886, 0.3436, 0.3636], [0.6993, 0.7036, 0.6986, 0.6586, 0.7014, 0.7007, 0.6821, 0.705, 0.7043, 0.6936, 0.7, 0.71, 0.71, 0.7093, 0.7064, 0.71, 0.685, 0.67, 0.7171, 0.7057]]	
Results: 	[[0.6829, 0.68, 0.6679, 0.5136, 0.5486, 0.6721, 0.61, 0.6657, 0.6271, 0.685, 0.6521, 0.6707, 0.6786, 0.6564, 0.6836, 0.6329, 0.6693, 0.6507, 0.6543, 0.6664, 0.6607], [0.7743, 0.8071, 0.8121, 0.8429, 0.8664, 0.7886, 0.8329, 0.8221, 0.8521, 0.8157, 0.8014, 0.8007, 0.8271, 0.8543, 0.8436, 0.8307, 0.8086, 0.8364, 0.855, 0.8429, 0.8321], [0.7229, 0.715, 0.7171, 0.7014, 0.7164, 0.6579, 0.6614, 0.6779, 0.7086, 0.6093, 0.6086, 0.7, 0.7129, 0.7007, 0.6671, 0.7164, 0.6886, 0.7143, 0.7007, 0.6736, 0.5164], [0.5693, 0.5743, 0.5786, 0.5736, 0.5757, 0.5757, 0.5786, 0.5421, 0.5771, 0.5757, 0.5743, 0.58, 0.5764, 0.5743, 0.575, 0.5557, 0.5786, 0.58, 0.575, 0.5693, 0.58], [0.3271, 0.4243, 0.3771, 0.4921, 0.3386, 0.4129, 0.3621, 0.3543, 0.2821, 0.2579, 0.2921, 0.4586, 0.4414, 0.4193, 0.285, 0.4, 0.3714, 0.3886, 0.3436, 0.3636, 0.2757], [0.6993, 0.7036, 0.6986, 0.6586, 0.7014, 0.7007, 0.6821, 0.705, 0.7043, 0.6936, 0.7, 0.71, 0.71, 0.7093, 0.7064, 0.71, 0.685, 0.67, 0.7171, 0.7057, 0.7093]]	
Results: 	[[0.6829, 0.68, 0.6679, 0.5136, 0.5486, 0.6721, 0.61, 0.6657, 0.6271, 0.685, 0.6521, 0.6707, 0.6786, 0.6564, 0.6836, 0.6329, 0.6693, 0.6507, 0.6543, 0.6664, 0.6607, 0.645], [0.7743, 0.8071, 0.8121, 0.8429, 0.8664, 0.7886, 0.8329, 0.8221, 0.8521, 0.8157, 0.8014, 0.8007, 0.8271, 0.8543, 0.8436, 0.8307, 0.8086, 0.8364, 0.855, 0.8429, 0.8321, 0.8029], [0.7229, 0.715, 0.7171, 0.7014, 0.7164, 0.6579, 0.6614, 0.6779, 0.7086, 0.6093, 0.6086, 0.7, 0.7129, 0.7007, 0.6671, 0.7164, 0.6886, 0.7143, 0.7007, 0.6736, 0.5164, 0.6429], [0.5693, 0.5743, 0.5786, 0.5736, 0.5757, 0.5757, 0.5786, 0.5421, 0.5771, 0.5757, 0.5743, 0.58, 0.5764, 0.5743, 0.575, 0.5557, 0.5786, 0.58, 0.575, 0.5693, 0.58, 0.5779], [0.3271, 0.4243, 0.3771, 0.4921, 0.3386, 0.4129, 0.3621, 0.3543, 0.2821, 0.2579, 0.2921, 0.4586, 0.4414, 0.4193, 0.285, 0.4, 0.3714, 0.3886, 0.3436, 0.3636, 0.2757, 0.5379], [0.6993, 0.7036, 0.6986, 0.6586, 0.7014, 0.7007, 0.6821, 0.705, 0.7043, 0.6936, 0.7, 0.71, 0.71, 0.7093, 0.7064, 0.71, 0.685, 0.67, 0.7171, 0.7057, 0.7093, 0.6914]]	
Results: 	[[0.6829, 0.68, 0.6679, 0.5136, 0.5486, 0.6721, 0.61, 0.6657, 0.6271, 0.685, 0.6521, 0.6707, 0.6786, 0.6564, 0.6836, 0.6329, 0.6693, 0.6507, 0.6543, 0.6664, 0.6607, 0.645, 0.6893], [0.7743, 0.8071, 0.8121, 0.8429, 0.8664, 0.7886, 0.8329, 0.8221, 0.8521, 0.8157, 0.8014, 0.8007, 0.8271, 0.8543, 0.8436, 0.8307, 0.8086, 0.8364, 0.855, 0.8429, 0.8321, 0.8029, 0.8457], [0.7229, 0.715, 0.7171, 0.7014, 0.7164, 0.6579, 0.6614, 0.6779, 0.7086, 0.6093, 0.6086, 0.7, 0.7129, 0.7007, 0.6671, 0.7164, 0.6886, 0.7143, 0.7007, 0.6736, 0.5164, 0.6429, 0.67], [0.5693, 0.5743, 0.5786, 0.5736, 0.5757, 0.5757, 0.5786, 0.5421, 0.5771, 0.5757, 0.5743, 0.58, 0.5764, 0.5743, 0.575, 0.5557, 0.5786, 0.58, 0.575, 0.5693, 0.58, 0.5779, 0.5807], [0.3271, 0.4243, 0.3771, 0.4921, 0.3386, 0.4129, 0.3621, 0.3543, 0.2821, 0.2579, 0.2921, 0.4586, 0.4414, 0.4193, 0.285, 0.4, 0.3714, 0.3886, 0.3436, 0.3636, 0.2757, 0.5379, 0.3114], [0.6993, 0.7036, 0.6986, 0.6586, 0.7014, 0.7007, 0.6821, 0.705, 0.7043, 0.6936, 0.7, 0.71, 0.71, 0.7093, 0.7064, 0.71, 0.685, 0.67, 0.7171, 0.7057, 0.7093, 0.6914, 0.6971]]	
Results: 	[[0.6829, 0.68, 0.6679, 0.5136, 0.5486, 0.6721, 0.61, 0.6657, 0.6271, 0.685, 0.6521, 0.6707, 0.6786, 0.6564, 0.6836, 0.6329, 0.6693, 0.6507, 0.6543, 0.6664, 0.6607, 0.645, 0.6893, 0.6436], [0.7743, 0.8071, 0.8121, 0.8429, 0.8664, 0.7886, 0.8329, 0.8221, 0.8521, 0.8157, 0.8014, 0.8007, 0.8271, 0.8543, 0.8436, 0.8307, 0.8086, 0.8364, 0.855, 0.8429, 0.8321, 0.8029, 0.8457, 0.8107], [0.7229, 0.715, 0.7171, 0.7014, 0.7164, 0.6579, 0.6614, 0.6779, 0.7086, 0.6093, 0.6086, 0.7, 0.7129, 0.7007, 0.6671, 0.7164, 0.6886, 0.7143, 0.7007, 0.6736, 0.5164, 0.6429, 0.67, 0.7214], [0.5693, 0.5743, 0.5786, 0.5736, 0.5757, 0.5757, 0.5786, 0.5421, 0.5771, 0.5757, 0.5743, 0.58, 0.5764, 0.5743, 0.575, 0.5557, 0.5786, 0.58, 0.575, 0.5693, 0.58, 0.5779, 0.5807, 0.5807], [0.3271, 0.4243, 0.3771, 0.4921, 0.3386, 0.4129, 0.3621, 0.3543, 0.2821, 0.2579, 0.2921, 0.4586, 0.4414, 0.4193, 0.285, 0.4, 0.3714, 0.3886, 0.3436, 0.3636, 0.2757, 0.5379, 0.3114, 0.4007], [0.6993, 0.7036, 0.6986, 0.6586, 0.7014, 0.7007, 0.6821, 0.705, 0.7043, 0.6936, 0.7, 0.71, 0.71, 0.7093, 0.7064, 0.71, 0.685, 0.67, 0.7171, 0.7057, 0.7093, 0.6914, 0.6971, 0.6164]]	
Results: 	[[0.6829, 0.68, 0.6679, 0.5136, 0.5486, 0.6721, 0.61, 0.6657, 0.6271, 0.685, 0.6521, 0.6707, 0.6786, 0.6564, 0.6836, 0.6329, 0.6693, 0.6507, 0.6543, 0.6664, 0.6607, 0.645, 0.6893, 0.6436, 0.64], [0.7743, 0.8071, 0.8121, 0.8429, 0.8664, 0.7886, 0.8329, 0.8221, 0.8521, 0.8157, 0.8014, 0.8007, 0.8271, 0.8543, 0.8436, 0.8307, 0.8086, 0.8364, 0.855, 0.8429, 0.8321, 0.8029, 0.8457, 0.8107, 0.73], [0.7229, 0.715, 0.7171, 0.7014, 0.7164, 0.6579, 0.6614, 0.6779, 0.7086, 0.6093, 0.6086, 0.7, 0.7129, 0.7007, 0.6671, 0.7164, 0.6886, 0.7143, 0.7007, 0.6736, 0.5164, 0.6429, 0.67, 0.7214, 0.6714], [0.5693, 0.5743, 0.5786, 0.5736, 0.5757, 0.5757, 0.5786, 0.5421, 0.5771, 0.5757, 0.5743, 0.58, 0.5764, 0.5743, 0.575, 0.5557, 0.5786, 0.58, 0.575, 0.5693, 0.58, 0.5779, 0.5807, 0.5807, 0.5793], [0.3271, 0.4243, 0.3771, 0.4921, 0.3386, 0.4129, 0.3621, 0.3543, 0.2821, 0.2579, 0.2921, 0.4586, 0.4414, 0.4193, 0.285, 0.4, 0.3714, 0.3886, 0.3436, 0.3636, 0.2757, 0.5379, 0.3114, 0.4007, 0.2971], [0.6993, 0.7036, 0.6986, 0.6586, 0.7014, 0.7007, 0.6821, 0.705, 0.7043, 0.6936, 0.7, 0.71, 0.71, 0.7093, 0.7064, 0.71, 0.685, 0.67, 0.7171, 0.7057, 0.7093, 0.6914, 0.6971, 0.6164, 0.68]]	
Results: 	[[0.6829, 0.68, 0.6679, 0.5136, 0.5486, 0.6721, 0.61, 0.6657, 0.6271, 0.685, 0.6521, 0.6707, 0.6786, 0.6564, 0.6836, 0.6329, 0.6693, 0.6507, 0.6543, 0.6664, 0.6607, 0.645, 0.6893, 0.6436, 0.64, 0.6857], [0.7743, 0.8071, 0.8121, 0.8429, 0.8664, 0.7886, 0.8329, 0.8221, 0.8521, 0.8157, 0.8014, 0.8007, 0.8271, 0.8543, 0.8436, 0.8307, 0.8086, 0.8364, 0.855, 0.8429, 0.8321, 0.8029, 0.8457, 0.8107, 0.73, 0.7914], [0.7229, 0.715, 0.7171, 0.7014, 0.7164, 0.6579, 0.6614, 0.6779, 0.7086, 0.6093, 0.6086, 0.7, 0.7129, 0.7007, 0.6671, 0.7164, 0.6886, 0.7143, 0.7007, 0.6736, 0.5164, 0.6429, 0.67, 0.7214, 0.6714, 0.7179], [0.5693, 0.5743, 0.5786, 0.5736, 0.5757, 0.5757, 0.5786, 0.5421, 0.5771, 0.5757, 0.5743, 0.58, 0.5764, 0.5743, 0.575, 0.5557, 0.5786, 0.58, 0.575, 0.5693, 0.58, 0.5779, 0.5807, 0.5807, 0.5793, 0.5764], [0.3271, 0.4243, 0.3771, 0.4921, 0.3386, 0.4129, 0.3621, 0.3543, 0.2821, 0.2579, 0.2921, 0.4586, 0.4414, 0.4193, 0.285, 0.4, 0.3714, 0.3886, 0.3436, 0.3636, 0.2757, 0.5379, 0.3114, 0.4007, 0.2971, 0.2907], [0.6993, 0.7036, 0.6986, 0.6586, 0.7014, 0.7007, 0.6821, 0.705, 0.7043, 0.6936, 0.7, 0.71, 0.71, 0.7093, 0.7064, 0.71, 0.685, 0.67, 0.7171, 0.7057, 0.7093, 0.6914, 0.6971, 0.6164, 0.68, 0.7064]]	
Results: 	[[0.6829, 0.68, 0.6679, 0.5136, 0.5486, 0.6721, 0.61, 0.6657, 0.6271, 0.685, 0.6521, 0.6707, 0.6786, 0.6564, 0.6836, 0.6329, 0.6693, 0.6507, 0.6543, 0.6664, 0.6607, 0.645, 0.6893, 0.6436, 0.64, 0.6857, 0.6807], [0.7743, 0.8071, 0.8121, 0.8429, 0.8664, 0.7886, 0.8329, 0.8221, 0.8521, 0.8157, 0.8014, 0.8007, 0.8271, 0.8543, 0.8436, 0.8307, 0.8086, 0.8364, 0.855, 0.8429, 0.8321, 0.8029, 0.8457, 0.8107, 0.73, 0.7914, 0.8421], [0.7229, 0.715, 0.7171, 0.7014, 0.7164, 0.6579, 0.6614, 0.6779, 0.7086, 0.6093, 0.6086, 0.7, 0.7129, 0.7007, 0.6671, 0.7164, 0.6886, 0.7143, 0.7007, 0.6736, 0.5164, 0.6429, 0.67, 0.7214, 0.6714, 0.7179, 0.7171], [0.5693, 0.5743, 0.5786, 0.5736, 0.5757, 0.5757, 0.5786, 0.5421, 0.5771, 0.5757, 0.5743, 0.58, 0.5764, 0.5743, 0.575, 0.5557, 0.5786, 0.58, 0.575, 0.5693, 0.58, 0.5779, 0.5807, 0.5807, 0.5793, 0.5764, 0.5836], [0.3271, 0.4243, 0.3771, 0.4921, 0.3386, 0.4129, 0.3621, 0.3543, 0.2821, 0.2579, 0.2921, 0.4586, 0.4414, 0.4193, 0.285, 0.4, 0.3714, 0.3886, 0.3436, 0.3636, 0.2757, 0.5379, 0.3114, 0.4007, 0.2971, 0.2907, 0.4136], [0.6993, 0.7036, 0.6986, 0.6586, 0.7014, 0.7007, 0.6821, 0.705, 0.7043, 0.6936, 0.7, 0.71, 0.71, 0.7093, 0.7064, 0.71, 0.685, 0.67, 0.7171, 0.7057, 0.7093, 0.6914, 0.6971, 0.6164, 0.68, 0.7064, 0.6993]]	
Results: 	[[0.6829, 0.68, 0.6679, 0.5136, 0.5486, 0.6721, 0.61, 0.6657, 0.6271, 0.685, 0.6521, 0.6707, 0.6786, 0.6564, 0.6836, 0.6329, 0.6693, 0.6507, 0.6543, 0.6664, 0.6607, 0.645, 0.6893, 0.6436, 0.64, 0.6857, 0.6807, 0.6286], [0.7743, 0.8071, 0.8121, 0.8429, 0.8664, 0.7886, 0.8329, 0.8221, 0.8521, 0.8157, 0.8014, 0.8007, 0.8271, 0.8543, 0.8436, 0.8307, 0.8086, 0.8364, 0.855, 0.8429, 0.8321, 0.8029, 0.8457, 0.8107, 0.73, 0.7914, 0.8421, 0.7979], [0.7229, 0.715, 0.7171, 0.7014, 0.7164, 0.6579, 0.6614, 0.6779, 0.7086, 0.6093, 0.6086, 0.7, 0.7129, 0.7007, 0.6671, 0.7164, 0.6886, 0.7143, 0.7007, 0.6736, 0.5164, 0.6429, 0.67, 0.7214, 0.6714, 0.7179, 0.7171, 0.7093], [0.5693, 0.5743, 0.5786, 0.5736, 0.5757, 0.5757, 0.5786, 0.5421, 0.5771, 0.5757, 0.5743, 0.58, 0.5764, 0.5743, 0.575, 0.5557, 0.5786, 0.58, 0.575, 0.5693, 0.58, 0.5779, 0.5807, 0.5807, 0.5793, 0.5764, 0.5836, 0.5771], [0.3271, 0.4243, 0.3771, 0.4921, 0.3386, 0.4129, 0.3621, 0.3543, 0.2821, 0.2579, 0.2921, 0.4586, 0.4414, 0.4193, 0.285, 0.4, 0.3714, 0.3886, 0.3436, 0.3636, 0.2757, 0.5379, 0.3114, 0.4007, 0.2971, 0.2907, 0.4136, 0.3443], [0.6993, 0.7036, 0.6986, 0.6586, 0.7014, 0.7007, 0.6821, 0.705, 0.7043, 0.6936, 0.7, 0.71, 0.71, 0.7093, 0.7064, 0.71, 0.685, 0.67, 0.7171, 0.7057, 0.7093, 0.6914, 0.6971, 0.6164, 0.68, 0.7064, 0.6993, 0.7093]]	
Results: 	[[0.6829, 0.68, 0.6679, 0.5136, 0.5486, 0.6721, 0.61, 0.6657, 0.6271, 0.685, 0.6521, 0.6707, 0.6786, 0.6564, 0.6836, 0.6329, 0.6693, 0.6507, 0.6543, 0.6664, 0.6607, 0.645, 0.6893, 0.6436, 0.64, 0.6857, 0.6807, 0.6286, 0.6771], [0.7743, 0.8071, 0.8121, 0.8429, 0.8664, 0.7886, 0.8329, 0.8221, 0.8521, 0.8157, 0.8014, 0.8007, 0.8271, 0.8543, 0.8436, 0.8307, 0.8086, 0.8364, 0.855, 0.8429, 0.8321, 0.8029, 0.8457, 0.8107, 0.73, 0.7914, 0.8421, 0.7979, 0.8493], [0.7229, 0.715, 0.7171, 0.7014, 0.7164, 0.6579, 0.6614, 0.6779, 0.7086, 0.6093, 0.6086, 0.7, 0.7129, 0.7007, 0.6671, 0.7164, 0.6886, 0.7143, 0.7007, 0.6736, 0.5164, 0.6429, 0.67, 0.7214, 0.6714, 0.7179, 0.7171, 0.7093, 0.6986], [0.5693, 0.5743, 0.5786, 0.5736, 0.5757, 0.5757, 0.5786, 0.5421, 0.5771, 0.5757, 0.5743, 0.58, 0.5764, 0.5743, 0.575, 0.5557, 0.5786, 0.58, 0.575, 0.5693, 0.58, 0.5779, 0.5807, 0.5807, 0.5793, 0.5764, 0.5836, 0.5771, 0.58], [0.3271, 0.4243, 0.3771, 0.4921, 0.3386, 0.4129, 0.3621, 0.3543, 0.2821, 0.2579, 0.2921, 0.4586, 0.4414, 0.4193, 0.285, 0.4, 0.3714, 0.3886, 0.3436, 0.3636, 0.2757, 0.5379, 0.3114, 0.4007, 0.2971, 0.2907, 0.4136, 0.3443, 0.2864], [0.6993, 0.7036, 0.6986, 0.6586, 0.7014, 0.7007, 0.6821, 0.705, 0.7043, 0.6936, 0.7, 0.71, 0.71, 0.7093, 0.7064, 0.71, 0.685, 0.67, 0.7171, 0.7057, 0.7093, 0.6914, 0.6971, 0.6164, 0.68, 0.7064, 0.6993, 0.7093, 0.5886]]	
Results: 	[[0.6829, 0.68, 0.6679, 0.5136, 0.5486, 0.6721, 0.61, 0.6657, 0.6271, 0.685, 0.6521, 0.6707, 0.6786, 0.6564, 0.6836, 0.6329, 0.6693, 0.6507, 0.6543, 0.6664, 0.6607, 0.645, 0.6893, 0.6436, 0.64, 0.6857, 0.6807, 0.6286, 0.6771, 0.6514], [0.7743, 0.8071, 0.8121, 0.8429, 0.8664, 0.7886, 0.8329, 0.8221, 0.8521, 0.8157, 0.8014, 0.8007, 0.8271, 0.8543, 0.8436, 0.8307, 0.8086, 0.8364, 0.855, 0.8429, 0.8321, 0.8029, 0.8457, 0.8107, 0.73, 0.7914, 0.8421, 0.7979, 0.8493, 0.8279], [0.7229, 0.715, 0.7171, 0.7014, 0.7164, 0.6579, 0.6614, 0.6779, 0.7086, 0.6093, 0.6086, 0.7, 0.7129, 0.7007, 0.6671, 0.7164, 0.6886, 0.7143, 0.7007, 0.6736, 0.5164, 0.6429, 0.67, 0.7214, 0.6714, 0.7179, 0.7171, 0.7093, 0.6986, 0.6986], [0.5693, 0.5743, 0.5786, 0.5736, 0.5757, 0.5757, 0.5786, 0.5421, 0.5771, 0.5757, 0.5743, 0.58, 0.5764, 0.5743, 0.575, 0.5557, 0.5786, 0.58, 0.575, 0.5693, 0.58, 0.5779, 0.5807, 0.5807, 0.5793, 0.5764, 0.5836, 0.5771, 0.58, 0.5871], [0.3271, 0.4243, 0.3771, 0.4921, 0.3386, 0.4129, 0.3621, 0.3543, 0.2821, 0.2579, 0.2921, 0.4586, 0.4414, 0.4193, 0.285, 0.4, 0.3714, 0.3886, 0.3436, 0.3636, 0.2757, 0.5379, 0.3114, 0.4007, 0.2971, 0.2907, 0.4136, 0.3443, 0.2864, 0.43], [0.6993, 0.7036, 0.6986, 0.6586, 0.7014, 0.7007, 0.6821, 0.705, 0.7043, 0.6936, 0.7, 0.71, 0.71, 0.7093, 0.7064, 0.71, 0.685, 0.67, 0.7171, 0.7057, 0.7093, 0.6914, 0.6971, 0.6164, 0.68, 0.7064, 0.6993, 0.7093, 0.5886, 0.6993]]
Support Sets: (Mean:0.6523333333333333, SD:0.03882790796297954) | 	Support Sets: (Mean:0.8214966666666667, SD:0.028707664281612096) | 	Support Sets: (Mean:0.68448, SD:0.0442915528647666) | 	Support Sets: (Mean:0.5754033333333334, SD:0.008270782948107906) | 	Support Sets: (Mean:0.3659966666666667, SD:0.06937288789370559) | 	Support Sets: (Mean:0.69226, SD:0.027738316583681713) | 	
