Results: 	[[0.6793], [0.7731], [0.6011]]	
Results: 	[[0.6793, 0.692], [0.7731, 0.6812], [0.6011, 0.6752]]	
Results: 	[[0.6793, 0.692, 0.7071], [0.7731, 0.6812, 0.4767], [0.6011, 0.6752, 0.7921]]	
Results: 	[[0.6793, 0.692, 0.7071, 0.805], [0.7731, 0.6812, 0.4767, 0.6579], [0.6011, 0.6752, 0.7921, 0.5983]]	
Results: 	[[0.6793, 0.692, 0.7071, 0.805, 0.6959], [0.7731, 0.6812, 0.4767, 0.6579, 0.8382], [0.6011, 0.6752, 0.7921, 0.5983, 0.6255]]	
Results: 	[[0.6793, 0.692, 0.7071, 0.805, 0.6959, 0.784], [0.7731, 0.6812, 0.4767, 0.6579, 0.8382, 0.6249], [0.6011, 0.6752, 0.7921, 0.5983, 0.6255, 0.5575]]	
Results: 	[[0.6793, 0.692, 0.7071, 0.805, 0.6959, 0.784, 0.8493], [0.7731, 0.6812, 0.4767, 0.6579, 0.8382, 0.6249, 0.6031], [0.6011, 0.6752, 0.7921, 0.5983, 0.6255, 0.5575, 0.6012]]	
Results: 	[[0.6793, 0.692, 0.7071, 0.805, 0.6959, 0.784, 0.8493, 0.7271], [0.7731, 0.6812, 0.4767, 0.6579, 0.8382, 0.6249, 0.6031, 0.6585], [0.6011, 0.6752, 0.7921, 0.5983, 0.6255, 0.5575, 0.6012, 0.5494]]	
Results: 	[[0.6793, 0.692, 0.7071, 0.805, 0.6959, 0.784, 0.8493, 0.7271, 0.5726], [0.7731, 0.6812, 0.4767, 0.6579, 0.8382, 0.6249, 0.6031, 0.6585, 0.8035], [0.6011, 0.6752, 0.7921, 0.5983, 0.6255, 0.5575, 0.6012, 0.5494, 0.5494]]	
Results: 	[[0.6793, 0.692, 0.7071, 0.805, 0.6959, 0.784, 0.8493, 0.7271, 0.5726, 0.6744], [0.7731, 0.6812, 0.4767, 0.6579, 0.8382, 0.6249, 0.6031, 0.6585, 0.8035, 0.6551], [0.6011, 0.6752, 0.7921, 0.5983, 0.6255, 0.5575, 0.6012, 0.5494, 0.5494, 0.5744]]	
Results: 	[[0.6793, 0.692, 0.7071, 0.805, 0.6959, 0.784, 0.8493, 0.7271, 0.5726, 0.6744, 0.7396], [0.7731, 0.6812, 0.4767, 0.6579, 0.8382, 0.6249, 0.6031, 0.6585, 0.8035, 0.6551, 0.8133], [0.6011, 0.6752, 0.7921, 0.5983, 0.6255, 0.5575, 0.6012, 0.5494, 0.5494, 0.5744, 0.4658]]	
Results: 	[[0.6793, 0.692, 0.7071, 0.805, 0.6959, 0.784, 0.8493, 0.7271, 0.5726, 0.6744, 0.7396, 0.7013], [0.7731, 0.6812, 0.4767, 0.6579, 0.8382, 0.6249, 0.6031, 0.6585, 0.8035, 0.6551, 0.8133, 0.6952], [0.6011, 0.6752, 0.7921, 0.5983, 0.6255, 0.5575, 0.6012, 0.5494, 0.5494, 0.5744, 0.4658, 0.4745]]	
Results: 	[[0.6793, 0.692, 0.7071, 0.805, 0.6959, 0.784, 0.8493, 0.7271, 0.5726, 0.6744, 0.7396, 0.7013, 0.5141], [0.7731, 0.6812, 0.4767, 0.6579, 0.8382, 0.6249, 0.6031, 0.6585, 0.8035, 0.6551, 0.8133, 0.6952, 0.7718], [0.6011, 0.6752, 0.7921, 0.5983, 0.6255, 0.5575, 0.6012, 0.5494, 0.5494, 0.5744, 0.4658, 0.4745, 0.5287]]	
Results: 	[[0.6793, 0.692, 0.7071, 0.805, 0.6959, 0.784, 0.8493, 0.7271, 0.5726, 0.6744, 0.7396, 0.7013, 0.5141, 0.6268], [0.7731, 0.6812, 0.4767, 0.6579, 0.8382, 0.6249, 0.6031, 0.6585, 0.8035, 0.6551, 0.8133, 0.6952, 0.7718, 0.6858], [0.6011, 0.6752, 0.7921, 0.5983, 0.6255, 0.5575, 0.6012, 0.5494, 0.5494, 0.5744, 0.4658, 0.4745, 0.5287, 0.6533]]	
Results: 	[[0.6793, 0.692, 0.7071, 0.805, 0.6959, 0.784, 0.8493, 0.7271, 0.5726, 0.6744, 0.7396, 0.7013, 0.5141, 0.6268, 0.5404], [0.7731, 0.6812, 0.4767, 0.6579, 0.8382, 0.6249, 0.6031, 0.6585, 0.8035, 0.6551, 0.8133, 0.6952, 0.7718, 0.6858, 0.5244], [0.6011, 0.6752, 0.7921, 0.5983, 0.6255, 0.5575, 0.6012, 0.5494, 0.5494, 0.5744, 0.4658, 0.4745, 0.5287, 0.6533, 0.5786]]	
Results: 	[[0.6793, 0.692, 0.7071, 0.805, 0.6959, 0.784, 0.8493, 0.7271, 0.5726, 0.6744, 0.7396, 0.7013, 0.5141, 0.6268, 0.5404, 0.6615], [0.7731, 0.6812, 0.4767, 0.6579, 0.8382, 0.6249, 0.6031, 0.6585, 0.8035, 0.6551, 0.8133, 0.6952, 0.7718, 0.6858, 0.5244, 0.7024], [0.6011, 0.6752, 0.7921, 0.5983, 0.6255, 0.5575, 0.6012, 0.5494, 0.5494, 0.5744, 0.4658, 0.4745, 0.5287, 0.6533, 0.5786, 0.8085]]	
Results: 	[[0.6793, 0.692, 0.7071, 0.805, 0.6959, 0.784, 0.8493, 0.7271, 0.5726, 0.6744, 0.7396, 0.7013, 0.5141, 0.6268, 0.5404, 0.6615, 0.8196], [0.7731, 0.6812, 0.4767, 0.6579, 0.8382, 0.6249, 0.6031, 0.6585, 0.8035, 0.6551, 0.8133, 0.6952, 0.7718, 0.6858, 0.5244, 0.7024, 0.756], [0.6011, 0.6752, 0.7921, 0.5983, 0.6255, 0.5575, 0.6012, 0.5494, 0.5494, 0.5744, 0.4658, 0.4745, 0.5287, 0.6533, 0.5786, 0.8085, 0.6769]]	
Results: 	[[0.6793, 0.692, 0.7071, 0.805, 0.6959, 0.784, 0.8493, 0.7271, 0.5726, 0.6744, 0.7396, 0.7013, 0.5141, 0.6268, 0.5404, 0.6615, 0.8196, 0.6397], [0.7731, 0.6812, 0.4767, 0.6579, 0.8382, 0.6249, 0.6031, 0.6585, 0.8035, 0.6551, 0.8133, 0.6952, 0.7718, 0.6858, 0.5244, 0.7024, 0.756, 0.6287], [0.6011, 0.6752, 0.7921, 0.5983, 0.6255, 0.5575, 0.6012, 0.5494, 0.5494, 0.5744, 0.4658, 0.4745, 0.5287, 0.6533, 0.5786, 0.8085, 0.6769, 0.6621]]	
Results: 	[[0.6793, 0.692, 0.7071, 0.805, 0.6959, 0.784, 0.8493, 0.7271, 0.5726, 0.6744, 0.7396, 0.7013, 0.5141, 0.6268, 0.5404, 0.6615, 0.8196, 0.6397, 0.7501], [0.7731, 0.6812, 0.4767, 0.6579, 0.8382, 0.6249, 0.6031, 0.6585, 0.8035, 0.6551, 0.8133, 0.6952, 0.7718, 0.6858, 0.5244, 0.7024, 0.756, 0.6287, 0.6366], [0.6011, 0.6752, 0.7921, 0.5983, 0.6255, 0.5575, 0.6012, 0.5494, 0.5494, 0.5744, 0.4658, 0.4745, 0.5287, 0.6533, 0.5786, 0.8085, 0.6769, 0.6621, 0.8143]]	
Results: 	[[0.6793, 0.692, 0.7071, 0.805, 0.6959, 0.784, 0.8493, 0.7271, 0.5726, 0.6744, 0.7396, 0.7013, 0.5141, 0.6268, 0.5404, 0.6615, 0.8196, 0.6397, 0.7501, 0.5004], [0.7731, 0.6812, 0.4767, 0.6579, 0.8382, 0.6249, 0.6031, 0.6585, 0.8035, 0.6551, 0.8133, 0.6952, 0.7718, 0.6858, 0.5244, 0.7024, 0.756, 0.6287, 0.6366, 0.8054], [0.6011, 0.6752, 0.7921, 0.5983, 0.6255, 0.5575, 0.6012, 0.5494, 0.5494, 0.5744, 0.4658, 0.4745, 0.5287, 0.6533, 0.5786, 0.8085, 0.6769, 0.6621, 0.8143, 0.7798]]	
Results: 	[[0.6793, 0.692, 0.7071, 0.805, 0.6959, 0.784, 0.8493, 0.7271, 0.5726, 0.6744, 0.7396, 0.7013, 0.5141, 0.6268, 0.5404, 0.6615, 0.8196, 0.6397, 0.7501, 0.5004, 0.3865], [0.7731, 0.6812, 0.4767, 0.6579, 0.8382, 0.6249, 0.6031, 0.6585, 0.8035, 0.6551, 0.8133, 0.6952, 0.7718, 0.6858, 0.5244, 0.7024, 0.756, 0.6287, 0.6366, 0.8054, 0.609], [0.6011, 0.6752, 0.7921, 0.5983, 0.6255, 0.5575, 0.6012, 0.5494, 0.5494, 0.5744, 0.4658, 0.4745, 0.5287, 0.6533, 0.5786, 0.8085, 0.6769, 0.6621, 0.8143, 0.7798, 0.6773]]	
Results: 	[[0.6793, 0.692, 0.7071, 0.805, 0.6959, 0.784, 0.8493, 0.7271, 0.5726, 0.6744, 0.7396, 0.7013, 0.5141, 0.6268, 0.5404, 0.6615, 0.8196, 0.6397, 0.7501, 0.5004, 0.3865, 0.5876], [0.7731, 0.6812, 0.4767, 0.6579, 0.8382, 0.6249, 0.6031, 0.6585, 0.8035, 0.6551, 0.8133, 0.6952, 0.7718, 0.6858, 0.5244, 0.7024, 0.756, 0.6287, 0.6366, 0.8054, 0.609, 0.733], [0.6011, 0.6752, 0.7921, 0.5983, 0.6255, 0.5575, 0.6012, 0.5494, 0.5494, 0.5744, 0.4658, 0.4745, 0.5287, 0.6533, 0.5786, 0.8085, 0.6769, 0.6621, 0.8143, 0.7798, 0.6773, 0.7975]]	
Results: 	[[0.6793, 0.692, 0.7071, 0.805, 0.6959, 0.784, 0.8493, 0.7271, 0.5726, 0.6744, 0.7396, 0.7013, 0.5141, 0.6268, 0.5404, 0.6615, 0.8196, 0.6397, 0.7501, 0.5004, 0.3865, 0.5876, 0.7167], [0.7731, 0.6812, 0.4767, 0.6579, 0.8382, 0.6249, 0.6031, 0.6585, 0.8035, 0.6551, 0.8133, 0.6952, 0.7718, 0.6858, 0.5244, 0.7024, 0.756, 0.6287, 0.6366, 0.8054, 0.609, 0.733, 0.7081], [0.6011, 0.6752, 0.7921, 0.5983, 0.6255, 0.5575, 0.6012, 0.5494, 0.5494, 0.5744, 0.4658, 0.4745, 0.5287, 0.6533, 0.5786, 0.8085, 0.6769, 0.6621, 0.8143, 0.7798, 0.6773, 0.7975, 0.7318]]	
Results: 	[[0.6793, 0.692, 0.7071, 0.805, 0.6959, 0.784, 0.8493, 0.7271, 0.5726, 0.6744, 0.7396, 0.7013, 0.5141, 0.6268, 0.5404, 0.6615, 0.8196, 0.6397, 0.7501, 0.5004, 0.3865, 0.5876, 0.7167, 0.5505], [0.7731, 0.6812, 0.4767, 0.6579, 0.8382, 0.6249, 0.6031, 0.6585, 0.8035, 0.6551, 0.8133, 0.6952, 0.7718, 0.6858, 0.5244, 0.7024, 0.756, 0.6287, 0.6366, 0.8054, 0.609, 0.733, 0.7081, 0.7781], [0.6011, 0.6752, 0.7921, 0.5983, 0.6255, 0.5575, 0.6012, 0.5494, 0.5494, 0.5744, 0.4658, 0.4745, 0.5287, 0.6533, 0.5786, 0.8085, 0.6769, 0.6621, 0.8143, 0.7798, 0.6773, 0.7975, 0.7318, 0.8081]]	
Results: 	[[0.6793, 0.692, 0.7071, 0.805, 0.6959, 0.784, 0.8493, 0.7271, 0.5726, 0.6744, 0.7396, 0.7013, 0.5141, 0.6268, 0.5404, 0.6615, 0.8196, 0.6397, 0.7501, 0.5004, 0.3865, 0.5876, 0.7167, 0.5505, 0.7136], [0.7731, 0.6812, 0.4767, 0.6579, 0.8382, 0.6249, 0.6031, 0.6585, 0.8035, 0.6551, 0.8133, 0.6952, 0.7718, 0.6858, 0.5244, 0.7024, 0.756, 0.6287, 0.6366, 0.8054, 0.609, 0.733, 0.7081, 0.7781, 0.639], [0.6011, 0.6752, 0.7921, 0.5983, 0.6255, 0.5575, 0.6012, 0.5494, 0.5494, 0.5744, 0.4658, 0.4745, 0.5287, 0.6533, 0.5786, 0.8085, 0.6769, 0.6621, 0.8143, 0.7798, 0.6773, 0.7975, 0.7318, 0.8081, 0.4435]]	
Results: 	[[0.6793, 0.692, 0.7071, 0.805, 0.6959, 0.784, 0.8493, 0.7271, 0.5726, 0.6744, 0.7396, 0.7013, 0.5141, 0.6268, 0.5404, 0.6615, 0.8196, 0.6397, 0.7501, 0.5004, 0.3865, 0.5876, 0.7167, 0.5505, 0.7136, 0.6593], [0.7731, 0.6812, 0.4767, 0.6579, 0.8382, 0.6249, 0.6031, 0.6585, 0.8035, 0.6551, 0.8133, 0.6952, 0.7718, 0.6858, 0.5244, 0.7024, 0.756, 0.6287, 0.6366, 0.8054, 0.609, 0.733, 0.7081, 0.7781, 0.639, 0.6758], [0.6011, 0.6752, 0.7921, 0.5983, 0.6255, 0.5575, 0.6012, 0.5494, 0.5494, 0.5744, 0.4658, 0.4745, 0.5287, 0.6533, 0.5786, 0.8085, 0.6769, 0.6621, 0.8143, 0.7798, 0.6773, 0.7975, 0.7318, 0.8081, 0.4435, 0.7248]]	
Results: 	[[0.6793, 0.692, 0.7071, 0.805, 0.6959, 0.784, 0.8493, 0.7271, 0.5726, 0.6744, 0.7396, 0.7013, 0.5141, 0.6268, 0.5404, 0.6615, 0.8196, 0.6397, 0.7501, 0.5004, 0.3865, 0.5876, 0.7167, 0.5505, 0.7136, 0.6593, 0.8193], [0.7731, 0.6812, 0.4767, 0.6579, 0.8382, 0.6249, 0.6031, 0.6585, 0.8035, 0.6551, 0.8133, 0.6952, 0.7718, 0.6858, 0.5244, 0.7024, 0.756, 0.6287, 0.6366, 0.8054, 0.609, 0.733, 0.7081, 0.7781, 0.639, 0.6758, 0.6845], [0.6011, 0.6752, 0.7921, 0.5983, 0.6255, 0.5575, 0.6012, 0.5494, 0.5494, 0.5744, 0.4658, 0.4745, 0.5287, 0.6533, 0.5786, 0.8085, 0.6769, 0.6621, 0.8143, 0.7798, 0.6773, 0.7975, 0.7318, 0.8081, 0.4435, 0.7248, 0.7275]]	
Results: 	[[0.6793, 0.692, 0.7071, 0.805, 0.6959, 0.784, 0.8493, 0.7271, 0.5726, 0.6744, 0.7396, 0.7013, 0.5141, 0.6268, 0.5404, 0.6615, 0.8196, 0.6397, 0.7501, 0.5004, 0.3865, 0.5876, 0.7167, 0.5505, 0.7136, 0.6593, 0.8193, 0.7354], [0.7731, 0.6812, 0.4767, 0.6579, 0.8382, 0.6249, 0.6031, 0.6585, 0.8035, 0.6551, 0.8133, 0.6952, 0.7718, 0.6858, 0.5244, 0.7024, 0.756, 0.6287, 0.6366, 0.8054, 0.609, 0.733, 0.7081, 0.7781, 0.639, 0.6758, 0.6845, 0.7927], [0.6011, 0.6752, 0.7921, 0.5983, 0.6255, 0.5575, 0.6012, 0.5494, 0.5494, 0.5744, 0.4658, 0.4745, 0.5287, 0.6533, 0.5786, 0.8085, 0.6769, 0.6621, 0.8143, 0.7798, 0.6773, 0.7975, 0.7318, 0.8081, 0.4435, 0.7248, 0.7275, 0.7775]]	
Results: 	[[0.6793, 0.692, 0.7071, 0.805, 0.6959, 0.784, 0.8493, 0.7271, 0.5726, 0.6744, 0.7396, 0.7013, 0.5141, 0.6268, 0.5404, 0.6615, 0.8196, 0.6397, 0.7501, 0.5004, 0.3865, 0.5876, 0.7167, 0.5505, 0.7136, 0.6593, 0.8193, 0.7354, 0.717], [0.7731, 0.6812, 0.4767, 0.6579, 0.8382, 0.6249, 0.6031, 0.6585, 0.8035, 0.6551, 0.8133, 0.6952, 0.7718, 0.6858, 0.5244, 0.7024, 0.756, 0.6287, 0.6366, 0.8054, 0.609, 0.733, 0.7081, 0.7781, 0.639, 0.6758, 0.6845, 0.7927, 0.6275], [0.6011, 0.6752, 0.7921, 0.5983, 0.6255, 0.5575, 0.6012, 0.5494, 0.5494, 0.5744, 0.4658, 0.4745, 0.5287, 0.6533, 0.5786, 0.8085, 0.6769, 0.6621, 0.8143, 0.7798, 0.6773, 0.7975, 0.7318, 0.8081, 0.4435, 0.7248, 0.7275, 0.7775, 0.728]]	
Results: 	[[0.6793, 0.692, 0.7071, 0.805, 0.6959, 0.784, 0.8493, 0.7271, 0.5726, 0.6744, 0.7396, 0.7013, 0.5141, 0.6268, 0.5404, 0.6615, 0.8196, 0.6397, 0.7501, 0.5004, 0.3865, 0.5876, 0.7167, 0.5505, 0.7136, 0.6593, 0.8193, 0.7354, 0.717, 0.5467], [0.7731, 0.6812, 0.4767, 0.6579, 0.8382, 0.6249, 0.6031, 0.6585, 0.8035, 0.6551, 0.8133, 0.6952, 0.7718, 0.6858, 0.5244, 0.7024, 0.756, 0.6287, 0.6366, 0.8054, 0.609, 0.733, 0.7081, 0.7781, 0.639, 0.6758, 0.6845, 0.7927, 0.6275, 0.7071], [0.6011, 0.6752, 0.7921, 0.5983, 0.6255, 0.5575, 0.6012, 0.5494, 0.5494, 0.5744, 0.4658, 0.4745, 0.5287, 0.6533, 0.5786, 0.8085, 0.6769, 0.6621, 0.8143, 0.7798, 0.6773, 0.7975, 0.7318, 0.8081, 0.4435, 0.7248, 0.7275, 0.7775, 0.728, 0.7152]]
Support Sets: (Mean:0.6704266666666666, SD:0.10759248446171173) | 	Support Sets: (Mean:0.6915533333333334, SD:0.08512865206438341) | 	Support Sets: (Mean:0.6565933333333334, SD:0.11009272873146633) | 	
