Results: 	[[0.673], [0.7872], [0.6745], [0.6362], [0.383], [0.7163]]	
Results: 	[[0.673, 0.6865], [0.7872, 0.7688], [0.6745, 0.7113], [0.6362, 0.627], [0.383, 0.3511], [0.7163, 0.7234]]	
Results: 	[[0.673, 0.6865, 0.6787], [0.7872, 0.7688, 0.7582], [0.6745, 0.7113, 0.6667], [0.6362, 0.627, 0.6057], [0.383, 0.3511, 0.3993], [0.7163, 0.7234, 0.7206]]	
Results: 	[[0.673, 0.6865, 0.6787, 0.6787], [0.7872, 0.7688, 0.7582, 0.8], [0.6745, 0.7113, 0.6667, 0.7028], [0.6362, 0.627, 0.6057, 0.6255], [0.383, 0.3511, 0.3993, 0.4085], [0.7163, 0.7234, 0.7206, 0.7199]]	
Results: 	[[0.673, 0.6865, 0.6787, 0.6787, 0.6936], [0.7872, 0.7688, 0.7582, 0.8, 0.7972], [0.6745, 0.7113, 0.6667, 0.7028, 0.6582], [0.6362, 0.627, 0.6057, 0.6255, 0.6113], [0.383, 0.3511, 0.3993, 0.4085, 0.3759], [0.7163, 0.7234, 0.7206, 0.7199, 0.7234]]	
Results: 	[[0.673, 0.6865, 0.6787, 0.6787, 0.6936, 0.695], [0.7872, 0.7688, 0.7582, 0.8, 0.7972, 0.7482], [0.6745, 0.7113, 0.6667, 0.7028, 0.6582, 0.7135], [0.6362, 0.627, 0.6057, 0.6255, 0.6113, 0.6291], [0.383, 0.3511, 0.3993, 0.4085, 0.3759, 0.383], [0.7163, 0.7234, 0.7206, 0.7199, 0.7234, 0.7135]]	
Results: 	[[0.673, 0.6865, 0.6787, 0.6787, 0.6936, 0.695, 0.683], [0.7872, 0.7688, 0.7582, 0.8, 0.7972, 0.7482, 0.7638], [0.6745, 0.7113, 0.6667, 0.7028, 0.6582, 0.7135, 0.7163], [0.6362, 0.627, 0.6057, 0.6255, 0.6113, 0.6291, 0.6028], [0.383, 0.3511, 0.3993, 0.4085, 0.3759, 0.383, 0.3716], [0.7163, 0.7234, 0.7206, 0.7199, 0.7234, 0.7135, 0.7241]]	
Results: 	[[0.673, 0.6865, 0.6787, 0.6787, 0.6936, 0.695, 0.683, 0.6745], [0.7872, 0.7688, 0.7582, 0.8, 0.7972, 0.7482, 0.7638, 0.756], [0.6745, 0.7113, 0.6667, 0.7028, 0.6582, 0.7135, 0.7163, 0.6993], [0.6362, 0.627, 0.6057, 0.6255, 0.6113, 0.6291, 0.6028, 0.6199], [0.383, 0.3511, 0.3993, 0.4085, 0.3759, 0.383, 0.3716, 0.3333], [0.7163, 0.7234, 0.7206, 0.7199, 0.7234, 0.7135, 0.7241, 0.7277]]	
Results: 	[[0.673, 0.6865, 0.6787, 0.6787, 0.6936, 0.695, 0.683, 0.6745, 0.6645], [0.7872, 0.7688, 0.7582, 0.8, 0.7972, 0.7482, 0.7638, 0.756, 0.7624], [0.6745, 0.7113, 0.6667, 0.7028, 0.6582, 0.7135, 0.7163, 0.6993, 0.7], [0.6362, 0.627, 0.6057, 0.6255, 0.6113, 0.6291, 0.6028, 0.6199, 0.6383], [0.383, 0.3511, 0.3993, 0.4085, 0.3759, 0.383, 0.3716, 0.3333, 0.3965], [0.7163, 0.7234, 0.7206, 0.7199, 0.7234, 0.7135, 0.7241, 0.7277, 0.7184]]	
Results: 	[[0.673, 0.6865, 0.6787, 0.6787, 0.6936, 0.695, 0.683, 0.6745, 0.6645, 0.6801], [0.7872, 0.7688, 0.7582, 0.8, 0.7972, 0.7482, 0.7638, 0.756, 0.7624, 0.7957], [0.6745, 0.7113, 0.6667, 0.7028, 0.6582, 0.7135, 0.7163, 0.6993, 0.7, 0.717], [0.6362, 0.627, 0.6057, 0.6255, 0.6113, 0.6291, 0.6028, 0.6199, 0.6383, 0.6028], [0.383, 0.3511, 0.3993, 0.4085, 0.3759, 0.383, 0.3716, 0.3333, 0.3965, 0.305], [0.7163, 0.7234, 0.7206, 0.7199, 0.7234, 0.7135, 0.7241, 0.7277, 0.7184, 0.7199]]	
Results: 	[[0.673, 0.6865, 0.6787, 0.6787, 0.6936, 0.695, 0.683, 0.6745, 0.6645, 0.6801, 0.6745], [0.7872, 0.7688, 0.7582, 0.8, 0.7972, 0.7482, 0.7638, 0.756, 0.7624, 0.7957, 0.7667], [0.6745, 0.7113, 0.6667, 0.7028, 0.6582, 0.7135, 0.7163, 0.6993, 0.7, 0.717, 0.7255], [0.6362, 0.627, 0.6057, 0.6255, 0.6113, 0.6291, 0.6028, 0.6199, 0.6383, 0.6028, 0.5979], [0.383, 0.3511, 0.3993, 0.4085, 0.3759, 0.383, 0.3716, 0.3333, 0.3965, 0.305, 0.4965], [0.7163, 0.7234, 0.7206, 0.7199, 0.7234, 0.7135, 0.7241, 0.7277, 0.7184, 0.7199, 0.7177]]	
Results: 	[[0.673, 0.6865, 0.6787, 0.6787, 0.6936, 0.695, 0.683, 0.6745, 0.6645, 0.6801, 0.6745, 0.683], [0.7872, 0.7688, 0.7582, 0.8, 0.7972, 0.7482, 0.7638, 0.756, 0.7624, 0.7957, 0.7667, 0.7574], [0.6745, 0.7113, 0.6667, 0.7028, 0.6582, 0.7135, 0.7163, 0.6993, 0.7, 0.717, 0.7255, 0.705], [0.6362, 0.627, 0.6057, 0.6255, 0.6113, 0.6291, 0.6028, 0.6199, 0.6383, 0.6028, 0.5979, 0.6113], [0.383, 0.3511, 0.3993, 0.4085, 0.3759, 0.383, 0.3716, 0.3333, 0.3965, 0.305, 0.4965, 0.3624], [0.7163, 0.7234, 0.7206, 0.7199, 0.7234, 0.7135, 0.7241, 0.7277, 0.7184, 0.7199, 0.7177, 0.7227]]	
Results: 	[[0.673, 0.6865, 0.6787, 0.6787, 0.6936, 0.695, 0.683, 0.6745, 0.6645, 0.6801, 0.6745, 0.683, 0.6766], [0.7872, 0.7688, 0.7582, 0.8, 0.7972, 0.7482, 0.7638, 0.756, 0.7624, 0.7957, 0.7667, 0.7574, 0.8043], [0.6745, 0.7113, 0.6667, 0.7028, 0.6582, 0.7135, 0.7163, 0.6993, 0.7, 0.717, 0.7255, 0.705, 0.6993], [0.6362, 0.627, 0.6057, 0.6255, 0.6113, 0.6291, 0.6028, 0.6199, 0.6383, 0.6028, 0.5979, 0.6113, 0.5979], [0.383, 0.3511, 0.3993, 0.4085, 0.3759, 0.383, 0.3716, 0.3333, 0.3965, 0.305, 0.4965, 0.3624, 0.444], [0.7163, 0.7234, 0.7206, 0.7199, 0.7234, 0.7135, 0.7241, 0.7277, 0.7184, 0.7199, 0.7177, 0.7227, 0.7206]]	
Results: 	[[0.673, 0.6865, 0.6787, 0.6787, 0.6936, 0.695, 0.683, 0.6745, 0.6645, 0.6801, 0.6745, 0.683, 0.6766, 0.6816], [0.7872, 0.7688, 0.7582, 0.8, 0.7972, 0.7482, 0.7638, 0.756, 0.7624, 0.7957, 0.7667, 0.7574, 0.8043, 0.8319], [0.6745, 0.7113, 0.6667, 0.7028, 0.6582, 0.7135, 0.7163, 0.6993, 0.7, 0.717, 0.7255, 0.705, 0.6993, 0.6865], [0.6362, 0.627, 0.6057, 0.6255, 0.6113, 0.6291, 0.6028, 0.6199, 0.6383, 0.6028, 0.5979, 0.6113, 0.5979, 0.6305], [0.383, 0.3511, 0.3993, 0.4085, 0.3759, 0.383, 0.3716, 0.3333, 0.3965, 0.305, 0.4965, 0.3624, 0.444, 0.344], [0.7163, 0.7234, 0.7206, 0.7199, 0.7234, 0.7135, 0.7241, 0.7277, 0.7184, 0.7199, 0.7177, 0.7227, 0.7206, 0.7213]]	
Results: 	[[0.673, 0.6865, 0.6787, 0.6787, 0.6936, 0.695, 0.683, 0.6745, 0.6645, 0.6801, 0.6745, 0.683, 0.6766, 0.6816, 0.6823], [0.7872, 0.7688, 0.7582, 0.8, 0.7972, 0.7482, 0.7638, 0.756, 0.7624, 0.7957, 0.7667, 0.7574, 0.8043, 0.8319, 0.7106], [0.6745, 0.7113, 0.6667, 0.7028, 0.6582, 0.7135, 0.7163, 0.6993, 0.7, 0.717, 0.7255, 0.705, 0.6993, 0.6865, 0.7163], [0.6362, 0.627, 0.6057, 0.6255, 0.6113, 0.6291, 0.6028, 0.6199, 0.6383, 0.6028, 0.5979, 0.6113, 0.5979, 0.6305, 0.6163], [0.383, 0.3511, 0.3993, 0.4085, 0.3759, 0.383, 0.3716, 0.3333, 0.3965, 0.305, 0.4965, 0.3624, 0.444, 0.344, 0.5277], [0.7163, 0.7234, 0.7206, 0.7199, 0.7234, 0.7135, 0.7241, 0.7277, 0.7184, 0.7199, 0.7177, 0.7227, 0.7206, 0.7213, 0.7028]]	
Results: 	[[0.673, 0.6865, 0.6787, 0.6787, 0.6936, 0.695, 0.683, 0.6745, 0.6645, 0.6801, 0.6745, 0.683, 0.6766, 0.6816, 0.6823, 0.6745], [0.7872, 0.7688, 0.7582, 0.8, 0.7972, 0.7482, 0.7638, 0.756, 0.7624, 0.7957, 0.7667, 0.7574, 0.8043, 0.8319, 0.7106, 0.7482], [0.6745, 0.7113, 0.6667, 0.7028, 0.6582, 0.7135, 0.7163, 0.6993, 0.7, 0.717, 0.7255, 0.705, 0.6993, 0.6865, 0.7163, 0.7113], [0.6362, 0.627, 0.6057, 0.6255, 0.6113, 0.6291, 0.6028, 0.6199, 0.6383, 0.6028, 0.5979, 0.6113, 0.5979, 0.6305, 0.6163, 0.6149], [0.383, 0.3511, 0.3993, 0.4085, 0.3759, 0.383, 0.3716, 0.3333, 0.3965, 0.305, 0.4965, 0.3624, 0.444, 0.344, 0.5277, 0.4823], [0.7163, 0.7234, 0.7206, 0.7199, 0.7234, 0.7135, 0.7241, 0.7277, 0.7184, 0.7199, 0.7177, 0.7227, 0.7206, 0.7213, 0.7028, 0.7241]]	
Results: 	[[0.673, 0.6865, 0.6787, 0.6787, 0.6936, 0.695, 0.683, 0.6745, 0.6645, 0.6801, 0.6745, 0.683, 0.6766, 0.6816, 0.6823, 0.6745, 0.6816], [0.7872, 0.7688, 0.7582, 0.8, 0.7972, 0.7482, 0.7638, 0.756, 0.7624, 0.7957, 0.7667, 0.7574, 0.8043, 0.8319, 0.7106, 0.7482, 0.7986], [0.6745, 0.7113, 0.6667, 0.7028, 0.6582, 0.7135, 0.7163, 0.6993, 0.7, 0.717, 0.7255, 0.705, 0.6993, 0.6865, 0.7163, 0.7113, 0.7234], [0.6362, 0.627, 0.6057, 0.6255, 0.6113, 0.6291, 0.6028, 0.6199, 0.6383, 0.6028, 0.5979, 0.6113, 0.5979, 0.6305, 0.6163, 0.6149, 0.5993], [0.383, 0.3511, 0.3993, 0.4085, 0.3759, 0.383, 0.3716, 0.3333, 0.3965, 0.305, 0.4965, 0.3624, 0.444, 0.344, 0.5277, 0.4823, 0.3745], [0.7163, 0.7234, 0.7206, 0.7199, 0.7234, 0.7135, 0.7241, 0.7277, 0.7184, 0.7199, 0.7177, 0.7227, 0.7206, 0.7213, 0.7028, 0.7241, 0.7071]]	
Results: 	[[0.673, 0.6865, 0.6787, 0.6787, 0.6936, 0.695, 0.683, 0.6745, 0.6645, 0.6801, 0.6745, 0.683, 0.6766, 0.6816, 0.6823, 0.6745, 0.6816, 0.673], [0.7872, 0.7688, 0.7582, 0.8, 0.7972, 0.7482, 0.7638, 0.756, 0.7624, 0.7957, 0.7667, 0.7574, 0.8043, 0.8319, 0.7106, 0.7482, 0.7986, 0.7262], [0.6745, 0.7113, 0.6667, 0.7028, 0.6582, 0.7135, 0.7163, 0.6993, 0.7, 0.717, 0.7255, 0.705, 0.6993, 0.6865, 0.7163, 0.7113, 0.7234, 0.7071], [0.6362, 0.627, 0.6057, 0.6255, 0.6113, 0.6291, 0.6028, 0.6199, 0.6383, 0.6028, 0.5979, 0.6113, 0.5979, 0.6305, 0.6163, 0.6149, 0.5993, 0.6099], [0.383, 0.3511, 0.3993, 0.4085, 0.3759, 0.383, 0.3716, 0.3333, 0.3965, 0.305, 0.4965, 0.3624, 0.444, 0.344, 0.5277, 0.4823, 0.3745, 0.4092], [0.7163, 0.7234, 0.7206, 0.7199, 0.7234, 0.7135, 0.7241, 0.7277, 0.7184, 0.7199, 0.7177, 0.7227, 0.7206, 0.7213, 0.7028, 0.7241, 0.7071, 0.7206]]	
Results: 	[[0.673, 0.6865, 0.6787, 0.6787, 0.6936, 0.695, 0.683, 0.6745, 0.6645, 0.6801, 0.6745, 0.683, 0.6766, 0.6816, 0.6823, 0.6745, 0.6816, 0.673, 0.6844], [0.7872, 0.7688, 0.7582, 0.8, 0.7972, 0.7482, 0.7638, 0.756, 0.7624, 0.7957, 0.7667, 0.7574, 0.8043, 0.8319, 0.7106, 0.7482, 0.7986, 0.7262, 0.8518], [0.6745, 0.7113, 0.6667, 0.7028, 0.6582, 0.7135, 0.7163, 0.6993, 0.7, 0.717, 0.7255, 0.705, 0.6993, 0.6865, 0.7163, 0.7113, 0.7234, 0.7071, 0.683], [0.6362, 0.627, 0.6057, 0.6255, 0.6113, 0.6291, 0.6028, 0.6199, 0.6383, 0.6028, 0.5979, 0.6113, 0.5979, 0.6305, 0.6163, 0.6149, 0.5993, 0.6099, 0.6255], [0.383, 0.3511, 0.3993, 0.4085, 0.3759, 0.383, 0.3716, 0.3333, 0.3965, 0.305, 0.4965, 0.3624, 0.444, 0.344, 0.5277, 0.4823, 0.3745, 0.4092, 0.3716], [0.7163, 0.7234, 0.7206, 0.7199, 0.7234, 0.7135, 0.7241, 0.7277, 0.7184, 0.7199, 0.7177, 0.7227, 0.7206, 0.7213, 0.7028, 0.7241, 0.7071, 0.7206, 0.7121]]	
Results: 	[[0.673, 0.6865, 0.6787, 0.6787, 0.6936, 0.695, 0.683, 0.6745, 0.6645, 0.6801, 0.6745, 0.683, 0.6766, 0.6816, 0.6823, 0.6745, 0.6816, 0.673, 0.6844, 0.6965], [0.7872, 0.7688, 0.7582, 0.8, 0.7972, 0.7482, 0.7638, 0.756, 0.7624, 0.7957, 0.7667, 0.7574, 0.8043, 0.8319, 0.7106, 0.7482, 0.7986, 0.7262, 0.8518, 0.8191], [0.6745, 0.7113, 0.6667, 0.7028, 0.6582, 0.7135, 0.7163, 0.6993, 0.7, 0.717, 0.7255, 0.705, 0.6993, 0.6865, 0.7163, 0.7113, 0.7234, 0.7071, 0.683, 0.7163], [0.6362, 0.627, 0.6057, 0.6255, 0.6113, 0.6291, 0.6028, 0.6199, 0.6383, 0.6028, 0.5979, 0.6113, 0.5979, 0.6305, 0.6163, 0.6149, 0.5993, 0.6099, 0.6255, 0.6333], [0.383, 0.3511, 0.3993, 0.4085, 0.3759, 0.383, 0.3716, 0.3333, 0.3965, 0.305, 0.4965, 0.3624, 0.444, 0.344, 0.5277, 0.4823, 0.3745, 0.4092, 0.3716, 0.3922], [0.7163, 0.7234, 0.7206, 0.7199, 0.7234, 0.7135, 0.7241, 0.7277, 0.7184, 0.7199, 0.7177, 0.7227, 0.7206, 0.7213, 0.7028, 0.7241, 0.7071, 0.7206, 0.7121, 0.7184]]	
Results: 	[[0.673, 0.6865, 0.6787, 0.6787, 0.6936, 0.695, 0.683, 0.6745, 0.6645, 0.6801, 0.6745, 0.683, 0.6766, 0.6816, 0.6823, 0.6745, 0.6816, 0.673, 0.6844, 0.6965, 0.6865], [0.7872, 0.7688, 0.7582, 0.8, 0.7972, 0.7482, 0.7638, 0.756, 0.7624, 0.7957, 0.7667, 0.7574, 0.8043, 0.8319, 0.7106, 0.7482, 0.7986, 0.7262, 0.8518, 0.8191, 0.7745], [0.6745, 0.7113, 0.6667, 0.7028, 0.6582, 0.7135, 0.7163, 0.6993, 0.7, 0.717, 0.7255, 0.705, 0.6993, 0.6865, 0.7163, 0.7113, 0.7234, 0.7071, 0.683, 0.7163, 0.6681], [0.6362, 0.627, 0.6057, 0.6255, 0.6113, 0.6291, 0.6028, 0.6199, 0.6383, 0.6028, 0.5979, 0.6113, 0.5979, 0.6305, 0.6163, 0.6149, 0.5993, 0.6099, 0.6255, 0.6333, 0.6142], [0.383, 0.3511, 0.3993, 0.4085, 0.3759, 0.383, 0.3716, 0.3333, 0.3965, 0.305, 0.4965, 0.3624, 0.444, 0.344, 0.5277, 0.4823, 0.3745, 0.4092, 0.3716, 0.3922, 0.4369], [0.7163, 0.7234, 0.7206, 0.7199, 0.7234, 0.7135, 0.7241, 0.7277, 0.7184, 0.7199, 0.7177, 0.7227, 0.7206, 0.7213, 0.7028, 0.7241, 0.7071, 0.7206, 0.7121, 0.7184, 0.7241]]	
Results: 	[[0.673, 0.6865, 0.6787, 0.6787, 0.6936, 0.695, 0.683, 0.6745, 0.6645, 0.6801, 0.6745, 0.683, 0.6766, 0.6816, 0.6823, 0.6745, 0.6816, 0.673, 0.6844, 0.6965, 0.6865, 0.6922], [0.7872, 0.7688, 0.7582, 0.8, 0.7972, 0.7482, 0.7638, 0.756, 0.7624, 0.7957, 0.7667, 0.7574, 0.8043, 0.8319, 0.7106, 0.7482, 0.7986, 0.7262, 0.8518, 0.8191, 0.7745, 0.8312], [0.6745, 0.7113, 0.6667, 0.7028, 0.6582, 0.7135, 0.7163, 0.6993, 0.7, 0.717, 0.7255, 0.705, 0.6993, 0.6865, 0.7163, 0.7113, 0.7234, 0.7071, 0.683, 0.7163, 0.6681, 0.6809], [0.6362, 0.627, 0.6057, 0.6255, 0.6113, 0.6291, 0.6028, 0.6199, 0.6383, 0.6028, 0.5979, 0.6113, 0.5979, 0.6305, 0.6163, 0.6149, 0.5993, 0.6099, 0.6255, 0.6333, 0.6142, 0.6021], [0.383, 0.3511, 0.3993, 0.4085, 0.3759, 0.383, 0.3716, 0.3333, 0.3965, 0.305, 0.4965, 0.3624, 0.444, 0.344, 0.5277, 0.4823, 0.3745, 0.4092, 0.3716, 0.3922, 0.4369, 0.4085], [0.7163, 0.7234, 0.7206, 0.7199, 0.7234, 0.7135, 0.7241, 0.7277, 0.7184, 0.7199, 0.7177, 0.7227, 0.7206, 0.7213, 0.7028, 0.7241, 0.7071, 0.7206, 0.7121, 0.7184, 0.7241, 0.7163]]	
Results: 	[[0.673, 0.6865, 0.6787, 0.6787, 0.6936, 0.695, 0.683, 0.6745, 0.6645, 0.6801, 0.6745, 0.683, 0.6766, 0.6816, 0.6823, 0.6745, 0.6816, 0.673, 0.6844, 0.6965, 0.6865, 0.6922, 0.6894], [0.7872, 0.7688, 0.7582, 0.8, 0.7972, 0.7482, 0.7638, 0.756, 0.7624, 0.7957, 0.7667, 0.7574, 0.8043, 0.8319, 0.7106, 0.7482, 0.7986, 0.7262, 0.8518, 0.8191, 0.7745, 0.8312, 0.7716], [0.6745, 0.7113, 0.6667, 0.7028, 0.6582, 0.7135, 0.7163, 0.6993, 0.7, 0.717, 0.7255, 0.705, 0.6993, 0.6865, 0.7163, 0.7113, 0.7234, 0.7071, 0.683, 0.7163, 0.6681, 0.6809, 0.705], [0.6362, 0.627, 0.6057, 0.6255, 0.6113, 0.6291, 0.6028, 0.6199, 0.6383, 0.6028, 0.5979, 0.6113, 0.5979, 0.6305, 0.6163, 0.6149, 0.5993, 0.6099, 0.6255, 0.6333, 0.6142, 0.6021, 0.6128], [0.383, 0.3511, 0.3993, 0.4085, 0.3759, 0.383, 0.3716, 0.3333, 0.3965, 0.305, 0.4965, 0.3624, 0.444, 0.344, 0.5277, 0.4823, 0.3745, 0.4092, 0.3716, 0.3922, 0.4369, 0.4085, 0.3922], [0.7163, 0.7234, 0.7206, 0.7199, 0.7234, 0.7135, 0.7241, 0.7277, 0.7184, 0.7199, 0.7177, 0.7227, 0.7206, 0.7213, 0.7028, 0.7241, 0.7071, 0.7206, 0.7121, 0.7184, 0.7241, 0.7163, 0.7184]]	
Results: 	[[0.673, 0.6865, 0.6787, 0.6787, 0.6936, 0.695, 0.683, 0.6745, 0.6645, 0.6801, 0.6745, 0.683, 0.6766, 0.6816, 0.6823, 0.6745, 0.6816, 0.673, 0.6844, 0.6965, 0.6865, 0.6922, 0.6894, 0.673], [0.7872, 0.7688, 0.7582, 0.8, 0.7972, 0.7482, 0.7638, 0.756, 0.7624, 0.7957, 0.7667, 0.7574, 0.8043, 0.8319, 0.7106, 0.7482, 0.7986, 0.7262, 0.8518, 0.8191, 0.7745, 0.8312, 0.7716, 0.7248], [0.6745, 0.7113, 0.6667, 0.7028, 0.6582, 0.7135, 0.7163, 0.6993, 0.7, 0.717, 0.7255, 0.705, 0.6993, 0.6865, 0.7163, 0.7113, 0.7234, 0.7071, 0.683, 0.7163, 0.6681, 0.6809, 0.705, 0.7099], [0.6362, 0.627, 0.6057, 0.6255, 0.6113, 0.6291, 0.6028, 0.6199, 0.6383, 0.6028, 0.5979, 0.6113, 0.5979, 0.6305, 0.6163, 0.6149, 0.5993, 0.6099, 0.6255, 0.6333, 0.6142, 0.6021, 0.6128, 0.6163], [0.383, 0.3511, 0.3993, 0.4085, 0.3759, 0.383, 0.3716, 0.3333, 0.3965, 0.305, 0.4965, 0.3624, 0.444, 0.344, 0.5277, 0.4823, 0.3745, 0.4092, 0.3716, 0.3922, 0.4369, 0.4085, 0.3922, 0.4333], [0.7163, 0.7234, 0.7206, 0.7199, 0.7234, 0.7135, 0.7241, 0.7277, 0.7184, 0.7199, 0.7177, 0.7227, 0.7206, 0.7213, 0.7028, 0.7241, 0.7071, 0.7206, 0.7121, 0.7184, 0.7241, 0.7163, 0.7184, 0.7149]]	
Results: 	[[0.673, 0.6865, 0.6787, 0.6787, 0.6936, 0.695, 0.683, 0.6745, 0.6645, 0.6801, 0.6745, 0.683, 0.6766, 0.6816, 0.6823, 0.6745, 0.6816, 0.673, 0.6844, 0.6965, 0.6865, 0.6922, 0.6894, 0.673, 0.6858], [0.7872, 0.7688, 0.7582, 0.8, 0.7972, 0.7482, 0.7638, 0.756, 0.7624, 0.7957, 0.7667, 0.7574, 0.8043, 0.8319, 0.7106, 0.7482, 0.7986, 0.7262, 0.8518, 0.8191, 0.7745, 0.8312, 0.7716, 0.7248, 0.7184], [0.6745, 0.7113, 0.6667, 0.7028, 0.6582, 0.7135, 0.7163, 0.6993, 0.7, 0.717, 0.7255, 0.705, 0.6993, 0.6865, 0.7163, 0.7113, 0.7234, 0.7071, 0.683, 0.7163, 0.6681, 0.6809, 0.705, 0.7099, 0.7227], [0.6362, 0.627, 0.6057, 0.6255, 0.6113, 0.6291, 0.6028, 0.6199, 0.6383, 0.6028, 0.5979, 0.6113, 0.5979, 0.6305, 0.6163, 0.6149, 0.5993, 0.6099, 0.6255, 0.6333, 0.6142, 0.6021, 0.6128, 0.6163, 0.6298], [0.383, 0.3511, 0.3993, 0.4085, 0.3759, 0.383, 0.3716, 0.3333, 0.3965, 0.305, 0.4965, 0.3624, 0.444, 0.344, 0.5277, 0.4823, 0.3745, 0.4092, 0.3716, 0.3922, 0.4369, 0.4085, 0.3922, 0.4333, 0.3879], [0.7163, 0.7234, 0.7206, 0.7199, 0.7234, 0.7135, 0.7241, 0.7277, 0.7184, 0.7199, 0.7177, 0.7227, 0.7206, 0.7213, 0.7028, 0.7241, 0.7071, 0.7206, 0.7121, 0.7184, 0.7241, 0.7163, 0.7184, 0.7149, 0.7277]]	
Results: 	[[0.673, 0.6865, 0.6787, 0.6787, 0.6936, 0.695, 0.683, 0.6745, 0.6645, 0.6801, 0.6745, 0.683, 0.6766, 0.6816, 0.6823, 0.6745, 0.6816, 0.673, 0.6844, 0.6965, 0.6865, 0.6922, 0.6894, 0.673, 0.6858, 0.666], [0.7872, 0.7688, 0.7582, 0.8, 0.7972, 0.7482, 0.7638, 0.756, 0.7624, 0.7957, 0.7667, 0.7574, 0.8043, 0.8319, 0.7106, 0.7482, 0.7986, 0.7262, 0.8518, 0.8191, 0.7745, 0.8312, 0.7716, 0.7248, 0.7184, 0.7319], [0.6745, 0.7113, 0.6667, 0.7028, 0.6582, 0.7135, 0.7163, 0.6993, 0.7, 0.717, 0.7255, 0.705, 0.6993, 0.6865, 0.7163, 0.7113, 0.7234, 0.7071, 0.683, 0.7163, 0.6681, 0.6809, 0.705, 0.7099, 0.7227, 0.6879], [0.6362, 0.627, 0.6057, 0.6255, 0.6113, 0.6291, 0.6028, 0.6199, 0.6383, 0.6028, 0.5979, 0.6113, 0.5979, 0.6305, 0.6163, 0.6149, 0.5993, 0.6099, 0.6255, 0.6333, 0.6142, 0.6021, 0.6128, 0.6163, 0.6298, 0.6227], [0.383, 0.3511, 0.3993, 0.4085, 0.3759, 0.383, 0.3716, 0.3333, 0.3965, 0.305, 0.4965, 0.3624, 0.444, 0.344, 0.5277, 0.4823, 0.3745, 0.4092, 0.3716, 0.3922, 0.4369, 0.4085, 0.3922, 0.4333, 0.3879, 0.3695], [0.7163, 0.7234, 0.7206, 0.7199, 0.7234, 0.7135, 0.7241, 0.7277, 0.7184, 0.7199, 0.7177, 0.7227, 0.7206, 0.7213, 0.7028, 0.7241, 0.7071, 0.7206, 0.7121, 0.7184, 0.7241, 0.7163, 0.7184, 0.7149, 0.7277, 0.7234]]	
Results: 	[[0.673, 0.6865, 0.6787, 0.6787, 0.6936, 0.695, 0.683, 0.6745, 0.6645, 0.6801, 0.6745, 0.683, 0.6766, 0.6816, 0.6823, 0.6745, 0.6816, 0.673, 0.6844, 0.6965, 0.6865, 0.6922, 0.6894, 0.673, 0.6858, 0.666, 0.6738], [0.7872, 0.7688, 0.7582, 0.8, 0.7972, 0.7482, 0.7638, 0.756, 0.7624, 0.7957, 0.7667, 0.7574, 0.8043, 0.8319, 0.7106, 0.7482, 0.7986, 0.7262, 0.8518, 0.8191, 0.7745, 0.8312, 0.7716, 0.7248, 0.7184, 0.7319, 0.6986], [0.6745, 0.7113, 0.6667, 0.7028, 0.6582, 0.7135, 0.7163, 0.6993, 0.7, 0.717, 0.7255, 0.705, 0.6993, 0.6865, 0.7163, 0.7113, 0.7234, 0.7071, 0.683, 0.7163, 0.6681, 0.6809, 0.705, 0.7099, 0.7227, 0.6879, 0.6447], [0.6362, 0.627, 0.6057, 0.6255, 0.6113, 0.6291, 0.6028, 0.6199, 0.6383, 0.6028, 0.5979, 0.6113, 0.5979, 0.6305, 0.6163, 0.6149, 0.5993, 0.6099, 0.6255, 0.6333, 0.6142, 0.6021, 0.6128, 0.6163, 0.6298, 0.6227, 0.622], [0.383, 0.3511, 0.3993, 0.4085, 0.3759, 0.383, 0.3716, 0.3333, 0.3965, 0.305, 0.4965, 0.3624, 0.444, 0.344, 0.5277, 0.4823, 0.3745, 0.4092, 0.3716, 0.3922, 0.4369, 0.4085, 0.3922, 0.4333, 0.3879, 0.3695, 0.3532], [0.7163, 0.7234, 0.7206, 0.7199, 0.7234, 0.7135, 0.7241, 0.7277, 0.7184, 0.7199, 0.7177, 0.7227, 0.7206, 0.7213, 0.7028, 0.7241, 0.7071, 0.7206, 0.7121, 0.7184, 0.7241, 0.7163, 0.7184, 0.7149, 0.7277, 0.7234, 0.6936]]	
Results: 	[[0.673, 0.6865, 0.6787, 0.6787, 0.6936, 0.695, 0.683, 0.6745, 0.6645, 0.6801, 0.6745, 0.683, 0.6766, 0.6816, 0.6823, 0.6745, 0.6816, 0.673, 0.6844, 0.6965, 0.6865, 0.6922, 0.6894, 0.673, 0.6858, 0.666, 0.6738, 0.6674], [0.7872, 0.7688, 0.7582, 0.8, 0.7972, 0.7482, 0.7638, 0.756, 0.7624, 0.7957, 0.7667, 0.7574, 0.8043, 0.8319, 0.7106, 0.7482, 0.7986, 0.7262, 0.8518, 0.8191, 0.7745, 0.8312, 0.7716, 0.7248, 0.7184, 0.7319, 0.6986, 0.7518], [0.6745, 0.7113, 0.6667, 0.7028, 0.6582, 0.7135, 0.7163, 0.6993, 0.7, 0.717, 0.7255, 0.705, 0.6993, 0.6865, 0.7163, 0.7113, 0.7234, 0.7071, 0.683, 0.7163, 0.6681, 0.6809, 0.705, 0.7099, 0.7227, 0.6879, 0.6447, 0.7149], [0.6362, 0.627, 0.6057, 0.6255, 0.6113, 0.6291, 0.6028, 0.6199, 0.6383, 0.6028, 0.5979, 0.6113, 0.5979, 0.6305, 0.6163, 0.6149, 0.5993, 0.6099, 0.6255, 0.6333, 0.6142, 0.6021, 0.6128, 0.6163, 0.6298, 0.6227, 0.622, 0.6085], [0.383, 0.3511, 0.3993, 0.4085, 0.3759, 0.383, 0.3716, 0.3333, 0.3965, 0.305, 0.4965, 0.3624, 0.444, 0.344, 0.5277, 0.4823, 0.3745, 0.4092, 0.3716, 0.3922, 0.4369, 0.4085, 0.3922, 0.4333, 0.3879, 0.3695, 0.3532, 0.439], [0.7163, 0.7234, 0.7206, 0.7199, 0.7234, 0.7135, 0.7241, 0.7277, 0.7184, 0.7199, 0.7177, 0.7227, 0.7206, 0.7213, 0.7028, 0.7241, 0.7071, 0.7206, 0.7121, 0.7184, 0.7241, 0.7163, 0.7184, 0.7149, 0.7277, 0.7234, 0.6936, 0.7135]]	
Results: 	[[0.673, 0.6865, 0.6787, 0.6787, 0.6936, 0.695, 0.683, 0.6745, 0.6645, 0.6801, 0.6745, 0.683, 0.6766, 0.6816, 0.6823, 0.6745, 0.6816, 0.673, 0.6844, 0.6965, 0.6865, 0.6922, 0.6894, 0.673, 0.6858, 0.666, 0.6738, 0.6674, 0.6851], [0.7872, 0.7688, 0.7582, 0.8, 0.7972, 0.7482, 0.7638, 0.756, 0.7624, 0.7957, 0.7667, 0.7574, 0.8043, 0.8319, 0.7106, 0.7482, 0.7986, 0.7262, 0.8518, 0.8191, 0.7745, 0.8312, 0.7716, 0.7248, 0.7184, 0.7319, 0.6986, 0.7518, 0.7674], [0.6745, 0.7113, 0.6667, 0.7028, 0.6582, 0.7135, 0.7163, 0.6993, 0.7, 0.717, 0.7255, 0.705, 0.6993, 0.6865, 0.7163, 0.7113, 0.7234, 0.7071, 0.683, 0.7163, 0.6681, 0.6809, 0.705, 0.7099, 0.7227, 0.6879, 0.6447, 0.7149, 0.7099], [0.6362, 0.627, 0.6057, 0.6255, 0.6113, 0.6291, 0.6028, 0.6199, 0.6383, 0.6028, 0.5979, 0.6113, 0.5979, 0.6305, 0.6163, 0.6149, 0.5993, 0.6099, 0.6255, 0.6333, 0.6142, 0.6021, 0.6128, 0.6163, 0.6298, 0.6227, 0.622, 0.6085, 0.6206], [0.383, 0.3511, 0.3993, 0.4085, 0.3759, 0.383, 0.3716, 0.3333, 0.3965, 0.305, 0.4965, 0.3624, 0.444, 0.344, 0.5277, 0.4823, 0.3745, 0.4092, 0.3716, 0.3922, 0.4369, 0.4085, 0.3922, 0.4333, 0.3879, 0.3695, 0.3532, 0.439, 0.4376], [0.7163, 0.7234, 0.7206, 0.7199, 0.7234, 0.7135, 0.7241, 0.7277, 0.7184, 0.7199, 0.7177, 0.7227, 0.7206, 0.7213, 0.7028, 0.7241, 0.7071, 0.7206, 0.7121, 0.7184, 0.7241, 0.7163, 0.7184, 0.7149, 0.7277, 0.7234, 0.6936, 0.7135, 0.6972]]	
Results: 	[[0.673, 0.6865, 0.6787, 0.6787, 0.6936, 0.695, 0.683, 0.6745, 0.6645, 0.6801, 0.6745, 0.683, 0.6766, 0.6816, 0.6823, 0.6745, 0.6816, 0.673, 0.6844, 0.6965, 0.6865, 0.6922, 0.6894, 0.673, 0.6858, 0.666, 0.6738, 0.6674, 0.6851, 0.6787], [0.7872, 0.7688, 0.7582, 0.8, 0.7972, 0.7482, 0.7638, 0.756, 0.7624, 0.7957, 0.7667, 0.7574, 0.8043, 0.8319, 0.7106, 0.7482, 0.7986, 0.7262, 0.8518, 0.8191, 0.7745, 0.8312, 0.7716, 0.7248, 0.7184, 0.7319, 0.6986, 0.7518, 0.7674, 0.7092], [0.6745, 0.7113, 0.6667, 0.7028, 0.6582, 0.7135, 0.7163, 0.6993, 0.7, 0.717, 0.7255, 0.705, 0.6993, 0.6865, 0.7163, 0.7113, 0.7234, 0.7071, 0.683, 0.7163, 0.6681, 0.6809, 0.705, 0.7099, 0.7227, 0.6879, 0.6447, 0.7149, 0.7099, 0.7064], [0.6362, 0.627, 0.6057, 0.6255, 0.6113, 0.6291, 0.6028, 0.6199, 0.6383, 0.6028, 0.5979, 0.6113, 0.5979, 0.6305, 0.6163, 0.6149, 0.5993, 0.6099, 0.6255, 0.6333, 0.6142, 0.6021, 0.6128, 0.6163, 0.6298, 0.6227, 0.622, 0.6085, 0.6206, 0.6071], [0.383, 0.3511, 0.3993, 0.4085, 0.3759, 0.383, 0.3716, 0.3333, 0.3965, 0.305, 0.4965, 0.3624, 0.444, 0.344, 0.5277, 0.4823, 0.3745, 0.4092, 0.3716, 0.3922, 0.4369, 0.4085, 0.3922, 0.4333, 0.3879, 0.3695, 0.3532, 0.439, 0.4376, 0.3546], [0.7163, 0.7234, 0.7206, 0.7199, 0.7234, 0.7135, 0.7241, 0.7277, 0.7184, 0.7199, 0.7177, 0.7227, 0.7206, 0.7213, 0.7028, 0.7241, 0.7071, 0.7206, 0.7121, 0.7184, 0.7241, 0.7163, 0.7184, 0.7149, 0.7277, 0.7234, 0.6936, 0.7135, 0.6972, 0.7163]]
Support Sets: (Mean:0.68045, SD:0.008290199864484779) | 	Support Sets: (Mean:0.7677233333333333, SD:0.03869716806294685) | 	Support Sets: (Mean:0.6994566666666666, SD:0.020645374923869187) | 	Support Sets: (Mean:0.6163833333333333, SD:0.011751568738517074) | 	Support Sets: (Mean:0.39747666666666664, SD:0.04880352363856763) | 	Support Sets: (Mean:0.7173333333333334, SD:0.008107992367404221) | 	
