Results: 	[[0.7044], [0.73], [0.9226]]	
Results: 	[[0.7044, 0.9061], [0.73, 0.6359], [0.9226, 0.7637]]	
Results: 	[[0.7044, 0.9061, 0.7966], [0.73, 0.6359, 0.8088], [0.9226, 0.7637, 0.8532]]	
Results: 	[[0.7044, 0.9061, 0.7966, 0.4707], [0.73, 0.6359, 0.8088, 0.8269], [0.9226, 0.7637, 0.8532, 0.6882]]	
Results: 	[[0.7044, 0.9061, 0.7966, 0.4707, 0.9166], [0.73, 0.6359, 0.8088, 0.8269, 0.6583], [0.9226, 0.7637, 0.8532, 0.6882, 0.6798]]	
Results: 	[[0.7044, 0.9061, 0.7966, 0.4707, 0.9166, 0.8722], [0.73, 0.6359, 0.8088, 0.8269, 0.6583, 0.6981], [0.9226, 0.7637, 0.8532, 0.6882, 0.6798, 0.9026]]	
Results: 	[[0.7044, 0.9061, 0.7966, 0.4707, 0.9166, 0.8722, 0.8873], [0.73, 0.6359, 0.8088, 0.8269, 0.6583, 0.6981, 0.7453], [0.9226, 0.7637, 0.8532, 0.6882, 0.6798, 0.9026, 0.9051]]	
Results: 	[[0.7044, 0.9061, 0.7966, 0.4707, 0.9166, 0.8722, 0.8873, 0.8655], [0.73, 0.6359, 0.8088, 0.8269, 0.6583, 0.6981, 0.7453, 0.7576], [0.9226, 0.7637, 0.8532, 0.6882, 0.6798, 0.9026, 0.9051, 0.9011]]	
Results: 	[[0.7044, 0.9061, 0.7966, 0.4707, 0.9166, 0.8722, 0.8873, 0.8655, 0.729], [0.73, 0.6359, 0.8088, 0.8269, 0.6583, 0.6981, 0.7453, 0.7576, 0.6633], [0.9226, 0.7637, 0.8532, 0.6882, 0.6798, 0.9026, 0.9051, 0.9011, 0.9237]]	
Results: 	[[0.7044, 0.9061, 0.7966, 0.4707, 0.9166, 0.8722, 0.8873, 0.8655, 0.729, 0.7871], [0.73, 0.6359, 0.8088, 0.8269, 0.6583, 0.6981, 0.7453, 0.7576, 0.6633, 0.8128], [0.9226, 0.7637, 0.8532, 0.6882, 0.6798, 0.9026, 0.9051, 0.9011, 0.9237, 0.9147]]	
Results: 	[[0.7044, 0.9061, 0.7966, 0.4707, 0.9166, 0.8722, 0.8873, 0.8655, 0.729, 0.7871, 0.8743], [0.73, 0.6359, 0.8088, 0.8269, 0.6583, 0.6981, 0.7453, 0.7576, 0.6633, 0.8128, 0.8005], [0.9226, 0.7637, 0.8532, 0.6882, 0.6798, 0.9026, 0.9051, 0.9011, 0.9237, 0.9147, 0.7626]]	
Results: 	[[0.7044, 0.9061, 0.7966, 0.4707, 0.9166, 0.8722, 0.8873, 0.8655, 0.729, 0.7871, 0.8743, 0.7544], [0.73, 0.6359, 0.8088, 0.8269, 0.6583, 0.6981, 0.7453, 0.7576, 0.6633, 0.8128, 0.8005, 0.7264], [0.9226, 0.7637, 0.8532, 0.6882, 0.6798, 0.9026, 0.9051, 0.9011, 0.9237, 0.9147, 0.7626, 0.7673]]	
Results: 	[[0.7044, 0.9061, 0.7966, 0.4707, 0.9166, 0.8722, 0.8873, 0.8655, 0.729, 0.7871, 0.8743, 0.7544, 0.887], [0.73, 0.6359, 0.8088, 0.8269, 0.6583, 0.6981, 0.7453, 0.7576, 0.6633, 0.8128, 0.8005, 0.7264, 0.8369], [0.9226, 0.7637, 0.8532, 0.6882, 0.6798, 0.9026, 0.9051, 0.9011, 0.9237, 0.9147, 0.7626, 0.7673, 0.9152]]	
Results: 	[[0.7044, 0.9061, 0.7966, 0.4707, 0.9166, 0.8722, 0.8873, 0.8655, 0.729, 0.7871, 0.8743, 0.7544, 0.887, 0.4086], [0.73, 0.6359, 0.8088, 0.8269, 0.6583, 0.6981, 0.7453, 0.7576, 0.6633, 0.8128, 0.8005, 0.7264, 0.8369, 0.781], [0.9226, 0.7637, 0.8532, 0.6882, 0.6798, 0.9026, 0.9051, 0.9011, 0.9237, 0.9147, 0.7626, 0.7673, 0.9152, 0.7905]]	
Results: 	[[0.7044, 0.9061, 0.7966, 0.4707, 0.9166, 0.8722, 0.8873, 0.8655, 0.729, 0.7871, 0.8743, 0.7544, 0.887, 0.4086, 0.8969], [0.73, 0.6359, 0.8088, 0.8269, 0.6583, 0.6981, 0.7453, 0.7576, 0.6633, 0.8128, 0.8005, 0.7264, 0.8369, 0.781, 0.8431], [0.9226, 0.7637, 0.8532, 0.6882, 0.6798, 0.9026, 0.9051, 0.9011, 0.9237, 0.9147, 0.7626, 0.7673, 0.9152, 0.7905, 0.8919]]	
Results: 	[[0.7044, 0.9061, 0.7966, 0.4707, 0.9166, 0.8722, 0.8873, 0.8655, 0.729, 0.7871, 0.8743, 0.7544, 0.887, 0.4086, 0.8969, 0.8433], [0.73, 0.6359, 0.8088, 0.8269, 0.6583, 0.6981, 0.7453, 0.7576, 0.6633, 0.8128, 0.8005, 0.7264, 0.8369, 0.781, 0.8431, 0.8174], [0.9226, 0.7637, 0.8532, 0.6882, 0.6798, 0.9026, 0.9051, 0.9011, 0.9237, 0.9147, 0.7626, 0.7673, 0.9152, 0.7905, 0.8919, 0.9243]]	
Results: 	[[0.7044, 0.9061, 0.7966, 0.4707, 0.9166, 0.8722, 0.8873, 0.8655, 0.729, 0.7871, 0.8743, 0.7544, 0.887, 0.4086, 0.8969, 0.8433, 0.8081], [0.73, 0.6359, 0.8088, 0.8269, 0.6583, 0.6981, 0.7453, 0.7576, 0.6633, 0.8128, 0.8005, 0.7264, 0.8369, 0.781, 0.8431, 0.8174, 0.6621], [0.9226, 0.7637, 0.8532, 0.6882, 0.6798, 0.9026, 0.9051, 0.9011, 0.9237, 0.9147, 0.7626, 0.7673, 0.9152, 0.7905, 0.8919, 0.9243, 0.8749]]	
Results: 	[[0.7044, 0.9061, 0.7966, 0.4707, 0.9166, 0.8722, 0.8873, 0.8655, 0.729, 0.7871, 0.8743, 0.7544, 0.887, 0.4086, 0.8969, 0.8433, 0.8081, 0.7762], [0.73, 0.6359, 0.8088, 0.8269, 0.6583, 0.6981, 0.7453, 0.7576, 0.6633, 0.8128, 0.8005, 0.7264, 0.8369, 0.781, 0.8431, 0.8174, 0.6621, 0.829], [0.9226, 0.7637, 0.8532, 0.6882, 0.6798, 0.9026, 0.9051, 0.9011, 0.9237, 0.9147, 0.7626, 0.7673, 0.9152, 0.7905, 0.8919, 0.9243, 0.8749, 0.8963]]	
Results: 	[[0.7044, 0.9061, 0.7966, 0.4707, 0.9166, 0.8722, 0.8873, 0.8655, 0.729, 0.7871, 0.8743, 0.7544, 0.887, 0.4086, 0.8969, 0.8433, 0.8081, 0.7762, 0.9047], [0.73, 0.6359, 0.8088, 0.8269, 0.6583, 0.6981, 0.7453, 0.7576, 0.6633, 0.8128, 0.8005, 0.7264, 0.8369, 0.781, 0.8431, 0.8174, 0.6621, 0.829, 0.8198], [0.9226, 0.7637, 0.8532, 0.6882, 0.6798, 0.9026, 0.9051, 0.9011, 0.9237, 0.9147, 0.7626, 0.7673, 0.9152, 0.7905, 0.8919, 0.9243, 0.8749, 0.8963, 0.8532]]	
Results: 	[[0.7044, 0.9061, 0.7966, 0.4707, 0.9166, 0.8722, 0.8873, 0.8655, 0.729, 0.7871, 0.8743, 0.7544, 0.887, 0.4086, 0.8969, 0.8433, 0.8081, 0.7762, 0.9047, 0.9092], [0.73, 0.6359, 0.8088, 0.8269, 0.6583, 0.6981, 0.7453, 0.7576, 0.6633, 0.8128, 0.8005, 0.7264, 0.8369, 0.781, 0.8431, 0.8174, 0.6621, 0.829, 0.8198, 0.7917], [0.9226, 0.7637, 0.8532, 0.6882, 0.6798, 0.9026, 0.9051, 0.9011, 0.9237, 0.9147, 0.7626, 0.7673, 0.9152, 0.7905, 0.8919, 0.9243, 0.8749, 0.8963, 0.8532, 0.8893]]	
Results: 	[[0.7044, 0.9061, 0.7966, 0.4707, 0.9166, 0.8722, 0.8873, 0.8655, 0.729, 0.7871, 0.8743, 0.7544, 0.887, 0.4086, 0.8969, 0.8433, 0.8081, 0.7762, 0.9047, 0.9092, 0.8451], [0.73, 0.6359, 0.8088, 0.8269, 0.6583, 0.6981, 0.7453, 0.7576, 0.6633, 0.8128, 0.8005, 0.7264, 0.8369, 0.781, 0.8431, 0.8174, 0.6621, 0.829, 0.8198, 0.7917, 0.696], [0.9226, 0.7637, 0.8532, 0.6882, 0.6798, 0.9026, 0.9051, 0.9011, 0.9237, 0.9147, 0.7626, 0.7673, 0.9152, 0.7905, 0.8919, 0.9243, 0.8749, 0.8963, 0.8532, 0.8893, 0.8333]]	
Results: 	[[0.7044, 0.9061, 0.7966, 0.4707, 0.9166, 0.8722, 0.8873, 0.8655, 0.729, 0.7871, 0.8743, 0.7544, 0.887, 0.4086, 0.8969, 0.8433, 0.8081, 0.7762, 0.9047, 0.9092, 0.8451, 0.5238], [0.73, 0.6359, 0.8088, 0.8269, 0.6583, 0.6981, 0.7453, 0.7576, 0.6633, 0.8128, 0.8005, 0.7264, 0.8369, 0.781, 0.8431, 0.8174, 0.6621, 0.829, 0.8198, 0.7917, 0.696, 0.6979], [0.9226, 0.7637, 0.8532, 0.6882, 0.6798, 0.9026, 0.9051, 0.9011, 0.9237, 0.9147, 0.7626, 0.7673, 0.9152, 0.7905, 0.8919, 0.9243, 0.8749, 0.8963, 0.8532, 0.8893, 0.8333, 0.7133]]	
Results: 	[[0.7044, 0.9061, 0.7966, 0.4707, 0.9166, 0.8722, 0.8873, 0.8655, 0.729, 0.7871, 0.8743, 0.7544, 0.887, 0.4086, 0.8969, 0.8433, 0.8081, 0.7762, 0.9047, 0.9092, 0.8451, 0.5238, 0.8966], [0.73, 0.6359, 0.8088, 0.8269, 0.6583, 0.6981, 0.7453, 0.7576, 0.6633, 0.8128, 0.8005, 0.7264, 0.8369, 0.781, 0.8431, 0.8174, 0.6621, 0.829, 0.8198, 0.7917, 0.696, 0.6979, 0.8443], [0.9226, 0.7637, 0.8532, 0.6882, 0.6798, 0.9026, 0.9051, 0.9011, 0.9237, 0.9147, 0.7626, 0.7673, 0.9152, 0.7905, 0.8919, 0.9243, 0.8749, 0.8963, 0.8532, 0.8893, 0.8333, 0.7133, 0.8482]]	
Results: 	[[0.7044, 0.9061, 0.7966, 0.4707, 0.9166, 0.8722, 0.8873, 0.8655, 0.729, 0.7871, 0.8743, 0.7544, 0.887, 0.4086, 0.8969, 0.8433, 0.8081, 0.7762, 0.9047, 0.9092, 0.8451, 0.5238, 0.8966, 0.8741], [0.73, 0.6359, 0.8088, 0.8269, 0.6583, 0.6981, 0.7453, 0.7576, 0.6633, 0.8128, 0.8005, 0.7264, 0.8369, 0.781, 0.8431, 0.8174, 0.6621, 0.829, 0.8198, 0.7917, 0.696, 0.6979, 0.8443, 0.8348], [0.9226, 0.7637, 0.8532, 0.6882, 0.6798, 0.9026, 0.9051, 0.9011, 0.9237, 0.9147, 0.7626, 0.7673, 0.9152, 0.7905, 0.8919, 0.9243, 0.8749, 0.8963, 0.8532, 0.8893, 0.8333, 0.7133, 0.8482, 0.8256]]	
Results: 	[[0.7044, 0.9061, 0.7966, 0.4707, 0.9166, 0.8722, 0.8873, 0.8655, 0.729, 0.7871, 0.8743, 0.7544, 0.887, 0.4086, 0.8969, 0.8433, 0.8081, 0.7762, 0.9047, 0.9092, 0.8451, 0.5238, 0.8966, 0.8741, 0.6538], [0.73, 0.6359, 0.8088, 0.8269, 0.6583, 0.6981, 0.7453, 0.7576, 0.6633, 0.8128, 0.8005, 0.7264, 0.8369, 0.781, 0.8431, 0.8174, 0.6621, 0.829, 0.8198, 0.7917, 0.696, 0.6979, 0.8443, 0.8348, 0.5745], [0.9226, 0.7637, 0.8532, 0.6882, 0.6798, 0.9026, 0.9051, 0.9011, 0.9237, 0.9147, 0.7626, 0.7673, 0.9152, 0.7905, 0.8919, 0.9243, 0.8749, 0.8963, 0.8532, 0.8893, 0.8333, 0.7133, 0.8482, 0.8256, 0.4538]]	
Results: 	[[0.7044, 0.9061, 0.7966, 0.4707, 0.9166, 0.8722, 0.8873, 0.8655, 0.729, 0.7871, 0.8743, 0.7544, 0.887, 0.4086, 0.8969, 0.8433, 0.8081, 0.7762, 0.9047, 0.9092, 0.8451, 0.5238, 0.8966, 0.8741, 0.6538, 0.833], [0.73, 0.6359, 0.8088, 0.8269, 0.6583, 0.6981, 0.7453, 0.7576, 0.6633, 0.8128, 0.8005, 0.7264, 0.8369, 0.781, 0.8431, 0.8174, 0.6621, 0.829, 0.8198, 0.7917, 0.696, 0.6979, 0.8443, 0.8348, 0.5745, 0.5], [0.9226, 0.7637, 0.8532, 0.6882, 0.6798, 0.9026, 0.9051, 0.9011, 0.9237, 0.9147, 0.7626, 0.7673, 0.9152, 0.7905, 0.8919, 0.9243, 0.8749, 0.8963, 0.8532, 0.8893, 0.8333, 0.7133, 0.8482, 0.8256, 0.4538, 0.6715]]	
Results: 	[[0.7044, 0.9061, 0.7966, 0.4707, 0.9166, 0.8722, 0.8873, 0.8655, 0.729, 0.7871, 0.8743, 0.7544, 0.887, 0.4086, 0.8969, 0.8433, 0.8081, 0.7762, 0.9047, 0.9092, 0.8451, 0.5238, 0.8966, 0.8741, 0.6538, 0.833, 0.9201], [0.73, 0.6359, 0.8088, 0.8269, 0.6583, 0.6981, 0.7453, 0.7576, 0.6633, 0.8128, 0.8005, 0.7264, 0.8369, 0.781, 0.8431, 0.8174, 0.6621, 0.829, 0.8198, 0.7917, 0.696, 0.6979, 0.8443, 0.8348, 0.5745, 0.5, 0.8422], [0.9226, 0.7637, 0.8532, 0.6882, 0.6798, 0.9026, 0.9051, 0.9011, 0.9237, 0.9147, 0.7626, 0.7673, 0.9152, 0.7905, 0.8919, 0.9243, 0.8749, 0.8963, 0.8532, 0.8893, 0.8333, 0.7133, 0.8482, 0.8256, 0.4538, 0.6715, 0.8806]]	
Results: 	[[0.7044, 0.9061, 0.7966, 0.4707, 0.9166, 0.8722, 0.8873, 0.8655, 0.729, 0.7871, 0.8743, 0.7544, 0.887, 0.4086, 0.8969, 0.8433, 0.8081, 0.7762, 0.9047, 0.9092, 0.8451, 0.5238, 0.8966, 0.8741, 0.6538, 0.833, 0.9201, 0.8966], [0.73, 0.6359, 0.8088, 0.8269, 0.6583, 0.6981, 0.7453, 0.7576, 0.6633, 0.8128, 0.8005, 0.7264, 0.8369, 0.781, 0.8431, 0.8174, 0.6621, 0.829, 0.8198, 0.7917, 0.696, 0.6979, 0.8443, 0.8348, 0.5745, 0.5, 0.8422, 0.7807], [0.9226, 0.7637, 0.8532, 0.6882, 0.6798, 0.9026, 0.9051, 0.9011, 0.9237, 0.9147, 0.7626, 0.7673, 0.9152, 0.7905, 0.8919, 0.9243, 0.8749, 0.8963, 0.8532, 0.8893, 0.8333, 0.7133, 0.8482, 0.8256, 0.4538, 0.6715, 0.8806, 0.902]]	
Results: 	[[0.7044, 0.9061, 0.7966, 0.4707, 0.9166, 0.8722, 0.8873, 0.8655, 0.729, 0.7871, 0.8743, 0.7544, 0.887, 0.4086, 0.8969, 0.8433, 0.8081, 0.7762, 0.9047, 0.9092, 0.8451, 0.5238, 0.8966, 0.8741, 0.6538, 0.833, 0.9201, 0.8966, 0.8391], [0.73, 0.6359, 0.8088, 0.8269, 0.6583, 0.6981, 0.7453, 0.7576, 0.6633, 0.8128, 0.8005, 0.7264, 0.8369, 0.781, 0.8431, 0.8174, 0.6621, 0.829, 0.8198, 0.7917, 0.696, 0.6979, 0.8443, 0.8348, 0.5745, 0.5, 0.8422, 0.7807, 0.841], [0.9226, 0.7637, 0.8532, 0.6882, 0.6798, 0.9026, 0.9051, 0.9011, 0.9237, 0.9147, 0.7626, 0.7673, 0.9152, 0.7905, 0.8919, 0.9243, 0.8749, 0.8963, 0.8532, 0.8893, 0.8333, 0.7133, 0.8482, 0.8256, 0.4538, 0.6715, 0.8806, 0.902, 0.9008]]	
Results: 	[[0.7044, 0.9061, 0.7966, 0.4707, 0.9166, 0.8722, 0.8873, 0.8655, 0.729, 0.7871, 0.8743, 0.7544, 0.887, 0.4086, 0.8969, 0.8433, 0.8081, 0.7762, 0.9047, 0.9092, 0.8451, 0.5238, 0.8966, 0.8741, 0.6538, 0.833, 0.9201, 0.8966, 0.8391, 0.9296], [0.73, 0.6359, 0.8088, 0.8269, 0.6583, 0.6981, 0.7453, 0.7576, 0.6633, 0.8128, 0.8005, 0.7264, 0.8369, 0.781, 0.8431, 0.8174, 0.6621, 0.829, 0.8198, 0.7917, 0.696, 0.6979, 0.8443, 0.8348, 0.5745, 0.5, 0.8422, 0.7807, 0.841, 0.7679], [0.9226, 0.7637, 0.8532, 0.6882, 0.6798, 0.9026, 0.9051, 0.9011, 0.9237, 0.9147, 0.7626, 0.7673, 0.9152, 0.7905, 0.8919, 0.9243, 0.8749, 0.8963, 0.8532, 0.8893, 0.8333, 0.7133, 0.8482, 0.8256, 0.4538, 0.6715, 0.8806, 0.902, 0.9008, 0.9017]]
Support Sets: (Mean:0.807, SD:0.1344384053296758) | 	Support Sets: (Mean:0.75414, SD:0.08776658149652523) | 	Support Sets: (Mean:0.8317, SD:0.10619108670953378) | 	
