Results: 	[[0.6879], [0.8482], [0.6674], [0.5801], [0.4007], [0.6624]]	
Results: 	[[0.6879, 0.6674], [0.8482, 0.8454], [0.6674, 0.6965], [0.5801, 0.5901], [0.4007, 0.3078], [0.6624, 0.705]]	
Results: 	[[0.6879, 0.6674, 0.6397], [0.8482, 0.8454, 0.8454], [0.6674, 0.6965, 0.7043], [0.5801, 0.5901, 0.5809], [0.4007, 0.3078, 0.2823], [0.6624, 0.705, 0.6816]]	
Results: 	[[0.6879, 0.6674, 0.6397, 0.6929], [0.8482, 0.8454, 0.8454, 0.7986], [0.6674, 0.6965, 0.7043, 0.7028], [0.5801, 0.5901, 0.5809, 0.5936], [0.4007, 0.3078, 0.2823, 0.3986], [0.6624, 0.705, 0.6816, 0.6908]]	
Results: 	[[0.6879, 0.6674, 0.6397, 0.6929, 0.6156], [0.8482, 0.8454, 0.8454, 0.7986, 0.7504], [0.6674, 0.6965, 0.7043, 0.7028, 0.6965], [0.5801, 0.5901, 0.5809, 0.5936, 0.5851], [0.4007, 0.3078, 0.2823, 0.3986, 0.3709], [0.6624, 0.705, 0.6816, 0.6908, 0.6979]]	
Results: 	[[0.6879, 0.6674, 0.6397, 0.6929, 0.6156, 0.5546], [0.8482, 0.8454, 0.8454, 0.7986, 0.7504, 0.8447], [0.6674, 0.6965, 0.7043, 0.7028, 0.6965, 0.7099], [0.5801, 0.5901, 0.5809, 0.5936, 0.5851, 0.5936], [0.4007, 0.3078, 0.2823, 0.3986, 0.3709, 0.4532], [0.6624, 0.705, 0.6816, 0.6908, 0.6979, 0.7021]]	
Results: 	[[0.6879, 0.6674, 0.6397, 0.6929, 0.6156, 0.5546, 0.6908], [0.8482, 0.8454, 0.8454, 0.7986, 0.7504, 0.8447, 0.7574], [0.6674, 0.6965, 0.7043, 0.7028, 0.6965, 0.7099, 0.6709], [0.5801, 0.5901, 0.5809, 0.5936, 0.5851, 0.5936, 0.5652], [0.4007, 0.3078, 0.2823, 0.3986, 0.3709, 0.4532, 0.4461], [0.6624, 0.705, 0.6816, 0.6908, 0.6979, 0.7021, 0.7071]]	
Results: 	[[0.6879, 0.6674, 0.6397, 0.6929, 0.6156, 0.5546, 0.6908, 0.6482], [0.8482, 0.8454, 0.8454, 0.7986, 0.7504, 0.8447, 0.7574, 0.8191], [0.6674, 0.6965, 0.7043, 0.7028, 0.6965, 0.7099, 0.6709, 0.7043], [0.5801, 0.5901, 0.5809, 0.5936, 0.5851, 0.5936, 0.5652, 0.5887], [0.4007, 0.3078, 0.2823, 0.3986, 0.3709, 0.4532, 0.4461, 0.2957], [0.6624, 0.705, 0.6816, 0.6908, 0.6979, 0.7021, 0.7071, 0.7057]]	
Results: 	[[0.6879, 0.6674, 0.6397, 0.6929, 0.6156, 0.5546, 0.6908, 0.6482, 0.6603], [0.8482, 0.8454, 0.8454, 0.7986, 0.7504, 0.8447, 0.7574, 0.8191, 0.783], [0.6674, 0.6965, 0.7043, 0.7028, 0.6965, 0.7099, 0.6709, 0.7043, 0.7163], [0.5801, 0.5901, 0.5809, 0.5936, 0.5851, 0.5936, 0.5652, 0.5887, 0.5794], [0.4007, 0.3078, 0.2823, 0.3986, 0.3709, 0.4532, 0.4461, 0.2957, 0.4078], [0.6624, 0.705, 0.6816, 0.6908, 0.6979, 0.7021, 0.7071, 0.7057, 0.6936]]	
Results: 	[[0.6879, 0.6674, 0.6397, 0.6929, 0.6156, 0.5546, 0.6908, 0.6482, 0.6603, 0.6809], [0.8482, 0.8454, 0.8454, 0.7986, 0.7504, 0.8447, 0.7574, 0.8191, 0.783, 0.8865], [0.6674, 0.6965, 0.7043, 0.7028, 0.6965, 0.7099, 0.6709, 0.7043, 0.7163, 0.7078], [0.5801, 0.5901, 0.5809, 0.5936, 0.5851, 0.5936, 0.5652, 0.5887, 0.5794, 0.5624], [0.4007, 0.3078, 0.2823, 0.3986, 0.3709, 0.4532, 0.4461, 0.2957, 0.4078, 0.3823], [0.6624, 0.705, 0.6816, 0.6908, 0.6979, 0.7021, 0.7071, 0.7057, 0.6936, 0.7085]]	
Results: 	[[0.6879, 0.6674, 0.6397, 0.6929, 0.6156, 0.5546, 0.6908, 0.6482, 0.6603, 0.6809, 0.6695], [0.8482, 0.8454, 0.8454, 0.7986, 0.7504, 0.8447, 0.7574, 0.8191, 0.783, 0.8865, 0.7823], [0.6674, 0.6965, 0.7043, 0.7028, 0.6965, 0.7099, 0.6709, 0.7043, 0.7163, 0.7078, 0.7106], [0.5801, 0.5901, 0.5809, 0.5936, 0.5851, 0.5936, 0.5652, 0.5887, 0.5794, 0.5624, 0.5589], [0.4007, 0.3078, 0.2823, 0.3986, 0.3709, 0.4532, 0.4461, 0.2957, 0.4078, 0.3823, 0.2965], [0.6624, 0.705, 0.6816, 0.6908, 0.6979, 0.7021, 0.7071, 0.7057, 0.6936, 0.7085, 0.7099]]	
Results: 	[[0.6879, 0.6674, 0.6397, 0.6929, 0.6156, 0.5546, 0.6908, 0.6482, 0.6603, 0.6809, 0.6695, 0.6851], [0.8482, 0.8454, 0.8454, 0.7986, 0.7504, 0.8447, 0.7574, 0.8191, 0.783, 0.8865, 0.7823, 0.783], [0.6674, 0.6965, 0.7043, 0.7028, 0.6965, 0.7099, 0.6709, 0.7043, 0.7163, 0.7078, 0.7106, 0.7085], [0.5801, 0.5901, 0.5809, 0.5936, 0.5851, 0.5936, 0.5652, 0.5887, 0.5794, 0.5624, 0.5589, 0.5894], [0.4007, 0.3078, 0.2823, 0.3986, 0.3709, 0.4532, 0.4461, 0.2957, 0.4078, 0.3823, 0.2965, 0.4113], [0.6624, 0.705, 0.6816, 0.6908, 0.6979, 0.7021, 0.7071, 0.7057, 0.6936, 0.7085, 0.7099, 0.7028]]	
Results: 	[[0.6879, 0.6674, 0.6397, 0.6929, 0.6156, 0.5546, 0.6908, 0.6482, 0.6603, 0.6809, 0.6695, 0.6851, 0.6426], [0.8482, 0.8454, 0.8454, 0.7986, 0.7504, 0.8447, 0.7574, 0.8191, 0.783, 0.8865, 0.7823, 0.783, 0.7638], [0.6674, 0.6965, 0.7043, 0.7028, 0.6965, 0.7099, 0.6709, 0.7043, 0.7163, 0.7078, 0.7106, 0.7085, 0.7092], [0.5801, 0.5901, 0.5809, 0.5936, 0.5851, 0.5936, 0.5652, 0.5887, 0.5794, 0.5624, 0.5589, 0.5894, 0.5872], [0.4007, 0.3078, 0.2823, 0.3986, 0.3709, 0.4532, 0.4461, 0.2957, 0.4078, 0.3823, 0.2965, 0.4113, 0.4149], [0.6624, 0.705, 0.6816, 0.6908, 0.6979, 0.7021, 0.7071, 0.7057, 0.6936, 0.7085, 0.7099, 0.7028, 0.7057]]	
Results: 	[[0.6879, 0.6674, 0.6397, 0.6929, 0.6156, 0.5546, 0.6908, 0.6482, 0.6603, 0.6809, 0.6695, 0.6851, 0.6426, 0.627], [0.8482, 0.8454, 0.8454, 0.7986, 0.7504, 0.8447, 0.7574, 0.8191, 0.783, 0.8865, 0.7823, 0.783, 0.7638, 0.795], [0.6674, 0.6965, 0.7043, 0.7028, 0.6965, 0.7099, 0.6709, 0.7043, 0.7163, 0.7078, 0.7106, 0.7085, 0.7092, 0.7177], [0.5801, 0.5901, 0.5809, 0.5936, 0.5851, 0.5936, 0.5652, 0.5887, 0.5794, 0.5624, 0.5589, 0.5894, 0.5872, 0.5858], [0.4007, 0.3078, 0.2823, 0.3986, 0.3709, 0.4532, 0.4461, 0.2957, 0.4078, 0.3823, 0.2965, 0.4113, 0.4149, 0.4801], [0.6624, 0.705, 0.6816, 0.6908, 0.6979, 0.7021, 0.7071, 0.7057, 0.6936, 0.7085, 0.7099, 0.7028, 0.7057, 0.7191]]	
Results: 	[[0.6879, 0.6674, 0.6397, 0.6929, 0.6156, 0.5546, 0.6908, 0.6482, 0.6603, 0.6809, 0.6695, 0.6851, 0.6426, 0.627, 0.661], [0.8482, 0.8454, 0.8454, 0.7986, 0.7504, 0.8447, 0.7574, 0.8191, 0.783, 0.8865, 0.7823, 0.783, 0.7638, 0.795, 0.8106], [0.6674, 0.6965, 0.7043, 0.7028, 0.6965, 0.7099, 0.6709, 0.7043, 0.7163, 0.7078, 0.7106, 0.7085, 0.7092, 0.7177, 0.6908], [0.5801, 0.5901, 0.5809, 0.5936, 0.5851, 0.5936, 0.5652, 0.5887, 0.5794, 0.5624, 0.5589, 0.5894, 0.5872, 0.5858, 0.5816], [0.4007, 0.3078, 0.2823, 0.3986, 0.3709, 0.4532, 0.4461, 0.2957, 0.4078, 0.3823, 0.2965, 0.4113, 0.4149, 0.4801, 0.344], [0.6624, 0.705, 0.6816, 0.6908, 0.6979, 0.7021, 0.7071, 0.7057, 0.6936, 0.7085, 0.7099, 0.7028, 0.7057, 0.7191, 0.7028]]	
Results: 	[[0.6879, 0.6674, 0.6397, 0.6929, 0.6156, 0.5546, 0.6908, 0.6482, 0.6603, 0.6809, 0.6695, 0.6851, 0.6426, 0.627, 0.661, 0.6837], [0.8482, 0.8454, 0.8454, 0.7986, 0.7504, 0.8447, 0.7574, 0.8191, 0.783, 0.8865, 0.7823, 0.783, 0.7638, 0.795, 0.8106, 0.8468], [0.6674, 0.6965, 0.7043, 0.7028, 0.6965, 0.7099, 0.6709, 0.7043, 0.7163, 0.7078, 0.7106, 0.7085, 0.7092, 0.7177, 0.6908, 0.7121], [0.5801, 0.5901, 0.5809, 0.5936, 0.5851, 0.5936, 0.5652, 0.5887, 0.5794, 0.5624, 0.5589, 0.5894, 0.5872, 0.5858, 0.5816, 0.5823], [0.4007, 0.3078, 0.2823, 0.3986, 0.3709, 0.4532, 0.4461, 0.2957, 0.4078, 0.3823, 0.2965, 0.4113, 0.4149, 0.4801, 0.344, 0.4078], [0.6624, 0.705, 0.6816, 0.6908, 0.6979, 0.7021, 0.7071, 0.7057, 0.6936, 0.7085, 0.7099, 0.7028, 0.7057, 0.7191, 0.7028, 0.7064]]	
Results: 	[[0.6879, 0.6674, 0.6397, 0.6929, 0.6156, 0.5546, 0.6908, 0.6482, 0.6603, 0.6809, 0.6695, 0.6851, 0.6426, 0.627, 0.661, 0.6837, 0.6915], [0.8482, 0.8454, 0.8454, 0.7986, 0.7504, 0.8447, 0.7574, 0.8191, 0.783, 0.8865, 0.7823, 0.783, 0.7638, 0.795, 0.8106, 0.8468, 0.8163], [0.6674, 0.6965, 0.7043, 0.7028, 0.6965, 0.7099, 0.6709, 0.7043, 0.7163, 0.7078, 0.7106, 0.7085, 0.7092, 0.7177, 0.6908, 0.7121, 0.7121], [0.5801, 0.5901, 0.5809, 0.5936, 0.5851, 0.5936, 0.5652, 0.5887, 0.5794, 0.5624, 0.5589, 0.5894, 0.5872, 0.5858, 0.5816, 0.5823, 0.5787], [0.4007, 0.3078, 0.2823, 0.3986, 0.3709, 0.4532, 0.4461, 0.2957, 0.4078, 0.3823, 0.2965, 0.4113, 0.4149, 0.4801, 0.344, 0.4078, 0.5482], [0.6624, 0.705, 0.6816, 0.6908, 0.6979, 0.7021, 0.7071, 0.7057, 0.6936, 0.7085, 0.7099, 0.7028, 0.7057, 0.7191, 0.7028, 0.7064, 0.6979]]	
Results: 	[[0.6879, 0.6674, 0.6397, 0.6929, 0.6156, 0.5546, 0.6908, 0.6482, 0.6603, 0.6809, 0.6695, 0.6851, 0.6426, 0.627, 0.661, 0.6837, 0.6915, 0.6865], [0.8482, 0.8454, 0.8454, 0.7986, 0.7504, 0.8447, 0.7574, 0.8191, 0.783, 0.8865, 0.7823, 0.783, 0.7638, 0.795, 0.8106, 0.8468, 0.8163, 0.8184], [0.6674, 0.6965, 0.7043, 0.7028, 0.6965, 0.7099, 0.6709, 0.7043, 0.7163, 0.7078, 0.7106, 0.7085, 0.7092, 0.7177, 0.6908, 0.7121, 0.7121, 0.7064], [0.5801, 0.5901, 0.5809, 0.5936, 0.5851, 0.5936, 0.5652, 0.5887, 0.5794, 0.5624, 0.5589, 0.5894, 0.5872, 0.5858, 0.5816, 0.5823, 0.5787, 0.5922], [0.4007, 0.3078, 0.2823, 0.3986, 0.3709, 0.4532, 0.4461, 0.2957, 0.4078, 0.3823, 0.2965, 0.4113, 0.4149, 0.4801, 0.344, 0.4078, 0.5482, 0.4028], [0.6624, 0.705, 0.6816, 0.6908, 0.6979, 0.7021, 0.7071, 0.7057, 0.6936, 0.7085, 0.7099, 0.7028, 0.7057, 0.7191, 0.7028, 0.7064, 0.6979, 0.7121]]	
Results: 	[[0.6879, 0.6674, 0.6397, 0.6929, 0.6156, 0.5546, 0.6908, 0.6482, 0.6603, 0.6809, 0.6695, 0.6851, 0.6426, 0.627, 0.661, 0.6837, 0.6915, 0.6865, 0.661], [0.8482, 0.8454, 0.8454, 0.7986, 0.7504, 0.8447, 0.7574, 0.8191, 0.783, 0.8865, 0.7823, 0.783, 0.7638, 0.795, 0.8106, 0.8468, 0.8163, 0.8184, 0.8106], [0.6674, 0.6965, 0.7043, 0.7028, 0.6965, 0.7099, 0.6709, 0.7043, 0.7163, 0.7078, 0.7106, 0.7085, 0.7092, 0.7177, 0.6908, 0.7121, 0.7121, 0.7064, 0.627], [0.5801, 0.5901, 0.5809, 0.5936, 0.5851, 0.5936, 0.5652, 0.5887, 0.5794, 0.5624, 0.5589, 0.5894, 0.5872, 0.5858, 0.5816, 0.5823, 0.5787, 0.5922, 0.5965], [0.4007, 0.3078, 0.2823, 0.3986, 0.3709, 0.4532, 0.4461, 0.2957, 0.4078, 0.3823, 0.2965, 0.4113, 0.4149, 0.4801, 0.344, 0.4078, 0.5482, 0.4028, 0.3128], [0.6624, 0.705, 0.6816, 0.6908, 0.6979, 0.7021, 0.7071, 0.7057, 0.6936, 0.7085, 0.7099, 0.7028, 0.7057, 0.7191, 0.7028, 0.7064, 0.6979, 0.7121, 0.6965]]	
Results: 	[[0.6879, 0.6674, 0.6397, 0.6929, 0.6156, 0.5546, 0.6908, 0.6482, 0.6603, 0.6809, 0.6695, 0.6851, 0.6426, 0.627, 0.661, 0.6837, 0.6915, 0.6865, 0.661, 0.6525], [0.8482, 0.8454, 0.8454, 0.7986, 0.7504, 0.8447, 0.7574, 0.8191, 0.783, 0.8865, 0.7823, 0.783, 0.7638, 0.795, 0.8106, 0.8468, 0.8163, 0.8184, 0.8106, 0.8149], [0.6674, 0.6965, 0.7043, 0.7028, 0.6965, 0.7099, 0.6709, 0.7043, 0.7163, 0.7078, 0.7106, 0.7085, 0.7092, 0.7177, 0.6908, 0.7121, 0.7121, 0.7064, 0.627, 0.7043], [0.5801, 0.5901, 0.5809, 0.5936, 0.5851, 0.5936, 0.5652, 0.5887, 0.5794, 0.5624, 0.5589, 0.5894, 0.5872, 0.5858, 0.5816, 0.5823, 0.5787, 0.5922, 0.5965, 0.5482], [0.4007, 0.3078, 0.2823, 0.3986, 0.3709, 0.4532, 0.4461, 0.2957, 0.4078, 0.3823, 0.2965, 0.4113, 0.4149, 0.4801, 0.344, 0.4078, 0.5482, 0.4028, 0.3128, 0.3915], [0.6624, 0.705, 0.6816, 0.6908, 0.6979, 0.7021, 0.7071, 0.7057, 0.6936, 0.7085, 0.7099, 0.7028, 0.7057, 0.7191, 0.7028, 0.7064, 0.6979, 0.7121, 0.6965, 0.6894]]	
Results: 	[[0.6879, 0.6674, 0.6397, 0.6929, 0.6156, 0.5546, 0.6908, 0.6482, 0.6603, 0.6809, 0.6695, 0.6851, 0.6426, 0.627, 0.661, 0.6837, 0.6915, 0.6865, 0.661, 0.6525, 0.683], [0.8482, 0.8454, 0.8454, 0.7986, 0.7504, 0.8447, 0.7574, 0.8191, 0.783, 0.8865, 0.7823, 0.783, 0.7638, 0.795, 0.8106, 0.8468, 0.8163, 0.8184, 0.8106, 0.8149, 0.7908], [0.6674, 0.6965, 0.7043, 0.7028, 0.6965, 0.7099, 0.6709, 0.7043, 0.7163, 0.7078, 0.7106, 0.7085, 0.7092, 0.7177, 0.6908, 0.7121, 0.7121, 0.7064, 0.627, 0.7043, 0.6908], [0.5801, 0.5901, 0.5809, 0.5936, 0.5851, 0.5936, 0.5652, 0.5887, 0.5794, 0.5624, 0.5589, 0.5894, 0.5872, 0.5858, 0.5816, 0.5823, 0.5787, 0.5922, 0.5965, 0.5482, 0.5872], [0.4007, 0.3078, 0.2823, 0.3986, 0.3709, 0.4532, 0.4461, 0.2957, 0.4078, 0.3823, 0.2965, 0.4113, 0.4149, 0.4801, 0.344, 0.4078, 0.5482, 0.4028, 0.3128, 0.3915, 0.3227], [0.6624, 0.705, 0.6816, 0.6908, 0.6979, 0.7021, 0.7071, 0.7057, 0.6936, 0.7085, 0.7099, 0.7028, 0.7057, 0.7191, 0.7028, 0.7064, 0.6979, 0.7121, 0.6965, 0.6894, 0.6801]]	
Results: 	[[0.6879, 0.6674, 0.6397, 0.6929, 0.6156, 0.5546, 0.6908, 0.6482, 0.6603, 0.6809, 0.6695, 0.6851, 0.6426, 0.627, 0.661, 0.6837, 0.6915, 0.6865, 0.661, 0.6525, 0.683, 0.6865], [0.8482, 0.8454, 0.8454, 0.7986, 0.7504, 0.8447, 0.7574, 0.8191, 0.783, 0.8865, 0.7823, 0.783, 0.7638, 0.795, 0.8106, 0.8468, 0.8163, 0.8184, 0.8106, 0.8149, 0.7908, 0.8021], [0.6674, 0.6965, 0.7043, 0.7028, 0.6965, 0.7099, 0.6709, 0.7043, 0.7163, 0.7078, 0.7106, 0.7085, 0.7092, 0.7177, 0.6908, 0.7121, 0.7121, 0.7064, 0.627, 0.7043, 0.6908, 0.6901], [0.5801, 0.5901, 0.5809, 0.5936, 0.5851, 0.5936, 0.5652, 0.5887, 0.5794, 0.5624, 0.5589, 0.5894, 0.5872, 0.5858, 0.5816, 0.5823, 0.5787, 0.5922, 0.5965, 0.5482, 0.5872, 0.5801], [0.4007, 0.3078, 0.2823, 0.3986, 0.3709, 0.4532, 0.4461, 0.2957, 0.4078, 0.3823, 0.2965, 0.4113, 0.4149, 0.4801, 0.344, 0.4078, 0.5482, 0.4028, 0.3128, 0.3915, 0.3227, 0.405], [0.6624, 0.705, 0.6816, 0.6908, 0.6979, 0.7021, 0.7071, 0.7057, 0.6936, 0.7085, 0.7099, 0.7028, 0.7057, 0.7191, 0.7028, 0.7064, 0.6979, 0.7121, 0.6965, 0.6894, 0.6801, 0.7149]]	
Results: 	[[0.6879, 0.6674, 0.6397, 0.6929, 0.6156, 0.5546, 0.6908, 0.6482, 0.6603, 0.6809, 0.6695, 0.6851, 0.6426, 0.627, 0.661, 0.6837, 0.6915, 0.6865, 0.661, 0.6525, 0.683, 0.6865, 0.6723], [0.8482, 0.8454, 0.8454, 0.7986, 0.7504, 0.8447, 0.7574, 0.8191, 0.783, 0.8865, 0.7823, 0.783, 0.7638, 0.795, 0.8106, 0.8468, 0.8163, 0.8184, 0.8106, 0.8149, 0.7908, 0.8021, 0.8277], [0.6674, 0.6965, 0.7043, 0.7028, 0.6965, 0.7099, 0.6709, 0.7043, 0.7163, 0.7078, 0.7106, 0.7085, 0.7092, 0.7177, 0.6908, 0.7121, 0.7121, 0.7064, 0.627, 0.7043, 0.6908, 0.6901, 0.7177], [0.5801, 0.5901, 0.5809, 0.5936, 0.5851, 0.5936, 0.5652, 0.5887, 0.5794, 0.5624, 0.5589, 0.5894, 0.5872, 0.5858, 0.5816, 0.5823, 0.5787, 0.5922, 0.5965, 0.5482, 0.5872, 0.5801, 0.5787], [0.4007, 0.3078, 0.2823, 0.3986, 0.3709, 0.4532, 0.4461, 0.2957, 0.4078, 0.3823, 0.2965, 0.4113, 0.4149, 0.4801, 0.344, 0.4078, 0.5482, 0.4028, 0.3128, 0.3915, 0.3227, 0.405, 0.3752], [0.6624, 0.705, 0.6816, 0.6908, 0.6979, 0.7021, 0.7071, 0.7057, 0.6936, 0.7085, 0.7099, 0.7028, 0.7057, 0.7191, 0.7028, 0.7064, 0.6979, 0.7121, 0.6965, 0.6894, 0.6801, 0.7149, 0.6809]]	
Results: 	[[0.6879, 0.6674, 0.6397, 0.6929, 0.6156, 0.5546, 0.6908, 0.6482, 0.6603, 0.6809, 0.6695, 0.6851, 0.6426, 0.627, 0.661, 0.6837, 0.6915, 0.6865, 0.661, 0.6525, 0.683, 0.6865, 0.6723, 0.6603], [0.8482, 0.8454, 0.8454, 0.7986, 0.7504, 0.8447, 0.7574, 0.8191, 0.783, 0.8865, 0.7823, 0.783, 0.7638, 0.795, 0.8106, 0.8468, 0.8163, 0.8184, 0.8106, 0.8149, 0.7908, 0.8021, 0.8277, 0.8085], [0.6674, 0.6965, 0.7043, 0.7028, 0.6965, 0.7099, 0.6709, 0.7043, 0.7163, 0.7078, 0.7106, 0.7085, 0.7092, 0.7177, 0.6908, 0.7121, 0.7121, 0.7064, 0.627, 0.7043, 0.6908, 0.6901, 0.7177, 0.6993], [0.5801, 0.5901, 0.5809, 0.5936, 0.5851, 0.5936, 0.5652, 0.5887, 0.5794, 0.5624, 0.5589, 0.5894, 0.5872, 0.5858, 0.5816, 0.5823, 0.5787, 0.5922, 0.5965, 0.5482, 0.5872, 0.5801, 0.5787, 0.5915], [0.4007, 0.3078, 0.2823, 0.3986, 0.3709, 0.4532, 0.4461, 0.2957, 0.4078, 0.3823, 0.2965, 0.4113, 0.4149, 0.4801, 0.344, 0.4078, 0.5482, 0.4028, 0.3128, 0.3915, 0.3227, 0.405, 0.3752, 0.573], [0.6624, 0.705, 0.6816, 0.6908, 0.6979, 0.7021, 0.7071, 0.7057, 0.6936, 0.7085, 0.7099, 0.7028, 0.7057, 0.7191, 0.7028, 0.7064, 0.6979, 0.7121, 0.6965, 0.6894, 0.6801, 0.7149, 0.6809, 0.7028]]	
Results: 	[[0.6879, 0.6674, 0.6397, 0.6929, 0.6156, 0.5546, 0.6908, 0.6482, 0.6603, 0.6809, 0.6695, 0.6851, 0.6426, 0.627, 0.661, 0.6837, 0.6915, 0.6865, 0.661, 0.6525, 0.683, 0.6865, 0.6723, 0.6603, 0.6624], [0.8482, 0.8454, 0.8454, 0.7986, 0.7504, 0.8447, 0.7574, 0.8191, 0.783, 0.8865, 0.7823, 0.783, 0.7638, 0.795, 0.8106, 0.8468, 0.8163, 0.8184, 0.8106, 0.8149, 0.7908, 0.8021, 0.8277, 0.8085, 0.8589], [0.6674, 0.6965, 0.7043, 0.7028, 0.6965, 0.7099, 0.6709, 0.7043, 0.7163, 0.7078, 0.7106, 0.7085, 0.7092, 0.7177, 0.6908, 0.7121, 0.7121, 0.7064, 0.627, 0.7043, 0.6908, 0.6901, 0.7177, 0.6993, 0.6638], [0.5801, 0.5901, 0.5809, 0.5936, 0.5851, 0.5936, 0.5652, 0.5887, 0.5794, 0.5624, 0.5589, 0.5894, 0.5872, 0.5858, 0.5816, 0.5823, 0.5787, 0.5922, 0.5965, 0.5482, 0.5872, 0.5801, 0.5787, 0.5915, 0.5844], [0.4007, 0.3078, 0.2823, 0.3986, 0.3709, 0.4532, 0.4461, 0.2957, 0.4078, 0.3823, 0.2965, 0.4113, 0.4149, 0.4801, 0.344, 0.4078, 0.5482, 0.4028, 0.3128, 0.3915, 0.3227, 0.405, 0.3752, 0.573, 0.4511], [0.6624, 0.705, 0.6816, 0.6908, 0.6979, 0.7021, 0.7071, 0.7057, 0.6936, 0.7085, 0.7099, 0.7028, 0.7057, 0.7191, 0.7028, 0.7064, 0.6979, 0.7121, 0.6965, 0.6894, 0.6801, 0.7149, 0.6809, 0.7028, 0.6475]]	
Results: 	[[0.6879, 0.6674, 0.6397, 0.6929, 0.6156, 0.5546, 0.6908, 0.6482, 0.6603, 0.6809, 0.6695, 0.6851, 0.6426, 0.627, 0.661, 0.6837, 0.6915, 0.6865, 0.661, 0.6525, 0.683, 0.6865, 0.6723, 0.6603, 0.6624, 0.683], [0.8482, 0.8454, 0.8454, 0.7986, 0.7504, 0.8447, 0.7574, 0.8191, 0.783, 0.8865, 0.7823, 0.783, 0.7638, 0.795, 0.8106, 0.8468, 0.8163, 0.8184, 0.8106, 0.8149, 0.7908, 0.8021, 0.8277, 0.8085, 0.8589, 0.8128], [0.6674, 0.6965, 0.7043, 0.7028, 0.6965, 0.7099, 0.6709, 0.7043, 0.7163, 0.7078, 0.7106, 0.7085, 0.7092, 0.7177, 0.6908, 0.7121, 0.7121, 0.7064, 0.627, 0.7043, 0.6908, 0.6901, 0.7177, 0.6993, 0.6638, 0.6979], [0.5801, 0.5901, 0.5809, 0.5936, 0.5851, 0.5936, 0.5652, 0.5887, 0.5794, 0.5624, 0.5589, 0.5894, 0.5872, 0.5858, 0.5816, 0.5823, 0.5787, 0.5922, 0.5965, 0.5482, 0.5872, 0.5801, 0.5787, 0.5915, 0.5844, 0.5908], [0.4007, 0.3078, 0.2823, 0.3986, 0.3709, 0.4532, 0.4461, 0.2957, 0.4078, 0.3823, 0.2965, 0.4113, 0.4149, 0.4801, 0.344, 0.4078, 0.5482, 0.4028, 0.3128, 0.3915, 0.3227, 0.405, 0.3752, 0.573, 0.4511, 0.2943], [0.6624, 0.705, 0.6816, 0.6908, 0.6979, 0.7021, 0.7071, 0.7057, 0.6936, 0.7085, 0.7099, 0.7028, 0.7057, 0.7191, 0.7028, 0.7064, 0.6979, 0.7121, 0.6965, 0.6894, 0.6801, 0.7149, 0.6809, 0.7028, 0.6475, 0.6901]]	
Results: 	[[0.6879, 0.6674, 0.6397, 0.6929, 0.6156, 0.5546, 0.6908, 0.6482, 0.6603, 0.6809, 0.6695, 0.6851, 0.6426, 0.627, 0.661, 0.6837, 0.6915, 0.6865, 0.661, 0.6525, 0.683, 0.6865, 0.6723, 0.6603, 0.6624, 0.683, 0.6801], [0.8482, 0.8454, 0.8454, 0.7986, 0.7504, 0.8447, 0.7574, 0.8191, 0.783, 0.8865, 0.7823, 0.783, 0.7638, 0.795, 0.8106, 0.8468, 0.8163, 0.8184, 0.8106, 0.8149, 0.7908, 0.8021, 0.8277, 0.8085, 0.8589, 0.8128, 0.8482], [0.6674, 0.6965, 0.7043, 0.7028, 0.6965, 0.7099, 0.6709, 0.7043, 0.7163, 0.7078, 0.7106, 0.7085, 0.7092, 0.7177, 0.6908, 0.7121, 0.7121, 0.7064, 0.627, 0.7043, 0.6908, 0.6901, 0.7177, 0.6993, 0.6638, 0.6979, 0.7106], [0.5801, 0.5901, 0.5809, 0.5936, 0.5851, 0.5936, 0.5652, 0.5887, 0.5794, 0.5624, 0.5589, 0.5894, 0.5872, 0.5858, 0.5816, 0.5823, 0.5787, 0.5922, 0.5965, 0.5482, 0.5872, 0.5801, 0.5787, 0.5915, 0.5844, 0.5908, 0.5851], [0.4007, 0.3078, 0.2823, 0.3986, 0.3709, 0.4532, 0.4461, 0.2957, 0.4078, 0.3823, 0.2965, 0.4113, 0.4149, 0.4801, 0.344, 0.4078, 0.5482, 0.4028, 0.3128, 0.3915, 0.3227, 0.405, 0.3752, 0.573, 0.4511, 0.2943, 0.378], [0.6624, 0.705, 0.6816, 0.6908, 0.6979, 0.7021, 0.7071, 0.7057, 0.6936, 0.7085, 0.7099, 0.7028, 0.7057, 0.7191, 0.7028, 0.7064, 0.6979, 0.7121, 0.6965, 0.6894, 0.6801, 0.7149, 0.6809, 0.7028, 0.6475, 0.6901, 0.6362]]	
Results: 	[[0.6879, 0.6674, 0.6397, 0.6929, 0.6156, 0.5546, 0.6908, 0.6482, 0.6603, 0.6809, 0.6695, 0.6851, 0.6426, 0.627, 0.661, 0.6837, 0.6915, 0.6865, 0.661, 0.6525, 0.683, 0.6865, 0.6723, 0.6603, 0.6624, 0.683, 0.6801, 0.634], [0.8482, 0.8454, 0.8454, 0.7986, 0.7504, 0.8447, 0.7574, 0.8191, 0.783, 0.8865, 0.7823, 0.783, 0.7638, 0.795, 0.8106, 0.8468, 0.8163, 0.8184, 0.8106, 0.8149, 0.7908, 0.8021, 0.8277, 0.8085, 0.8589, 0.8128, 0.8482, 0.8121], [0.6674, 0.6965, 0.7043, 0.7028, 0.6965, 0.7099, 0.6709, 0.7043, 0.7163, 0.7078, 0.7106, 0.7085, 0.7092, 0.7177, 0.6908, 0.7121, 0.7121, 0.7064, 0.627, 0.7043, 0.6908, 0.6901, 0.7177, 0.6993, 0.6638, 0.6979, 0.7106, 0.7184], [0.5801, 0.5901, 0.5809, 0.5936, 0.5851, 0.5936, 0.5652, 0.5887, 0.5794, 0.5624, 0.5589, 0.5894, 0.5872, 0.5858, 0.5816, 0.5823, 0.5787, 0.5922, 0.5965, 0.5482, 0.5872, 0.5801, 0.5787, 0.5915, 0.5844, 0.5908, 0.5851, 0.5759], [0.4007, 0.3078, 0.2823, 0.3986, 0.3709, 0.4532, 0.4461, 0.2957, 0.4078, 0.3823, 0.2965, 0.4113, 0.4149, 0.4801, 0.344, 0.4078, 0.5482, 0.4028, 0.3128, 0.3915, 0.3227, 0.405, 0.3752, 0.573, 0.4511, 0.2943, 0.378, 0.4908], [0.6624, 0.705, 0.6816, 0.6908, 0.6979, 0.7021, 0.7071, 0.7057, 0.6936, 0.7085, 0.7099, 0.7028, 0.7057, 0.7191, 0.7028, 0.7064, 0.6979, 0.7121, 0.6965, 0.6894, 0.6801, 0.7149, 0.6809, 0.7028, 0.6475, 0.6901, 0.6362, 0.6957]]	
Results: 	[[0.6879, 0.6674, 0.6397, 0.6929, 0.6156, 0.5546, 0.6908, 0.6482, 0.6603, 0.6809, 0.6695, 0.6851, 0.6426, 0.627, 0.661, 0.6837, 0.6915, 0.6865, 0.661, 0.6525, 0.683, 0.6865, 0.6723, 0.6603, 0.6624, 0.683, 0.6801, 0.634, 0.6426], [0.8482, 0.8454, 0.8454, 0.7986, 0.7504, 0.8447, 0.7574, 0.8191, 0.783, 0.8865, 0.7823, 0.783, 0.7638, 0.795, 0.8106, 0.8468, 0.8163, 0.8184, 0.8106, 0.8149, 0.7908, 0.8021, 0.8277, 0.8085, 0.8589, 0.8128, 0.8482, 0.8121, 0.8043], [0.6674, 0.6965, 0.7043, 0.7028, 0.6965, 0.7099, 0.6709, 0.7043, 0.7163, 0.7078, 0.7106, 0.7085, 0.7092, 0.7177, 0.6908, 0.7121, 0.7121, 0.7064, 0.627, 0.7043, 0.6908, 0.6901, 0.7177, 0.6993, 0.6638, 0.6979, 0.7106, 0.7184, 0.6915], [0.5801, 0.5901, 0.5809, 0.5936, 0.5851, 0.5936, 0.5652, 0.5887, 0.5794, 0.5624, 0.5589, 0.5894, 0.5872, 0.5858, 0.5816, 0.5823, 0.5787, 0.5922, 0.5965, 0.5482, 0.5872, 0.5801, 0.5787, 0.5915, 0.5844, 0.5908, 0.5851, 0.5759, 0.5787], [0.4007, 0.3078, 0.2823, 0.3986, 0.3709, 0.4532, 0.4461, 0.2957, 0.4078, 0.3823, 0.2965, 0.4113, 0.4149, 0.4801, 0.344, 0.4078, 0.5482, 0.4028, 0.3128, 0.3915, 0.3227, 0.405, 0.3752, 0.573, 0.4511, 0.2943, 0.378, 0.4908, 0.4326], [0.6624, 0.705, 0.6816, 0.6908, 0.6979, 0.7021, 0.7071, 0.7057, 0.6936, 0.7085, 0.7099, 0.7028, 0.7057, 0.7191, 0.7028, 0.7064, 0.6979, 0.7121, 0.6965, 0.6894, 0.6801, 0.7149, 0.6809, 0.7028, 0.6475, 0.6901, 0.6362, 0.6957, 0.6879]]	
Results: 	[[0.6879, 0.6674, 0.6397, 0.6929, 0.6156, 0.5546, 0.6908, 0.6482, 0.6603, 0.6809, 0.6695, 0.6851, 0.6426, 0.627, 0.661, 0.6837, 0.6915, 0.6865, 0.661, 0.6525, 0.683, 0.6865, 0.6723, 0.6603, 0.6624, 0.683, 0.6801, 0.634, 0.6426, 0.566], [0.8482, 0.8454, 0.8454, 0.7986, 0.7504, 0.8447, 0.7574, 0.8191, 0.783, 0.8865, 0.7823, 0.783, 0.7638, 0.795, 0.8106, 0.8468, 0.8163, 0.8184, 0.8106, 0.8149, 0.7908, 0.8021, 0.8277, 0.8085, 0.8589, 0.8128, 0.8482, 0.8121, 0.8043, 0.8362], [0.6674, 0.6965, 0.7043, 0.7028, 0.6965, 0.7099, 0.6709, 0.7043, 0.7163, 0.7078, 0.7106, 0.7085, 0.7092, 0.7177, 0.6908, 0.7121, 0.7121, 0.7064, 0.627, 0.7043, 0.6908, 0.6901, 0.7177, 0.6993, 0.6638, 0.6979, 0.7106, 0.7184, 0.6915, 0.7106], [0.5801, 0.5901, 0.5809, 0.5936, 0.5851, 0.5936, 0.5652, 0.5887, 0.5794, 0.5624, 0.5589, 0.5894, 0.5872, 0.5858, 0.5816, 0.5823, 0.5787, 0.5922, 0.5965, 0.5482, 0.5872, 0.5801, 0.5787, 0.5915, 0.5844, 0.5908, 0.5851, 0.5759, 0.5787, 0.5652], [0.4007, 0.3078, 0.2823, 0.3986, 0.3709, 0.4532, 0.4461, 0.2957, 0.4078, 0.3823, 0.2965, 0.4113, 0.4149, 0.4801, 0.344, 0.4078, 0.5482, 0.4028, 0.3128, 0.3915, 0.3227, 0.405, 0.3752, 0.573, 0.4511, 0.2943, 0.378, 0.4908, 0.4326, 0.4546], [0.6624, 0.705, 0.6816, 0.6908, 0.6979, 0.7021, 0.7071, 0.7057, 0.6936, 0.7085, 0.7099, 0.7028, 0.7057, 0.7191, 0.7028, 0.7064, 0.6979, 0.7121, 0.6965, 0.6894, 0.6801, 0.7149, 0.6809, 0.7028, 0.6475, 0.6901, 0.6362, 0.6957, 0.6879, 0.6957]]
Support Sets: (Mean:0.6589633333333333, SD:0.03396923032974699) | 	Support Sets: (Mean:0.8140666666666667, SD:0.0313267686935887) | 	Support Sets: (Mean:0.69887, SD:0.019617359483463836) | 	Support Sets: (Mean:0.58125, SD:0.011299977113190128) | 	Support Sets: (Mean:0.39775333333333335, SD:0.07255974819051719) | 	Support Sets: (Mean:0.6943033333333333, SD:0.018587602159046455) | 	
