Results: 	[[0.5666], [0.6772], [0.6237]]	
Results: 	[[0.5666, 0.6628], [0.6772, 0.676], [0.6237, 0.6409]]	
Results: 	[[0.5666, 0.6628, 0.6573], [0.6772, 0.676, 0.635], [0.6237, 0.6409, 0.6442]]	
Results: 	[[0.5666, 0.6628, 0.6573, 0.6393], [0.6772, 0.676, 0.635, 0.6573], [0.6237, 0.6409, 0.6442, 0.6196]]	
Results: 	[[0.5666, 0.6628, 0.6573, 0.6393, 0.6569], [0.6772, 0.676, 0.635, 0.6573, 0.6109], [0.6237, 0.6409, 0.6442, 0.6196, 0.6409]]	
Results: 	[[0.5666, 0.6628, 0.6573, 0.6393, 0.6569, 0.6677], [0.6772, 0.676, 0.635, 0.6573, 0.6109, 0.6538], [0.6237, 0.6409, 0.6442, 0.6196, 0.6409, 0.6266]]	
Results: 	[[0.5666, 0.6628, 0.6573, 0.6393, 0.6569, 0.6677, 0.6549], [0.6772, 0.676, 0.635, 0.6573, 0.6109, 0.6538, 0.6378], [0.6237, 0.6409, 0.6442, 0.6196, 0.6409, 0.6266, 0.6355]]	
Results: 	[[0.5666, 0.6628, 0.6573, 0.6393, 0.6569, 0.6677, 0.6549, 0.6668], [0.6772, 0.676, 0.635, 0.6573, 0.6109, 0.6538, 0.6378, 0.6662], [0.6237, 0.6409, 0.6442, 0.6196, 0.6409, 0.6266, 0.6355, 0.6362]]	
Results: 	[[0.5666, 0.6628, 0.6573, 0.6393, 0.6569, 0.6677, 0.6549, 0.6668, 0.6637], [0.6772, 0.676, 0.635, 0.6573, 0.6109, 0.6538, 0.6378, 0.6662, 0.6522], [0.6237, 0.6409, 0.6442, 0.6196, 0.6409, 0.6266, 0.6355, 0.6362, 0.6392]]	
Results: 	[[0.5666, 0.6628, 0.6573, 0.6393, 0.6569, 0.6677, 0.6549, 0.6668, 0.6637, 0.6659], [0.6772, 0.676, 0.635, 0.6573, 0.6109, 0.6538, 0.6378, 0.6662, 0.6522, 0.6632], [0.6237, 0.6409, 0.6442, 0.6196, 0.6409, 0.6266, 0.6355, 0.6362, 0.6392, 0.6264]]	
Results: 	[[0.5666, 0.6628, 0.6573, 0.6393, 0.6569, 0.6677, 0.6549, 0.6668, 0.6637, 0.6659, 0.6707], [0.6772, 0.676, 0.635, 0.6573, 0.6109, 0.6538, 0.6378, 0.6662, 0.6522, 0.6632, 0.6629], [0.6237, 0.6409, 0.6442, 0.6196, 0.6409, 0.6266, 0.6355, 0.6362, 0.6392, 0.6264, 0.6076]]	
Results: 	[[0.5666, 0.6628, 0.6573, 0.6393, 0.6569, 0.6677, 0.6549, 0.6668, 0.6637, 0.6659, 0.6707, 0.661], [0.6772, 0.676, 0.635, 0.6573, 0.6109, 0.6538, 0.6378, 0.6662, 0.6522, 0.6632, 0.6629, 0.6579], [0.6237, 0.6409, 0.6442, 0.6196, 0.6409, 0.6266, 0.6355, 0.6362, 0.6392, 0.6264, 0.6076, 0.6187]]	
Results: 	[[0.5666, 0.6628, 0.6573, 0.6393, 0.6569, 0.6677, 0.6549, 0.6668, 0.6637, 0.6659, 0.6707, 0.661, 0.6473], [0.6772, 0.676, 0.635, 0.6573, 0.6109, 0.6538, 0.6378, 0.6662, 0.6522, 0.6632, 0.6629, 0.6579, 0.6518], [0.6237, 0.6409, 0.6442, 0.6196, 0.6409, 0.6266, 0.6355, 0.6362, 0.6392, 0.6264, 0.6076, 0.6187, 0.623]]	
Results: 	[[0.5666, 0.6628, 0.6573, 0.6393, 0.6569, 0.6677, 0.6549, 0.6668, 0.6637, 0.6659, 0.6707, 0.661, 0.6473, 0.6632], [0.6772, 0.676, 0.635, 0.6573, 0.6109, 0.6538, 0.6378, 0.6662, 0.6522, 0.6632, 0.6629, 0.6579, 0.6518, 0.6564], [0.6237, 0.6409, 0.6442, 0.6196, 0.6409, 0.6266, 0.6355, 0.6362, 0.6392, 0.6264, 0.6076, 0.6187, 0.623, 0.6293]]	
Results: 	[[0.5666, 0.6628, 0.6573, 0.6393, 0.6569, 0.6677, 0.6549, 0.6668, 0.6637, 0.6659, 0.6707, 0.661, 0.6473, 0.6632, 0.6432], [0.6772, 0.676, 0.635, 0.6573, 0.6109, 0.6538, 0.6378, 0.6662, 0.6522, 0.6632, 0.6629, 0.6579, 0.6518, 0.6564, 0.6198], [0.6237, 0.6409, 0.6442, 0.6196, 0.6409, 0.6266, 0.6355, 0.6362, 0.6392, 0.6264, 0.6076, 0.6187, 0.623, 0.6293, 0.63]]	
Results: 	[[0.5666, 0.6628, 0.6573, 0.6393, 0.6569, 0.6677, 0.6549, 0.6668, 0.6637, 0.6659, 0.6707, 0.661, 0.6473, 0.6632, 0.6432, 0.6669], [0.6772, 0.676, 0.635, 0.6573, 0.6109, 0.6538, 0.6378, 0.6662, 0.6522, 0.6632, 0.6629, 0.6579, 0.6518, 0.6564, 0.6198, 0.6841], [0.6237, 0.6409, 0.6442, 0.6196, 0.6409, 0.6266, 0.6355, 0.6362, 0.6392, 0.6264, 0.6076, 0.6187, 0.623, 0.6293, 0.63, 0.6505]]	
Results: 	[[0.5666, 0.6628, 0.6573, 0.6393, 0.6569, 0.6677, 0.6549, 0.6668, 0.6637, 0.6659, 0.6707, 0.661, 0.6473, 0.6632, 0.6432, 0.6669, 0.6685], [0.6772, 0.676, 0.635, 0.6573, 0.6109, 0.6538, 0.6378, 0.6662, 0.6522, 0.6632, 0.6629, 0.6579, 0.6518, 0.6564, 0.6198, 0.6841, 0.6365], [0.6237, 0.6409, 0.6442, 0.6196, 0.6409, 0.6266, 0.6355, 0.6362, 0.6392, 0.6264, 0.6076, 0.6187, 0.623, 0.6293, 0.63, 0.6505, 0.6152]]	
Results: 	[[0.5666, 0.6628, 0.6573, 0.6393, 0.6569, 0.6677, 0.6549, 0.6668, 0.6637, 0.6659, 0.6707, 0.661, 0.6473, 0.6632, 0.6432, 0.6669, 0.6685, 0.6644], [0.6772, 0.676, 0.635, 0.6573, 0.6109, 0.6538, 0.6378, 0.6662, 0.6522, 0.6632, 0.6629, 0.6579, 0.6518, 0.6564, 0.6198, 0.6841, 0.6365, 0.6866], [0.6237, 0.6409, 0.6442, 0.6196, 0.6409, 0.6266, 0.6355, 0.6362, 0.6392, 0.6264, 0.6076, 0.6187, 0.623, 0.6293, 0.63, 0.6505, 0.6152, 0.6308]]	
Results: 	[[0.5666, 0.6628, 0.6573, 0.6393, 0.6569, 0.6677, 0.6549, 0.6668, 0.6637, 0.6659, 0.6707, 0.661, 0.6473, 0.6632, 0.6432, 0.6669, 0.6685, 0.6644, 0.6615], [0.6772, 0.676, 0.635, 0.6573, 0.6109, 0.6538, 0.6378, 0.6662, 0.6522, 0.6632, 0.6629, 0.6579, 0.6518, 0.6564, 0.6198, 0.6841, 0.6365, 0.6866, 0.6465], [0.6237, 0.6409, 0.6442, 0.6196, 0.6409, 0.6266, 0.6355, 0.6362, 0.6392, 0.6264, 0.6076, 0.6187, 0.623, 0.6293, 0.63, 0.6505, 0.6152, 0.6308, 0.6411]]	
Results: 	[[0.5666, 0.6628, 0.6573, 0.6393, 0.6569, 0.6677, 0.6549, 0.6668, 0.6637, 0.6659, 0.6707, 0.661, 0.6473, 0.6632, 0.6432, 0.6669, 0.6685, 0.6644, 0.6615, 0.6015], [0.6772, 0.676, 0.635, 0.6573, 0.6109, 0.6538, 0.6378, 0.6662, 0.6522, 0.6632, 0.6629, 0.6579, 0.6518, 0.6564, 0.6198, 0.6841, 0.6365, 0.6866, 0.6465, 0.7057], [0.6237, 0.6409, 0.6442, 0.6196, 0.6409, 0.6266, 0.6355, 0.6362, 0.6392, 0.6264, 0.6076, 0.6187, 0.623, 0.6293, 0.63, 0.6505, 0.6152, 0.6308, 0.6411, 0.6119]]	
Results: 	[[0.5666, 0.6628, 0.6573, 0.6393, 0.6569, 0.6677, 0.6549, 0.6668, 0.6637, 0.6659, 0.6707, 0.661, 0.6473, 0.6632, 0.6432, 0.6669, 0.6685, 0.6644, 0.6615, 0.6015, 0.6144], [0.6772, 0.676, 0.635, 0.6573, 0.6109, 0.6538, 0.6378, 0.6662, 0.6522, 0.6632, 0.6629, 0.6579, 0.6518, 0.6564, 0.6198, 0.6841, 0.6365, 0.6866, 0.6465, 0.7057, 0.652], [0.6237, 0.6409, 0.6442, 0.6196, 0.6409, 0.6266, 0.6355, 0.6362, 0.6392, 0.6264, 0.6076, 0.6187, 0.623, 0.6293, 0.63, 0.6505, 0.6152, 0.6308, 0.6411, 0.6119, 0.6199]]	
Results: 	[[0.5666, 0.6628, 0.6573, 0.6393, 0.6569, 0.6677, 0.6549, 0.6668, 0.6637, 0.6659, 0.6707, 0.661, 0.6473, 0.6632, 0.6432, 0.6669, 0.6685, 0.6644, 0.6615, 0.6015, 0.6144, 0.6581], [0.6772, 0.676, 0.635, 0.6573, 0.6109, 0.6538, 0.6378, 0.6662, 0.6522, 0.6632, 0.6629, 0.6579, 0.6518, 0.6564, 0.6198, 0.6841, 0.6365, 0.6866, 0.6465, 0.7057, 0.652, 0.6727], [0.6237, 0.6409, 0.6442, 0.6196, 0.6409, 0.6266, 0.6355, 0.6362, 0.6392, 0.6264, 0.6076, 0.6187, 0.623, 0.6293, 0.63, 0.6505, 0.6152, 0.6308, 0.6411, 0.6119, 0.6199, 0.6218]]	
Results: 	[[0.5666, 0.6628, 0.6573, 0.6393, 0.6569, 0.6677, 0.6549, 0.6668, 0.6637, 0.6659, 0.6707, 0.661, 0.6473, 0.6632, 0.6432, 0.6669, 0.6685, 0.6644, 0.6615, 0.6015, 0.6144, 0.6581, 0.6529], [0.6772, 0.676, 0.635, 0.6573, 0.6109, 0.6538, 0.6378, 0.6662, 0.6522, 0.6632, 0.6629, 0.6579, 0.6518, 0.6564, 0.6198, 0.6841, 0.6365, 0.6866, 0.6465, 0.7057, 0.652, 0.6727, 0.6763], [0.6237, 0.6409, 0.6442, 0.6196, 0.6409, 0.6266, 0.6355, 0.6362, 0.6392, 0.6264, 0.6076, 0.6187, 0.623, 0.6293, 0.63, 0.6505, 0.6152, 0.6308, 0.6411, 0.6119, 0.6199, 0.6218, 0.6352]]	
Results: 	[[0.5666, 0.6628, 0.6573, 0.6393, 0.6569, 0.6677, 0.6549, 0.6668, 0.6637, 0.6659, 0.6707, 0.661, 0.6473, 0.6632, 0.6432, 0.6669, 0.6685, 0.6644, 0.6615, 0.6015, 0.6144, 0.6581, 0.6529, 0.6483], [0.6772, 0.676, 0.635, 0.6573, 0.6109, 0.6538, 0.6378, 0.6662, 0.6522, 0.6632, 0.6629, 0.6579, 0.6518, 0.6564, 0.6198, 0.6841, 0.6365, 0.6866, 0.6465, 0.7057, 0.652, 0.6727, 0.6763, 0.6913], [0.6237, 0.6409, 0.6442, 0.6196, 0.6409, 0.6266, 0.6355, 0.6362, 0.6392, 0.6264, 0.6076, 0.6187, 0.623, 0.6293, 0.63, 0.6505, 0.6152, 0.6308, 0.6411, 0.6119, 0.6199, 0.6218, 0.6352, 0.6411]]	
Results: 	[[0.5666, 0.6628, 0.6573, 0.6393, 0.6569, 0.6677, 0.6549, 0.6668, 0.6637, 0.6659, 0.6707, 0.661, 0.6473, 0.6632, 0.6432, 0.6669, 0.6685, 0.6644, 0.6615, 0.6015, 0.6144, 0.6581, 0.6529, 0.6483, 0.641], [0.6772, 0.676, 0.635, 0.6573, 0.6109, 0.6538, 0.6378, 0.6662, 0.6522, 0.6632, 0.6629, 0.6579, 0.6518, 0.6564, 0.6198, 0.6841, 0.6365, 0.6866, 0.6465, 0.7057, 0.652, 0.6727, 0.6763, 0.6913, 0.6129], [0.6237, 0.6409, 0.6442, 0.6196, 0.6409, 0.6266, 0.6355, 0.6362, 0.6392, 0.6264, 0.6076, 0.6187, 0.623, 0.6293, 0.63, 0.6505, 0.6152, 0.6308, 0.6411, 0.6119, 0.6199, 0.6218, 0.6352, 0.6411, 0.6142]]	
Results: 	[[0.5666, 0.6628, 0.6573, 0.6393, 0.6569, 0.6677, 0.6549, 0.6668, 0.6637, 0.6659, 0.6707, 0.661, 0.6473, 0.6632, 0.6432, 0.6669, 0.6685, 0.6644, 0.6615, 0.6015, 0.6144, 0.6581, 0.6529, 0.6483, 0.641, 0.6544], [0.6772, 0.676, 0.635, 0.6573, 0.6109, 0.6538, 0.6378, 0.6662, 0.6522, 0.6632, 0.6629, 0.6579, 0.6518, 0.6564, 0.6198, 0.6841, 0.6365, 0.6866, 0.6465, 0.7057, 0.652, 0.6727, 0.6763, 0.6913, 0.6129, 0.6558], [0.6237, 0.6409, 0.6442, 0.6196, 0.6409, 0.6266, 0.6355, 0.6362, 0.6392, 0.6264, 0.6076, 0.6187, 0.623, 0.6293, 0.63, 0.6505, 0.6152, 0.6308, 0.6411, 0.6119, 0.6199, 0.6218, 0.6352, 0.6411, 0.6142, 0.6269]]	
Results: 	[[0.5666, 0.6628, 0.6573, 0.6393, 0.6569, 0.6677, 0.6549, 0.6668, 0.6637, 0.6659, 0.6707, 0.661, 0.6473, 0.6632, 0.6432, 0.6669, 0.6685, 0.6644, 0.6615, 0.6015, 0.6144, 0.6581, 0.6529, 0.6483, 0.641, 0.6544, 0.64], [0.6772, 0.676, 0.635, 0.6573, 0.6109, 0.6538, 0.6378, 0.6662, 0.6522, 0.6632, 0.6629, 0.6579, 0.6518, 0.6564, 0.6198, 0.6841, 0.6365, 0.6866, 0.6465, 0.7057, 0.652, 0.6727, 0.6763, 0.6913, 0.6129, 0.6558, 0.6807], [0.6237, 0.6409, 0.6442, 0.6196, 0.6409, 0.6266, 0.6355, 0.6362, 0.6392, 0.6264, 0.6076, 0.6187, 0.623, 0.6293, 0.63, 0.6505, 0.6152, 0.6308, 0.6411, 0.6119, 0.6199, 0.6218, 0.6352, 0.6411, 0.6142, 0.6269, 0.6309]]	
Results: 	[[0.5666, 0.6628, 0.6573, 0.6393, 0.6569, 0.6677, 0.6549, 0.6668, 0.6637, 0.6659, 0.6707, 0.661, 0.6473, 0.6632, 0.6432, 0.6669, 0.6685, 0.6644, 0.6615, 0.6015, 0.6144, 0.6581, 0.6529, 0.6483, 0.641, 0.6544, 0.64, 0.6667], [0.6772, 0.676, 0.635, 0.6573, 0.6109, 0.6538, 0.6378, 0.6662, 0.6522, 0.6632, 0.6629, 0.6579, 0.6518, 0.6564, 0.6198, 0.6841, 0.6365, 0.6866, 0.6465, 0.7057, 0.652, 0.6727, 0.6763, 0.6913, 0.6129, 0.6558, 0.6807, 0.6682], [0.6237, 0.6409, 0.6442, 0.6196, 0.6409, 0.6266, 0.6355, 0.6362, 0.6392, 0.6264, 0.6076, 0.6187, 0.623, 0.6293, 0.63, 0.6505, 0.6152, 0.6308, 0.6411, 0.6119, 0.6199, 0.6218, 0.6352, 0.6411, 0.6142, 0.6269, 0.6309, 0.6288]]	
Results: 	[[0.5666, 0.6628, 0.6573, 0.6393, 0.6569, 0.6677, 0.6549, 0.6668, 0.6637, 0.6659, 0.6707, 0.661, 0.6473, 0.6632, 0.6432, 0.6669, 0.6685, 0.6644, 0.6615, 0.6015, 0.6144, 0.6581, 0.6529, 0.6483, 0.641, 0.6544, 0.64, 0.6667, 0.6671], [0.6772, 0.676, 0.635, 0.6573, 0.6109, 0.6538, 0.6378, 0.6662, 0.6522, 0.6632, 0.6629, 0.6579, 0.6518, 0.6564, 0.6198, 0.6841, 0.6365, 0.6866, 0.6465, 0.7057, 0.652, 0.6727, 0.6763, 0.6913, 0.6129, 0.6558, 0.6807, 0.6682, 0.6867], [0.6237, 0.6409, 0.6442, 0.6196, 0.6409, 0.6266, 0.6355, 0.6362, 0.6392, 0.6264, 0.6076, 0.6187, 0.623, 0.6293, 0.63, 0.6505, 0.6152, 0.6308, 0.6411, 0.6119, 0.6199, 0.6218, 0.6352, 0.6411, 0.6142, 0.6269, 0.6309, 0.6288, 0.6415]]	
Results: 	[[0.5666, 0.6628, 0.6573, 0.6393, 0.6569, 0.6677, 0.6549, 0.6668, 0.6637, 0.6659, 0.6707, 0.661, 0.6473, 0.6632, 0.6432, 0.6669, 0.6685, 0.6644, 0.6615, 0.6015, 0.6144, 0.6581, 0.6529, 0.6483, 0.641, 0.6544, 0.64, 0.6667, 0.6671, 0.6352], [0.6772, 0.676, 0.635, 0.6573, 0.6109, 0.6538, 0.6378, 0.6662, 0.6522, 0.6632, 0.6629, 0.6579, 0.6518, 0.6564, 0.6198, 0.6841, 0.6365, 0.6866, 0.6465, 0.7057, 0.652, 0.6727, 0.6763, 0.6913, 0.6129, 0.6558, 0.6807, 0.6682, 0.6867, 0.6699], [0.6237, 0.6409, 0.6442, 0.6196, 0.6409, 0.6266, 0.6355, 0.6362, 0.6392, 0.6264, 0.6076, 0.6187, 0.623, 0.6293, 0.63, 0.6505, 0.6152, 0.6308, 0.6411, 0.6119, 0.6199, 0.6218, 0.6352, 0.6411, 0.6142, 0.6269, 0.6309, 0.6288, 0.6415, 0.6433]]
Support Sets: (Mean:0.65094, SD:0.022591020492588456) | 	Support Sets: (Mean:0.6601433333333333, SD:0.02279510962878893) | 	Support Sets: (Mean:0.62983, SD:0.010865832243543401) | 	
