Results: 	[[0.6526], [0.6519], [0.5975]]	
Results: 	[[0.6526, 0.6671], [0.6519, 0.6715], [0.5975, 0.6617]]	
Results: 	[[0.6526, 0.6671, 0.6567], [0.6519, 0.6715, 0.6813], [0.5975, 0.6617, 0.6081]]	
Results: 	[[0.6526, 0.6671, 0.6567, 0.589], [0.6519, 0.6715, 0.6813, 0.6566], [0.5975, 0.6617, 0.6081, 0.604]]	
Results: 	[[0.6526, 0.6671, 0.6567, 0.589, 0.6394], [0.6519, 0.6715, 0.6813, 0.6566, 0.6581], [0.5975, 0.6617, 0.6081, 0.604, 0.6316]]	
Results: 	[[0.6526, 0.6671, 0.6567, 0.589, 0.6394, 0.6374], [0.6519, 0.6715, 0.6813, 0.6566, 0.6581, 0.6754], [0.5975, 0.6617, 0.6081, 0.604, 0.6316, 0.6155]]	
Results: 	[[0.6526, 0.6671, 0.6567, 0.589, 0.6394, 0.6374, 0.6779], [0.6519, 0.6715, 0.6813, 0.6566, 0.6581, 0.6754, 0.6544], [0.5975, 0.6617, 0.6081, 0.604, 0.6316, 0.6155, 0.6128]]	
Results: 	[[0.6526, 0.6671, 0.6567, 0.589, 0.6394, 0.6374, 0.6779, 0.6534], [0.6519, 0.6715, 0.6813, 0.6566, 0.6581, 0.6754, 0.6544, 0.659], [0.5975, 0.6617, 0.6081, 0.604, 0.6316, 0.6155, 0.6128, 0.6544]]	
Results: 	[[0.6526, 0.6671, 0.6567, 0.589, 0.6394, 0.6374, 0.6779, 0.6534, 0.6706], [0.6519, 0.6715, 0.6813, 0.6566, 0.6581, 0.6754, 0.6544, 0.659, 0.6626], [0.5975, 0.6617, 0.6081, 0.604, 0.6316, 0.6155, 0.6128, 0.6544, 0.6493]]	
Results: 	[[0.6526, 0.6671, 0.6567, 0.589, 0.6394, 0.6374, 0.6779, 0.6534, 0.6706, 0.6602], [0.6519, 0.6715, 0.6813, 0.6566, 0.6581, 0.6754, 0.6544, 0.659, 0.6626, 0.656], [0.5975, 0.6617, 0.6081, 0.604, 0.6316, 0.6155, 0.6128, 0.6544, 0.6493, 0.6243]]	
Results: 	[[0.6526, 0.6671, 0.6567, 0.589, 0.6394, 0.6374, 0.6779, 0.6534, 0.6706, 0.6602, 0.6897], [0.6519, 0.6715, 0.6813, 0.6566, 0.6581, 0.6754, 0.6544, 0.659, 0.6626, 0.656, 0.6453], [0.5975, 0.6617, 0.6081, 0.604, 0.6316, 0.6155, 0.6128, 0.6544, 0.6493, 0.6243, 0.6127]]	
Results: 	[[0.6526, 0.6671, 0.6567, 0.589, 0.6394, 0.6374, 0.6779, 0.6534, 0.6706, 0.6602, 0.6897, 0.6863], [0.6519, 0.6715, 0.6813, 0.6566, 0.6581, 0.6754, 0.6544, 0.659, 0.6626, 0.656, 0.6453, 0.6667], [0.5975, 0.6617, 0.6081, 0.604, 0.6316, 0.6155, 0.6128, 0.6544, 0.6493, 0.6243, 0.6127, 0.6007]]	
Results: 	[[0.6526, 0.6671, 0.6567, 0.589, 0.6394, 0.6374, 0.6779, 0.6534, 0.6706, 0.6602, 0.6897, 0.6863, 0.6341], [0.6519, 0.6715, 0.6813, 0.6566, 0.6581, 0.6754, 0.6544, 0.659, 0.6626, 0.656, 0.6453, 0.6667, 0.6437], [0.5975, 0.6617, 0.6081, 0.604, 0.6316, 0.6155, 0.6128, 0.6544, 0.6493, 0.6243, 0.6127, 0.6007, 0.6505]]	
Results: 	[[0.6526, 0.6671, 0.6567, 0.589, 0.6394, 0.6374, 0.6779, 0.6534, 0.6706, 0.6602, 0.6897, 0.6863, 0.6341, 0.6709], [0.6519, 0.6715, 0.6813, 0.6566, 0.6581, 0.6754, 0.6544, 0.659, 0.6626, 0.656, 0.6453, 0.6667, 0.6437, 0.6891], [0.5975, 0.6617, 0.6081, 0.604, 0.6316, 0.6155, 0.6128, 0.6544, 0.6493, 0.6243, 0.6127, 0.6007, 0.6505, 0.6102]]	
Results: 	[[0.6526, 0.6671, 0.6567, 0.589, 0.6394, 0.6374, 0.6779, 0.6534, 0.6706, 0.6602, 0.6897, 0.6863, 0.6341, 0.6709, 0.598], [0.6519, 0.6715, 0.6813, 0.6566, 0.6581, 0.6754, 0.6544, 0.659, 0.6626, 0.656, 0.6453, 0.6667, 0.6437, 0.6891, 0.6548], [0.5975, 0.6617, 0.6081, 0.604, 0.6316, 0.6155, 0.6128, 0.6544, 0.6493, 0.6243, 0.6127, 0.6007, 0.6505, 0.6102, 0.61]]	
Results: 	[[0.6526, 0.6671, 0.6567, 0.589, 0.6394, 0.6374, 0.6779, 0.6534, 0.6706, 0.6602, 0.6897, 0.6863, 0.6341, 0.6709, 0.598, 0.6553], [0.6519, 0.6715, 0.6813, 0.6566, 0.6581, 0.6754, 0.6544, 0.659, 0.6626, 0.656, 0.6453, 0.6667, 0.6437, 0.6891, 0.6548, 0.6888], [0.5975, 0.6617, 0.6081, 0.604, 0.6316, 0.6155, 0.6128, 0.6544, 0.6493, 0.6243, 0.6127, 0.6007, 0.6505, 0.6102, 0.61, 0.6157]]	
Results: 	[[0.6526, 0.6671, 0.6567, 0.589, 0.6394, 0.6374, 0.6779, 0.6534, 0.6706, 0.6602, 0.6897, 0.6863, 0.6341, 0.6709, 0.598, 0.6553, 0.6576], [0.6519, 0.6715, 0.6813, 0.6566, 0.6581, 0.6754, 0.6544, 0.659, 0.6626, 0.656, 0.6453, 0.6667, 0.6437, 0.6891, 0.6548, 0.6888, 0.6641], [0.5975, 0.6617, 0.6081, 0.604, 0.6316, 0.6155, 0.6128, 0.6544, 0.6493, 0.6243, 0.6127, 0.6007, 0.6505, 0.6102, 0.61, 0.6157, 0.6156]]	
Results: 	[[0.6526, 0.6671, 0.6567, 0.589, 0.6394, 0.6374, 0.6779, 0.6534, 0.6706, 0.6602, 0.6897, 0.6863, 0.6341, 0.6709, 0.598, 0.6553, 0.6576, 0.6768], [0.6519, 0.6715, 0.6813, 0.6566, 0.6581, 0.6754, 0.6544, 0.659, 0.6626, 0.656, 0.6453, 0.6667, 0.6437, 0.6891, 0.6548, 0.6888, 0.6641, 0.671], [0.5975, 0.6617, 0.6081, 0.604, 0.6316, 0.6155, 0.6128, 0.6544, 0.6493, 0.6243, 0.6127, 0.6007, 0.6505, 0.6102, 0.61, 0.6157, 0.6156, 0.6309]]	
Results: 	[[0.6526, 0.6671, 0.6567, 0.589, 0.6394, 0.6374, 0.6779, 0.6534, 0.6706, 0.6602, 0.6897, 0.6863, 0.6341, 0.6709, 0.598, 0.6553, 0.6576, 0.6768, 0.6197], [0.6519, 0.6715, 0.6813, 0.6566, 0.6581, 0.6754, 0.6544, 0.659, 0.6626, 0.656, 0.6453, 0.6667, 0.6437, 0.6891, 0.6548, 0.6888, 0.6641, 0.671, 0.667], [0.5975, 0.6617, 0.6081, 0.604, 0.6316, 0.6155, 0.6128, 0.6544, 0.6493, 0.6243, 0.6127, 0.6007, 0.6505, 0.6102, 0.61, 0.6157, 0.6156, 0.6309, 0.6508]]	
Results: 	[[0.6526, 0.6671, 0.6567, 0.589, 0.6394, 0.6374, 0.6779, 0.6534, 0.6706, 0.6602, 0.6897, 0.6863, 0.6341, 0.6709, 0.598, 0.6553, 0.6576, 0.6768, 0.6197, 0.6722], [0.6519, 0.6715, 0.6813, 0.6566, 0.6581, 0.6754, 0.6544, 0.659, 0.6626, 0.656, 0.6453, 0.6667, 0.6437, 0.6891, 0.6548, 0.6888, 0.6641, 0.671, 0.667, 0.6609], [0.5975, 0.6617, 0.6081, 0.604, 0.6316, 0.6155, 0.6128, 0.6544, 0.6493, 0.6243, 0.6127, 0.6007, 0.6505, 0.6102, 0.61, 0.6157, 0.6156, 0.6309, 0.6508, 0.6338]]	
Results: 	[[0.6526, 0.6671, 0.6567, 0.589, 0.6394, 0.6374, 0.6779, 0.6534, 0.6706, 0.6602, 0.6897, 0.6863, 0.6341, 0.6709, 0.598, 0.6553, 0.6576, 0.6768, 0.6197, 0.6722, 0.6455], [0.6519, 0.6715, 0.6813, 0.6566, 0.6581, 0.6754, 0.6544, 0.659, 0.6626, 0.656, 0.6453, 0.6667, 0.6437, 0.6891, 0.6548, 0.6888, 0.6641, 0.671, 0.667, 0.6609, 0.6553], [0.5975, 0.6617, 0.6081, 0.604, 0.6316, 0.6155, 0.6128, 0.6544, 0.6493, 0.6243, 0.6127, 0.6007, 0.6505, 0.6102, 0.61, 0.6157, 0.6156, 0.6309, 0.6508, 0.6338, 0.6222]]	
Results: 	[[0.6526, 0.6671, 0.6567, 0.589, 0.6394, 0.6374, 0.6779, 0.6534, 0.6706, 0.6602, 0.6897, 0.6863, 0.6341, 0.6709, 0.598, 0.6553, 0.6576, 0.6768, 0.6197, 0.6722, 0.6455, 0.6584], [0.6519, 0.6715, 0.6813, 0.6566, 0.6581, 0.6754, 0.6544, 0.659, 0.6626, 0.656, 0.6453, 0.6667, 0.6437, 0.6891, 0.6548, 0.6888, 0.6641, 0.671, 0.667, 0.6609, 0.6553, 0.6685], [0.5975, 0.6617, 0.6081, 0.604, 0.6316, 0.6155, 0.6128, 0.6544, 0.6493, 0.6243, 0.6127, 0.6007, 0.6505, 0.6102, 0.61, 0.6157, 0.6156, 0.6309, 0.6508, 0.6338, 0.6222, 0.6285]]	
Results: 	[[0.6526, 0.6671, 0.6567, 0.589, 0.6394, 0.6374, 0.6779, 0.6534, 0.6706, 0.6602, 0.6897, 0.6863, 0.6341, 0.6709, 0.598, 0.6553, 0.6576, 0.6768, 0.6197, 0.6722, 0.6455, 0.6584, 0.6441], [0.6519, 0.6715, 0.6813, 0.6566, 0.6581, 0.6754, 0.6544, 0.659, 0.6626, 0.656, 0.6453, 0.6667, 0.6437, 0.6891, 0.6548, 0.6888, 0.6641, 0.671, 0.667, 0.6609, 0.6553, 0.6685, 0.6956], [0.5975, 0.6617, 0.6081, 0.604, 0.6316, 0.6155, 0.6128, 0.6544, 0.6493, 0.6243, 0.6127, 0.6007, 0.6505, 0.6102, 0.61, 0.6157, 0.6156, 0.6309, 0.6508, 0.6338, 0.6222, 0.6285, 0.5879]]	
Results: 	[[0.6526, 0.6671, 0.6567, 0.589, 0.6394, 0.6374, 0.6779, 0.6534, 0.6706, 0.6602, 0.6897, 0.6863, 0.6341, 0.6709, 0.598, 0.6553, 0.6576, 0.6768, 0.6197, 0.6722, 0.6455, 0.6584, 0.6441, 0.6484], [0.6519, 0.6715, 0.6813, 0.6566, 0.6581, 0.6754, 0.6544, 0.659, 0.6626, 0.656, 0.6453, 0.6667, 0.6437, 0.6891, 0.6548, 0.6888, 0.6641, 0.671, 0.667, 0.6609, 0.6553, 0.6685, 0.6956, 0.6636], [0.5975, 0.6617, 0.6081, 0.604, 0.6316, 0.6155, 0.6128, 0.6544, 0.6493, 0.6243, 0.6127, 0.6007, 0.6505, 0.6102, 0.61, 0.6157, 0.6156, 0.6309, 0.6508, 0.6338, 0.6222, 0.6285, 0.5879, 0.6569]]	
Results: 	[[0.6526, 0.6671, 0.6567, 0.589, 0.6394, 0.6374, 0.6779, 0.6534, 0.6706, 0.6602, 0.6897, 0.6863, 0.6341, 0.6709, 0.598, 0.6553, 0.6576, 0.6768, 0.6197, 0.6722, 0.6455, 0.6584, 0.6441, 0.6484, 0.6607], [0.6519, 0.6715, 0.6813, 0.6566, 0.6581, 0.6754, 0.6544, 0.659, 0.6626, 0.656, 0.6453, 0.6667, 0.6437, 0.6891, 0.6548, 0.6888, 0.6641, 0.671, 0.667, 0.6609, 0.6553, 0.6685, 0.6956, 0.6636, 0.6377], [0.5975, 0.6617, 0.6081, 0.604, 0.6316, 0.6155, 0.6128, 0.6544, 0.6493, 0.6243, 0.6127, 0.6007, 0.6505, 0.6102, 0.61, 0.6157, 0.6156, 0.6309, 0.6508, 0.6338, 0.6222, 0.6285, 0.5879, 0.6569, 0.6293]]	
Results: 	[[0.6526, 0.6671, 0.6567, 0.589, 0.6394, 0.6374, 0.6779, 0.6534, 0.6706, 0.6602, 0.6897, 0.6863, 0.6341, 0.6709, 0.598, 0.6553, 0.6576, 0.6768, 0.6197, 0.6722, 0.6455, 0.6584, 0.6441, 0.6484, 0.6607, 0.6568], [0.6519, 0.6715, 0.6813, 0.6566, 0.6581, 0.6754, 0.6544, 0.659, 0.6626, 0.656, 0.6453, 0.6667, 0.6437, 0.6891, 0.6548, 0.6888, 0.6641, 0.671, 0.667, 0.6609, 0.6553, 0.6685, 0.6956, 0.6636, 0.6377, 0.6861], [0.5975, 0.6617, 0.6081, 0.604, 0.6316, 0.6155, 0.6128, 0.6544, 0.6493, 0.6243, 0.6127, 0.6007, 0.6505, 0.6102, 0.61, 0.6157, 0.6156, 0.6309, 0.6508, 0.6338, 0.6222, 0.6285, 0.5879, 0.6569, 0.6293, 0.6545]]	
Results: 	[[0.6526, 0.6671, 0.6567, 0.589, 0.6394, 0.6374, 0.6779, 0.6534, 0.6706, 0.6602, 0.6897, 0.6863, 0.6341, 0.6709, 0.598, 0.6553, 0.6576, 0.6768, 0.6197, 0.6722, 0.6455, 0.6584, 0.6441, 0.6484, 0.6607, 0.6568, 0.6416], [0.6519, 0.6715, 0.6813, 0.6566, 0.6581, 0.6754, 0.6544, 0.659, 0.6626, 0.656, 0.6453, 0.6667, 0.6437, 0.6891, 0.6548, 0.6888, 0.6641, 0.671, 0.667, 0.6609, 0.6553, 0.6685, 0.6956, 0.6636, 0.6377, 0.6861, 0.6634], [0.5975, 0.6617, 0.6081, 0.604, 0.6316, 0.6155, 0.6128, 0.6544, 0.6493, 0.6243, 0.6127, 0.6007, 0.6505, 0.6102, 0.61, 0.6157, 0.6156, 0.6309, 0.6508, 0.6338, 0.6222, 0.6285, 0.5879, 0.6569, 0.6293, 0.6545, 0.5949]]	
Results: 	[[0.6526, 0.6671, 0.6567, 0.589, 0.6394, 0.6374, 0.6779, 0.6534, 0.6706, 0.6602, 0.6897, 0.6863, 0.6341, 0.6709, 0.598, 0.6553, 0.6576, 0.6768, 0.6197, 0.6722, 0.6455, 0.6584, 0.6441, 0.6484, 0.6607, 0.6568, 0.6416, 0.6783], [0.6519, 0.6715, 0.6813, 0.6566, 0.6581, 0.6754, 0.6544, 0.659, 0.6626, 0.656, 0.6453, 0.6667, 0.6437, 0.6891, 0.6548, 0.6888, 0.6641, 0.671, 0.667, 0.6609, 0.6553, 0.6685, 0.6956, 0.6636, 0.6377, 0.6861, 0.6634, 0.6883], [0.5975, 0.6617, 0.6081, 0.604, 0.6316, 0.6155, 0.6128, 0.6544, 0.6493, 0.6243, 0.6127, 0.6007, 0.6505, 0.6102, 0.61, 0.6157, 0.6156, 0.6309, 0.6508, 0.6338, 0.6222, 0.6285, 0.5879, 0.6569, 0.6293, 0.6545, 0.5949, 0.6229]]	
Results: 	[[0.6526, 0.6671, 0.6567, 0.589, 0.6394, 0.6374, 0.6779, 0.6534, 0.6706, 0.6602, 0.6897, 0.6863, 0.6341, 0.6709, 0.598, 0.6553, 0.6576, 0.6768, 0.6197, 0.6722, 0.6455, 0.6584, 0.6441, 0.6484, 0.6607, 0.6568, 0.6416, 0.6783, 0.6078], [0.6519, 0.6715, 0.6813, 0.6566, 0.6581, 0.6754, 0.6544, 0.659, 0.6626, 0.656, 0.6453, 0.6667, 0.6437, 0.6891, 0.6548, 0.6888, 0.6641, 0.671, 0.667, 0.6609, 0.6553, 0.6685, 0.6956, 0.6636, 0.6377, 0.6861, 0.6634, 0.6883, 0.6641], [0.5975, 0.6617, 0.6081, 0.604, 0.6316, 0.6155, 0.6128, 0.6544, 0.6493, 0.6243, 0.6127, 0.6007, 0.6505, 0.6102, 0.61, 0.6157, 0.6156, 0.6309, 0.6508, 0.6338, 0.6222, 0.6285, 0.5879, 0.6569, 0.6293, 0.6545, 0.5949, 0.6229, 0.654]]	
Results: 	[[0.6526, 0.6671, 0.6567, 0.589, 0.6394, 0.6374, 0.6779, 0.6534, 0.6706, 0.6602, 0.6897, 0.6863, 0.6341, 0.6709, 0.598, 0.6553, 0.6576, 0.6768, 0.6197, 0.6722, 0.6455, 0.6584, 0.6441, 0.6484, 0.6607, 0.6568, 0.6416, 0.6783, 0.6078, 0.6431], [0.6519, 0.6715, 0.6813, 0.6566, 0.6581, 0.6754, 0.6544, 0.659, 0.6626, 0.656, 0.6453, 0.6667, 0.6437, 0.6891, 0.6548, 0.6888, 0.6641, 0.671, 0.667, 0.6609, 0.6553, 0.6685, 0.6956, 0.6636, 0.6377, 0.6861, 0.6634, 0.6883, 0.6641, 0.6604], [0.5975, 0.6617, 0.6081, 0.604, 0.6316, 0.6155, 0.6128, 0.6544, 0.6493, 0.6243, 0.6127, 0.6007, 0.6505, 0.6102, 0.61, 0.6157, 0.6156, 0.6309, 0.6508, 0.6338, 0.6222, 0.6285, 0.5879, 0.6569, 0.6293, 0.6545, 0.5949, 0.6229, 0.654, 0.6312]]
Support Sets: (Mean:0.6516533333333333, SD:0.024257081914123676) | 	Support Sets: (Mean:0.6653733333333334, SD:0.014255039842790345) | 	Support Sets: (Mean:0.6257466666666667, SD:0.02070526725145133) | 	
