Results: 	[[0.6626], [0.7041], [0.6631]]	
Results: 	[[0.6626, 0.6834], [0.7041, 0.6246], [0.6631, 0.5793]]	
Results: 	[[0.6626, 0.6834, 0.6298], [0.7041, 0.6246, 0.702], [0.6631, 0.5793, 0.6441]]	
Results: 	[[0.6626, 0.6834, 0.6298, 0.6888], [0.7041, 0.6246, 0.702, 0.7033], [0.6631, 0.5793, 0.6441, 0.6131]]	
Results: 	[[0.6626, 0.6834, 0.6298, 0.6888, 0.6556], [0.7041, 0.6246, 0.702, 0.7033, 0.7009], [0.6631, 0.5793, 0.6441, 0.6131, 0.6545]]	
Results: 	[[0.6626, 0.6834, 0.6298, 0.6888, 0.6556, 0.7019], [0.7041, 0.6246, 0.702, 0.7033, 0.7009, 0.6895], [0.6631, 0.5793, 0.6441, 0.6131, 0.6545, 0.6378]]	
Results: 	[[0.6626, 0.6834, 0.6298, 0.6888, 0.6556, 0.7019, 0.6448], [0.7041, 0.6246, 0.702, 0.7033, 0.7009, 0.6895, 0.7033], [0.6631, 0.5793, 0.6441, 0.6131, 0.6545, 0.6378, 0.6034]]	
Results: 	[[0.6626, 0.6834, 0.6298, 0.6888, 0.6556, 0.7019, 0.6448, 0.68], [0.7041, 0.6246, 0.702, 0.7033, 0.7009, 0.6895, 0.7033, 0.6889], [0.6631, 0.5793, 0.6441, 0.6131, 0.6545, 0.6378, 0.6034, 0.6471]]	
Results: 	[[0.6626, 0.6834, 0.6298, 0.6888, 0.6556, 0.7019, 0.6448, 0.68, 0.6779], [0.7041, 0.6246, 0.702, 0.7033, 0.7009, 0.6895, 0.7033, 0.6889, 0.7136], [0.6631, 0.5793, 0.6441, 0.6131, 0.6545, 0.6378, 0.6034, 0.6471, 0.6595]]	
Results: 	[[0.6626, 0.6834, 0.6298, 0.6888, 0.6556, 0.7019, 0.6448, 0.68, 0.6779, 0.6005], [0.7041, 0.6246, 0.702, 0.7033, 0.7009, 0.6895, 0.7033, 0.6889, 0.7136, 0.7262], [0.6631, 0.5793, 0.6441, 0.6131, 0.6545, 0.6378, 0.6034, 0.6471, 0.6595, 0.5936]]	
Results: 	[[0.6626, 0.6834, 0.6298, 0.6888, 0.6556, 0.7019, 0.6448, 0.68, 0.6779, 0.6005, 0.6684], [0.7041, 0.6246, 0.702, 0.7033, 0.7009, 0.6895, 0.7033, 0.6889, 0.7136, 0.7262, 0.6881], [0.6631, 0.5793, 0.6441, 0.6131, 0.6545, 0.6378, 0.6034, 0.6471, 0.6595, 0.5936, 0.6168]]	
Results: 	[[0.6626, 0.6834, 0.6298, 0.6888, 0.6556, 0.7019, 0.6448, 0.68, 0.6779, 0.6005, 0.6684, 0.6925], [0.7041, 0.6246, 0.702, 0.7033, 0.7009, 0.6895, 0.7033, 0.6889, 0.7136, 0.7262, 0.6881, 0.719], [0.6631, 0.5793, 0.6441, 0.6131, 0.6545, 0.6378, 0.6034, 0.6471, 0.6595, 0.5936, 0.6168, 0.6244]]	
Results: 	[[0.6626, 0.6834, 0.6298, 0.6888, 0.6556, 0.7019, 0.6448, 0.68, 0.6779, 0.6005, 0.6684, 0.6925, 0.6629], [0.7041, 0.6246, 0.702, 0.7033, 0.7009, 0.6895, 0.7033, 0.6889, 0.7136, 0.7262, 0.6881, 0.719, 0.659], [0.6631, 0.5793, 0.6441, 0.6131, 0.6545, 0.6378, 0.6034, 0.6471, 0.6595, 0.5936, 0.6168, 0.6244, 0.6048]]	
Results: 	[[0.6626, 0.6834, 0.6298, 0.6888, 0.6556, 0.7019, 0.6448, 0.68, 0.6779, 0.6005, 0.6684, 0.6925, 0.6629, 0.6855], [0.7041, 0.6246, 0.702, 0.7033, 0.7009, 0.6895, 0.7033, 0.6889, 0.7136, 0.7262, 0.6881, 0.719, 0.659, 0.7058], [0.6631, 0.5793, 0.6441, 0.6131, 0.6545, 0.6378, 0.6034, 0.6471, 0.6595, 0.5936, 0.6168, 0.6244, 0.6048, 0.6599]]	
Results: 	[[0.6626, 0.6834, 0.6298, 0.6888, 0.6556, 0.7019, 0.6448, 0.68, 0.6779, 0.6005, 0.6684, 0.6925, 0.6629, 0.6855, 0.6839], [0.7041, 0.6246, 0.702, 0.7033, 0.7009, 0.6895, 0.7033, 0.6889, 0.7136, 0.7262, 0.6881, 0.719, 0.659, 0.7058, 0.6961], [0.6631, 0.5793, 0.6441, 0.6131, 0.6545, 0.6378, 0.6034, 0.6471, 0.6595, 0.5936, 0.6168, 0.6244, 0.6048, 0.6599, 0.6455]]	
Results: 	[[0.6626, 0.6834, 0.6298, 0.6888, 0.6556, 0.7019, 0.6448, 0.68, 0.6779, 0.6005, 0.6684, 0.6925, 0.6629, 0.6855, 0.6839, 0.676], [0.7041, 0.6246, 0.702, 0.7033, 0.7009, 0.6895, 0.7033, 0.6889, 0.7136, 0.7262, 0.6881, 0.719, 0.659, 0.7058, 0.6961, 0.7238], [0.6631, 0.5793, 0.6441, 0.6131, 0.6545, 0.6378, 0.6034, 0.6471, 0.6595, 0.5936, 0.6168, 0.6244, 0.6048, 0.6599, 0.6455, 0.6441]]	
Results: 	[[0.6626, 0.6834, 0.6298, 0.6888, 0.6556, 0.7019, 0.6448, 0.68, 0.6779, 0.6005, 0.6684, 0.6925, 0.6629, 0.6855, 0.6839, 0.676, 0.6517], [0.7041, 0.6246, 0.702, 0.7033, 0.7009, 0.6895, 0.7033, 0.6889, 0.7136, 0.7262, 0.6881, 0.719, 0.659, 0.7058, 0.6961, 0.7238, 0.6944], [0.6631, 0.5793, 0.6441, 0.6131, 0.6545, 0.6378, 0.6034, 0.6471, 0.6595, 0.5936, 0.6168, 0.6244, 0.6048, 0.6599, 0.6455, 0.6441, 0.6061]]	
Results: 	[[0.6626, 0.6834, 0.6298, 0.6888, 0.6556, 0.7019, 0.6448, 0.68, 0.6779, 0.6005, 0.6684, 0.6925, 0.6629, 0.6855, 0.6839, 0.676, 0.6517, 0.6818], [0.7041, 0.6246, 0.702, 0.7033, 0.7009, 0.6895, 0.7033, 0.6889, 0.7136, 0.7262, 0.6881, 0.719, 0.659, 0.7058, 0.6961, 0.7238, 0.6944, 0.7085], [0.6631, 0.5793, 0.6441, 0.6131, 0.6545, 0.6378, 0.6034, 0.6471, 0.6595, 0.5936, 0.6168, 0.6244, 0.6048, 0.6599, 0.6455, 0.6441, 0.6061, 0.6202]]	
Results: 	[[0.6626, 0.6834, 0.6298, 0.6888, 0.6556, 0.7019, 0.6448, 0.68, 0.6779, 0.6005, 0.6684, 0.6925, 0.6629, 0.6855, 0.6839, 0.676, 0.6517, 0.6818, 0.6603], [0.7041, 0.6246, 0.702, 0.7033, 0.7009, 0.6895, 0.7033, 0.6889, 0.7136, 0.7262, 0.6881, 0.719, 0.659, 0.7058, 0.6961, 0.7238, 0.6944, 0.7085, 0.699], [0.6631, 0.5793, 0.6441, 0.6131, 0.6545, 0.6378, 0.6034, 0.6471, 0.6595, 0.5936, 0.6168, 0.6244, 0.6048, 0.6599, 0.6455, 0.6441, 0.6061, 0.6202, 0.665]]	
Results: 	[[0.6626, 0.6834, 0.6298, 0.6888, 0.6556, 0.7019, 0.6448, 0.68, 0.6779, 0.6005, 0.6684, 0.6925, 0.6629, 0.6855, 0.6839, 0.676, 0.6517, 0.6818, 0.6603, 0.6549], [0.7041, 0.6246, 0.702, 0.7033, 0.7009, 0.6895, 0.7033, 0.6889, 0.7136, 0.7262, 0.6881, 0.719, 0.659, 0.7058, 0.6961, 0.7238, 0.6944, 0.7085, 0.699, 0.6773], [0.6631, 0.5793, 0.6441, 0.6131, 0.6545, 0.6378, 0.6034, 0.6471, 0.6595, 0.5936, 0.6168, 0.6244, 0.6048, 0.6599, 0.6455, 0.6441, 0.6061, 0.6202, 0.665, 0.6636]]	
Results: 	[[0.6626, 0.6834, 0.6298, 0.6888, 0.6556, 0.7019, 0.6448, 0.68, 0.6779, 0.6005, 0.6684, 0.6925, 0.6629, 0.6855, 0.6839, 0.676, 0.6517, 0.6818, 0.6603, 0.6549, 0.6507], [0.7041, 0.6246, 0.702, 0.7033, 0.7009, 0.6895, 0.7033, 0.6889, 0.7136, 0.7262, 0.6881, 0.719, 0.659, 0.7058, 0.6961, 0.7238, 0.6944, 0.7085, 0.699, 0.6773, 0.6816], [0.6631, 0.5793, 0.6441, 0.6131, 0.6545, 0.6378, 0.6034, 0.6471, 0.6595, 0.5936, 0.6168, 0.6244, 0.6048, 0.6599, 0.6455, 0.6441, 0.6061, 0.6202, 0.665, 0.6636, 0.6328]]	
Results: 	[[0.6626, 0.6834, 0.6298, 0.6888, 0.6556, 0.7019, 0.6448, 0.68, 0.6779, 0.6005, 0.6684, 0.6925, 0.6629, 0.6855, 0.6839, 0.676, 0.6517, 0.6818, 0.6603, 0.6549, 0.6507, 0.649], [0.7041, 0.6246, 0.702, 0.7033, 0.7009, 0.6895, 0.7033, 0.6889, 0.7136, 0.7262, 0.6881, 0.719, 0.659, 0.7058, 0.6961, 0.7238, 0.6944, 0.7085, 0.699, 0.6773, 0.6816, 0.7148], [0.6631, 0.5793, 0.6441, 0.6131, 0.6545, 0.6378, 0.6034, 0.6471, 0.6595, 0.5936, 0.6168, 0.6244, 0.6048, 0.6599, 0.6455, 0.6441, 0.6061, 0.6202, 0.665, 0.6636, 0.6328, 0.6476]]	
Results: 	[[0.6626, 0.6834, 0.6298, 0.6888, 0.6556, 0.7019, 0.6448, 0.68, 0.6779, 0.6005, 0.6684, 0.6925, 0.6629, 0.6855, 0.6839, 0.676, 0.6517, 0.6818, 0.6603, 0.6549, 0.6507, 0.649, 0.6749], [0.7041, 0.6246, 0.702, 0.7033, 0.7009, 0.6895, 0.7033, 0.6889, 0.7136, 0.7262, 0.6881, 0.719, 0.659, 0.7058, 0.6961, 0.7238, 0.6944, 0.7085, 0.699, 0.6773, 0.6816, 0.7148, 0.6604], [0.6631, 0.5793, 0.6441, 0.6131, 0.6545, 0.6378, 0.6034, 0.6471, 0.6595, 0.5936, 0.6168, 0.6244, 0.6048, 0.6599, 0.6455, 0.6441, 0.6061, 0.6202, 0.665, 0.6636, 0.6328, 0.6476, 0.6359]]	
Results: 	[[0.6626, 0.6834, 0.6298, 0.6888, 0.6556, 0.7019, 0.6448, 0.68, 0.6779, 0.6005, 0.6684, 0.6925, 0.6629, 0.6855, 0.6839, 0.676, 0.6517, 0.6818, 0.6603, 0.6549, 0.6507, 0.649, 0.6749, 0.68], [0.7041, 0.6246, 0.702, 0.7033, 0.7009, 0.6895, 0.7033, 0.6889, 0.7136, 0.7262, 0.6881, 0.719, 0.659, 0.7058, 0.6961, 0.7238, 0.6944, 0.7085, 0.699, 0.6773, 0.6816, 0.7148, 0.6604, 0.6977], [0.6631, 0.5793, 0.6441, 0.6131, 0.6545, 0.6378, 0.6034, 0.6471, 0.6595, 0.5936, 0.6168, 0.6244, 0.6048, 0.6599, 0.6455, 0.6441, 0.6061, 0.6202, 0.665, 0.6636, 0.6328, 0.6476, 0.6359, 0.6479]]	
Results: 	[[0.6626, 0.6834, 0.6298, 0.6888, 0.6556, 0.7019, 0.6448, 0.68, 0.6779, 0.6005, 0.6684, 0.6925, 0.6629, 0.6855, 0.6839, 0.676, 0.6517, 0.6818, 0.6603, 0.6549, 0.6507, 0.649, 0.6749, 0.68, 0.6413], [0.7041, 0.6246, 0.702, 0.7033, 0.7009, 0.6895, 0.7033, 0.6889, 0.7136, 0.7262, 0.6881, 0.719, 0.659, 0.7058, 0.6961, 0.7238, 0.6944, 0.7085, 0.699, 0.6773, 0.6816, 0.7148, 0.6604, 0.6977, 0.6847], [0.6631, 0.5793, 0.6441, 0.6131, 0.6545, 0.6378, 0.6034, 0.6471, 0.6595, 0.5936, 0.6168, 0.6244, 0.6048, 0.6599, 0.6455, 0.6441, 0.6061, 0.6202, 0.665, 0.6636, 0.6328, 0.6476, 0.6359, 0.6479, 0.6498]]	
Results: 	[[0.6626, 0.6834, 0.6298, 0.6888, 0.6556, 0.7019, 0.6448, 0.68, 0.6779, 0.6005, 0.6684, 0.6925, 0.6629, 0.6855, 0.6839, 0.676, 0.6517, 0.6818, 0.6603, 0.6549, 0.6507, 0.649, 0.6749, 0.68, 0.6413, 0.7048], [0.7041, 0.6246, 0.702, 0.7033, 0.7009, 0.6895, 0.7033, 0.6889, 0.7136, 0.7262, 0.6881, 0.719, 0.659, 0.7058, 0.6961, 0.7238, 0.6944, 0.7085, 0.699, 0.6773, 0.6816, 0.7148, 0.6604, 0.6977, 0.6847, 0.6811], [0.6631, 0.5793, 0.6441, 0.6131, 0.6545, 0.6378, 0.6034, 0.6471, 0.6595, 0.5936, 0.6168, 0.6244, 0.6048, 0.6599, 0.6455, 0.6441, 0.6061, 0.6202, 0.665, 0.6636, 0.6328, 0.6476, 0.6359, 0.6479, 0.6498, 0.6495]]	
Results: 	[[0.6626, 0.6834, 0.6298, 0.6888, 0.6556, 0.7019, 0.6448, 0.68, 0.6779, 0.6005, 0.6684, 0.6925, 0.6629, 0.6855, 0.6839, 0.676, 0.6517, 0.6818, 0.6603, 0.6549, 0.6507, 0.649, 0.6749, 0.68, 0.6413, 0.7048, 0.5947], [0.7041, 0.6246, 0.702, 0.7033, 0.7009, 0.6895, 0.7033, 0.6889, 0.7136, 0.7262, 0.6881, 0.719, 0.659, 0.7058, 0.6961, 0.7238, 0.6944, 0.7085, 0.699, 0.6773, 0.6816, 0.7148, 0.6604, 0.6977, 0.6847, 0.6811, 0.6685], [0.6631, 0.5793, 0.6441, 0.6131, 0.6545, 0.6378, 0.6034, 0.6471, 0.6595, 0.5936, 0.6168, 0.6244, 0.6048, 0.6599, 0.6455, 0.6441, 0.6061, 0.6202, 0.665, 0.6636, 0.6328, 0.6476, 0.6359, 0.6479, 0.6498, 0.6495, 0.6605]]	
Results: 	[[0.6626, 0.6834, 0.6298, 0.6888, 0.6556, 0.7019, 0.6448, 0.68, 0.6779, 0.6005, 0.6684, 0.6925, 0.6629, 0.6855, 0.6839, 0.676, 0.6517, 0.6818, 0.6603, 0.6549, 0.6507, 0.649, 0.6749, 0.68, 0.6413, 0.7048, 0.5947, 0.6704], [0.7041, 0.6246, 0.702, 0.7033, 0.7009, 0.6895, 0.7033, 0.6889, 0.7136, 0.7262, 0.6881, 0.719, 0.659, 0.7058, 0.6961, 0.7238, 0.6944, 0.7085, 0.699, 0.6773, 0.6816, 0.7148, 0.6604, 0.6977, 0.6847, 0.6811, 0.6685, 0.7068], [0.6631, 0.5793, 0.6441, 0.6131, 0.6545, 0.6378, 0.6034, 0.6471, 0.6595, 0.5936, 0.6168, 0.6244, 0.6048, 0.6599, 0.6455, 0.6441, 0.6061, 0.6202, 0.665, 0.6636, 0.6328, 0.6476, 0.6359, 0.6479, 0.6498, 0.6495, 0.6605, 0.602]]	
Results: 	[[0.6626, 0.6834, 0.6298, 0.6888, 0.6556, 0.7019, 0.6448, 0.68, 0.6779, 0.6005, 0.6684, 0.6925, 0.6629, 0.6855, 0.6839, 0.676, 0.6517, 0.6818, 0.6603, 0.6549, 0.6507, 0.649, 0.6749, 0.68, 0.6413, 0.7048, 0.5947, 0.6704, 0.7], [0.7041, 0.6246, 0.702, 0.7033, 0.7009, 0.6895, 0.7033, 0.6889, 0.7136, 0.7262, 0.6881, 0.719, 0.659, 0.7058, 0.6961, 0.7238, 0.6944, 0.7085, 0.699, 0.6773, 0.6816, 0.7148, 0.6604, 0.6977, 0.6847, 0.6811, 0.6685, 0.7068, 0.6415], [0.6631, 0.5793, 0.6441, 0.6131, 0.6545, 0.6378, 0.6034, 0.6471, 0.6595, 0.5936, 0.6168, 0.6244, 0.6048, 0.6599, 0.6455, 0.6441, 0.6061, 0.6202, 0.665, 0.6636, 0.6328, 0.6476, 0.6359, 0.6479, 0.6498, 0.6495, 0.6605, 0.602, 0.599]]	
Results: 	[[0.6626, 0.6834, 0.6298, 0.6888, 0.6556, 0.7019, 0.6448, 0.68, 0.6779, 0.6005, 0.6684, 0.6925, 0.6629, 0.6855, 0.6839, 0.676, 0.6517, 0.6818, 0.6603, 0.6549, 0.6507, 0.649, 0.6749, 0.68, 0.6413, 0.7048, 0.5947, 0.6704, 0.7, 0.6728], [0.7041, 0.6246, 0.702, 0.7033, 0.7009, 0.6895, 0.7033, 0.6889, 0.7136, 0.7262, 0.6881, 0.719, 0.659, 0.7058, 0.6961, 0.7238, 0.6944, 0.7085, 0.699, 0.6773, 0.6816, 0.7148, 0.6604, 0.6977, 0.6847, 0.6811, 0.6685, 0.7068, 0.6415, 0.6651], [0.6631, 0.5793, 0.6441, 0.6131, 0.6545, 0.6378, 0.6034, 0.6471, 0.6595, 0.5936, 0.6168, 0.6244, 0.6048, 0.6599, 0.6455, 0.6441, 0.6061, 0.6202, 0.665, 0.6636, 0.6328, 0.6476, 0.6359, 0.6479, 0.6498, 0.6495, 0.6605, 0.602, 0.599, 0.6665]]
Support Sets: (Mean:0.66606, SD:0.02623894972666818) | 	Support Sets: (Mean:0.6909866666666666, SD:0.023646910322832698) | 	Support Sets: (Mean:0.63458, SD:0.024930958458414157) | 	
