Results: 	[[0.7774], [0.7959], [0.7471]]	
Results: 	[[0.7774, 0.7791], [0.7959, 0.797], [0.7471, 0.7445]]	
Results: 	[[0.7774, 0.7791, 0.7826], [0.7959, 0.797, 0.7986], [0.7471, 0.7445, 0.7507]]	
Results: 	[[0.7774, 0.7791, 0.7826, 0.7789], [0.7959, 0.797, 0.7986, 0.7968], [0.7471, 0.7445, 0.7507, 0.7468]]	
Results: 	[[0.7774, 0.7791, 0.7826, 0.7789, 0.7828], [0.7959, 0.797, 0.7986, 0.7968, 0.7944], [0.7471, 0.7445, 0.7507, 0.7468, 0.7448]]	
Results: 	[[0.7774, 0.7791, 0.7826, 0.7789, 0.7828, 0.7819], [0.7959, 0.797, 0.7986, 0.7968, 0.7944, 0.7987], [0.7471, 0.7445, 0.7507, 0.7468, 0.7448, 0.7482]]	
Results: 	[[0.7774, 0.7791, 0.7826, 0.7789, 0.7828, 0.7819, 0.7812], [0.7959, 0.797, 0.7986, 0.7968, 0.7944, 0.7987, 0.7967], [0.7471, 0.7445, 0.7507, 0.7468, 0.7448, 0.7482, 0.7515]]	
Results: 	[[0.7774, 0.7791, 0.7826, 0.7789, 0.7828, 0.7819, 0.7812, 0.7826], [0.7959, 0.797, 0.7986, 0.7968, 0.7944, 0.7987, 0.7967, 0.7978], [0.7471, 0.7445, 0.7507, 0.7468, 0.7448, 0.7482, 0.7515, 0.7469]]	
Results: 	[[0.7774, 0.7791, 0.7826, 0.7789, 0.7828, 0.7819, 0.7812, 0.7826, 0.7789], [0.7959, 0.797, 0.7986, 0.7968, 0.7944, 0.7987, 0.7967, 0.7978, 0.7992], [0.7471, 0.7445, 0.7507, 0.7468, 0.7448, 0.7482, 0.7515, 0.7469, 0.7446]]	
Results: 	[[0.7774, 0.7791, 0.7826, 0.7789, 0.7828, 0.7819, 0.7812, 0.7826, 0.7789, 0.7795], [0.7959, 0.797, 0.7986, 0.7968, 0.7944, 0.7987, 0.7967, 0.7978, 0.7992, 0.7968], [0.7471, 0.7445, 0.7507, 0.7468, 0.7448, 0.7482, 0.7515, 0.7469, 0.7446, 0.7473]]	
Results: 	[[0.7774, 0.7791, 0.7826, 0.7789, 0.7828, 0.7819, 0.7812, 0.7826, 0.7789, 0.7795, 0.78], [0.7959, 0.797, 0.7986, 0.7968, 0.7944, 0.7987, 0.7967, 0.7978, 0.7992, 0.7968, 0.7968], [0.7471, 0.7445, 0.7507, 0.7468, 0.7448, 0.7482, 0.7515, 0.7469, 0.7446, 0.7473, 0.7504]]	
Results: 	[[0.7774, 0.7791, 0.7826, 0.7789, 0.7828, 0.7819, 0.7812, 0.7826, 0.7789, 0.7795, 0.78, 0.7801], [0.7959, 0.797, 0.7986, 0.7968, 0.7944, 0.7987, 0.7967, 0.7978, 0.7992, 0.7968, 0.7968, 0.7945], [0.7471, 0.7445, 0.7507, 0.7468, 0.7448, 0.7482, 0.7515, 0.7469, 0.7446, 0.7473, 0.7504, 0.7436]]	
Results: 	[[0.7774, 0.7791, 0.7826, 0.7789, 0.7828, 0.7819, 0.7812, 0.7826, 0.7789, 0.7795, 0.78, 0.7801, 0.7784], [0.7959, 0.797, 0.7986, 0.7968, 0.7944, 0.7987, 0.7967, 0.7978, 0.7992, 0.7968, 0.7968, 0.7945, 0.7982], [0.7471, 0.7445, 0.7507, 0.7468, 0.7448, 0.7482, 0.7515, 0.7469, 0.7446, 0.7473, 0.7504, 0.7436, 0.747]]	
Results: 	[[0.7774, 0.7791, 0.7826, 0.7789, 0.7828, 0.7819, 0.7812, 0.7826, 0.7789, 0.7795, 0.78, 0.7801, 0.7784, 0.7788], [0.7959, 0.797, 0.7986, 0.7968, 0.7944, 0.7987, 0.7967, 0.7978, 0.7992, 0.7968, 0.7968, 0.7945, 0.7982, 0.7951], [0.7471, 0.7445, 0.7507, 0.7468, 0.7448, 0.7482, 0.7515, 0.7469, 0.7446, 0.7473, 0.7504, 0.7436, 0.747, 0.7474]]	
Results: 	[[0.7774, 0.7791, 0.7826, 0.7789, 0.7828, 0.7819, 0.7812, 0.7826, 0.7789, 0.7795, 0.78, 0.7801, 0.7784, 0.7788, 0.7797], [0.7959, 0.797, 0.7986, 0.7968, 0.7944, 0.7987, 0.7967, 0.7978, 0.7992, 0.7968, 0.7968, 0.7945, 0.7982, 0.7951, 0.7978], [0.7471, 0.7445, 0.7507, 0.7468, 0.7448, 0.7482, 0.7515, 0.7469, 0.7446, 0.7473, 0.7504, 0.7436, 0.747, 0.7474, 0.7462]]	
Results: 	[[0.7774, 0.7791, 0.7826, 0.7789, 0.7828, 0.7819, 0.7812, 0.7826, 0.7789, 0.7795, 0.78, 0.7801, 0.7784, 0.7788, 0.7797, 0.785], [0.7959, 0.797, 0.7986, 0.7968, 0.7944, 0.7987, 0.7967, 0.7978, 0.7992, 0.7968, 0.7968, 0.7945, 0.7982, 0.7951, 0.7978, 0.7974], [0.7471, 0.7445, 0.7507, 0.7468, 0.7448, 0.7482, 0.7515, 0.7469, 0.7446, 0.7473, 0.7504, 0.7436, 0.747, 0.7474, 0.7462, 0.747]]	
Results: 	[[0.7774, 0.7791, 0.7826, 0.7789, 0.7828, 0.7819, 0.7812, 0.7826, 0.7789, 0.7795, 0.78, 0.7801, 0.7784, 0.7788, 0.7797, 0.785, 0.7809], [0.7959, 0.797, 0.7986, 0.7968, 0.7944, 0.7987, 0.7967, 0.7978, 0.7992, 0.7968, 0.7968, 0.7945, 0.7982, 0.7951, 0.7978, 0.7974, 0.7963], [0.7471, 0.7445, 0.7507, 0.7468, 0.7448, 0.7482, 0.7515, 0.7469, 0.7446, 0.7473, 0.7504, 0.7436, 0.747, 0.7474, 0.7462, 0.747, 0.7466]]	
Results: 	[[0.7774, 0.7791, 0.7826, 0.7789, 0.7828, 0.7819, 0.7812, 0.7826, 0.7789, 0.7795, 0.78, 0.7801, 0.7784, 0.7788, 0.7797, 0.785, 0.7809, 0.7833], [0.7959, 0.797, 0.7986, 0.7968, 0.7944, 0.7987, 0.7967, 0.7978, 0.7992, 0.7968, 0.7968, 0.7945, 0.7982, 0.7951, 0.7978, 0.7974, 0.7963, 0.796], [0.7471, 0.7445, 0.7507, 0.7468, 0.7448, 0.7482, 0.7515, 0.7469, 0.7446, 0.7473, 0.7504, 0.7436, 0.747, 0.7474, 0.7462, 0.747, 0.7466, 0.7492]]	
Results: 	[[0.7774, 0.7791, 0.7826, 0.7789, 0.7828, 0.7819, 0.7812, 0.7826, 0.7789, 0.7795, 0.78, 0.7801, 0.7784, 0.7788, 0.7797, 0.785, 0.7809, 0.7833, 0.7827], [0.7959, 0.797, 0.7986, 0.7968, 0.7944, 0.7987, 0.7967, 0.7978, 0.7992, 0.7968, 0.7968, 0.7945, 0.7982, 0.7951, 0.7978, 0.7974, 0.7963, 0.796, 0.7938], [0.7471, 0.7445, 0.7507, 0.7468, 0.7448, 0.7482, 0.7515, 0.7469, 0.7446, 0.7473, 0.7504, 0.7436, 0.747, 0.7474, 0.7462, 0.747, 0.7466, 0.7492, 0.748]]	
Results: 	[[0.7774, 0.7791, 0.7826, 0.7789, 0.7828, 0.7819, 0.7812, 0.7826, 0.7789, 0.7795, 0.78, 0.7801, 0.7784, 0.7788, 0.7797, 0.785, 0.7809, 0.7833, 0.7827, 0.779], [0.7959, 0.797, 0.7986, 0.7968, 0.7944, 0.7987, 0.7967, 0.7978, 0.7992, 0.7968, 0.7968, 0.7945, 0.7982, 0.7951, 0.7978, 0.7974, 0.7963, 0.796, 0.7938, 0.7952], [0.7471, 0.7445, 0.7507, 0.7468, 0.7448, 0.7482, 0.7515, 0.7469, 0.7446, 0.7473, 0.7504, 0.7436, 0.747, 0.7474, 0.7462, 0.747, 0.7466, 0.7492, 0.748, 0.744]]	
Results: 	[[0.7774, 0.7791, 0.7826, 0.7789, 0.7828, 0.7819, 0.7812, 0.7826, 0.7789, 0.7795, 0.78, 0.7801, 0.7784, 0.7788, 0.7797, 0.785, 0.7809, 0.7833, 0.7827, 0.779, 0.778], [0.7959, 0.797, 0.7986, 0.7968, 0.7944, 0.7987, 0.7967, 0.7978, 0.7992, 0.7968, 0.7968, 0.7945, 0.7982, 0.7951, 0.7978, 0.7974, 0.7963, 0.796, 0.7938, 0.7952, 0.7939], [0.7471, 0.7445, 0.7507, 0.7468, 0.7448, 0.7482, 0.7515, 0.7469, 0.7446, 0.7473, 0.7504, 0.7436, 0.747, 0.7474, 0.7462, 0.747, 0.7466, 0.7492, 0.748, 0.744, 0.7431]]	
Results: 	[[0.7774, 0.7791, 0.7826, 0.7789, 0.7828, 0.7819, 0.7812, 0.7826, 0.7789, 0.7795, 0.78, 0.7801, 0.7784, 0.7788, 0.7797, 0.785, 0.7809, 0.7833, 0.7827, 0.779, 0.778, 0.7798], [0.7959, 0.797, 0.7986, 0.7968, 0.7944, 0.7987, 0.7967, 0.7978, 0.7992, 0.7968, 0.7968, 0.7945, 0.7982, 0.7951, 0.7978, 0.7974, 0.7963, 0.796, 0.7938, 0.7952, 0.7939, 0.7972], [0.7471, 0.7445, 0.7507, 0.7468, 0.7448, 0.7482, 0.7515, 0.7469, 0.7446, 0.7473, 0.7504, 0.7436, 0.747, 0.7474, 0.7462, 0.747, 0.7466, 0.7492, 0.748, 0.744, 0.7431, 0.7451]]	
Results: 	[[0.7774, 0.7791, 0.7826, 0.7789, 0.7828, 0.7819, 0.7812, 0.7826, 0.7789, 0.7795, 0.78, 0.7801, 0.7784, 0.7788, 0.7797, 0.785, 0.7809, 0.7833, 0.7827, 0.779, 0.778, 0.7798, 0.7779], [0.7959, 0.797, 0.7986, 0.7968, 0.7944, 0.7987, 0.7967, 0.7978, 0.7992, 0.7968, 0.7968, 0.7945, 0.7982, 0.7951, 0.7978, 0.7974, 0.7963, 0.796, 0.7938, 0.7952, 0.7939, 0.7972, 0.7937], [0.7471, 0.7445, 0.7507, 0.7468, 0.7448, 0.7482, 0.7515, 0.7469, 0.7446, 0.7473, 0.7504, 0.7436, 0.747, 0.7474, 0.7462, 0.747, 0.7466, 0.7492, 0.748, 0.744, 0.7431, 0.7451, 0.7486]]	
Results: 	[[0.7774, 0.7791, 0.7826, 0.7789, 0.7828, 0.7819, 0.7812, 0.7826, 0.7789, 0.7795, 0.78, 0.7801, 0.7784, 0.7788, 0.7797, 0.785, 0.7809, 0.7833, 0.7827, 0.779, 0.778, 0.7798, 0.7779, 0.7811], [0.7959, 0.797, 0.7986, 0.7968, 0.7944, 0.7987, 0.7967, 0.7978, 0.7992, 0.7968, 0.7968, 0.7945, 0.7982, 0.7951, 0.7978, 0.7974, 0.7963, 0.796, 0.7938, 0.7952, 0.7939, 0.7972, 0.7937, 0.7988], [0.7471, 0.7445, 0.7507, 0.7468, 0.7448, 0.7482, 0.7515, 0.7469, 0.7446, 0.7473, 0.7504, 0.7436, 0.747, 0.7474, 0.7462, 0.747, 0.7466, 0.7492, 0.748, 0.744, 0.7431, 0.7451, 0.7486, 0.745]]	
Results: 	[[0.7774, 0.7791, 0.7826, 0.7789, 0.7828, 0.7819, 0.7812, 0.7826, 0.7789, 0.7795, 0.78, 0.7801, 0.7784, 0.7788, 0.7797, 0.785, 0.7809, 0.7833, 0.7827, 0.779, 0.778, 0.7798, 0.7779, 0.7811, 0.7782], [0.7959, 0.797, 0.7986, 0.7968, 0.7944, 0.7987, 0.7967, 0.7978, 0.7992, 0.7968, 0.7968, 0.7945, 0.7982, 0.7951, 0.7978, 0.7974, 0.7963, 0.796, 0.7938, 0.7952, 0.7939, 0.7972, 0.7937, 0.7988, 0.7933], [0.7471, 0.7445, 0.7507, 0.7468, 0.7448, 0.7482, 0.7515, 0.7469, 0.7446, 0.7473, 0.7504, 0.7436, 0.747, 0.7474, 0.7462, 0.747, 0.7466, 0.7492, 0.748, 0.744, 0.7431, 0.7451, 0.7486, 0.745, 0.7476]]	
Results: 	[[0.7774, 0.7791, 0.7826, 0.7789, 0.7828, 0.7819, 0.7812, 0.7826, 0.7789, 0.7795, 0.78, 0.7801, 0.7784, 0.7788, 0.7797, 0.785, 0.7809, 0.7833, 0.7827, 0.779, 0.778, 0.7798, 0.7779, 0.7811, 0.7782, 0.7775], [0.7959, 0.797, 0.7986, 0.7968, 0.7944, 0.7987, 0.7967, 0.7978, 0.7992, 0.7968, 0.7968, 0.7945, 0.7982, 0.7951, 0.7978, 0.7974, 0.7963, 0.796, 0.7938, 0.7952, 0.7939, 0.7972, 0.7937, 0.7988, 0.7933, 0.7975], [0.7471, 0.7445, 0.7507, 0.7468, 0.7448, 0.7482, 0.7515, 0.7469, 0.7446, 0.7473, 0.7504, 0.7436, 0.747, 0.7474, 0.7462, 0.747, 0.7466, 0.7492, 0.748, 0.744, 0.7431, 0.7451, 0.7486, 0.745, 0.7476, 0.7468]]	
Results: 	[[0.7774, 0.7791, 0.7826, 0.7789, 0.7828, 0.7819, 0.7812, 0.7826, 0.7789, 0.7795, 0.78, 0.7801, 0.7784, 0.7788, 0.7797, 0.785, 0.7809, 0.7833, 0.7827, 0.779, 0.778, 0.7798, 0.7779, 0.7811, 0.7782, 0.7775, 0.7782], [0.7959, 0.797, 0.7986, 0.7968, 0.7944, 0.7987, 0.7967, 0.7978, 0.7992, 0.7968, 0.7968, 0.7945, 0.7982, 0.7951, 0.7978, 0.7974, 0.7963, 0.796, 0.7938, 0.7952, 0.7939, 0.7972, 0.7937, 0.7988, 0.7933, 0.7975, 0.7959], [0.7471, 0.7445, 0.7507, 0.7468, 0.7448, 0.7482, 0.7515, 0.7469, 0.7446, 0.7473, 0.7504, 0.7436, 0.747, 0.7474, 0.7462, 0.747, 0.7466, 0.7492, 0.748, 0.744, 0.7431, 0.7451, 0.7486, 0.745, 0.7476, 0.7468, 0.7473]]	
Results: 	[[0.7774, 0.7791, 0.7826, 0.7789, 0.7828, 0.7819, 0.7812, 0.7826, 0.7789, 0.7795, 0.78, 0.7801, 0.7784, 0.7788, 0.7797, 0.785, 0.7809, 0.7833, 0.7827, 0.779, 0.778, 0.7798, 0.7779, 0.7811, 0.7782, 0.7775, 0.7782, 0.7814], [0.7959, 0.797, 0.7986, 0.7968, 0.7944, 0.7987, 0.7967, 0.7978, 0.7992, 0.7968, 0.7968, 0.7945, 0.7982, 0.7951, 0.7978, 0.7974, 0.7963, 0.796, 0.7938, 0.7952, 0.7939, 0.7972, 0.7937, 0.7988, 0.7933, 0.7975, 0.7959, 0.7977], [0.7471, 0.7445, 0.7507, 0.7468, 0.7448, 0.7482, 0.7515, 0.7469, 0.7446, 0.7473, 0.7504, 0.7436, 0.747, 0.7474, 0.7462, 0.747, 0.7466, 0.7492, 0.748, 0.744, 0.7431, 0.7451, 0.7486, 0.745, 0.7476, 0.7468, 0.7473, 0.7431]]	
Results: 	[[0.7774, 0.7791, 0.7826, 0.7789, 0.7828, 0.7819, 0.7812, 0.7826, 0.7789, 0.7795, 0.78, 0.7801, 0.7784, 0.7788, 0.7797, 0.785, 0.7809, 0.7833, 0.7827, 0.779, 0.778, 0.7798, 0.7779, 0.7811, 0.7782, 0.7775, 0.7782, 0.7814, 0.7796], [0.7959, 0.797, 0.7986, 0.7968, 0.7944, 0.7987, 0.7967, 0.7978, 0.7992, 0.7968, 0.7968, 0.7945, 0.7982, 0.7951, 0.7978, 0.7974, 0.7963, 0.796, 0.7938, 0.7952, 0.7939, 0.7972, 0.7937, 0.7988, 0.7933, 0.7975, 0.7959, 0.7977, 0.795], [0.7471, 0.7445, 0.7507, 0.7468, 0.7448, 0.7482, 0.7515, 0.7469, 0.7446, 0.7473, 0.7504, 0.7436, 0.747, 0.7474, 0.7462, 0.747, 0.7466, 0.7492, 0.748, 0.744, 0.7431, 0.7451, 0.7486, 0.745, 0.7476, 0.7468, 0.7473, 0.7431, 0.7471]]	
Results: 	[[0.7774, 0.7791, 0.7826, 0.7789, 0.7828, 0.7819, 0.7812, 0.7826, 0.7789, 0.7795, 0.78, 0.7801, 0.7784, 0.7788, 0.7797, 0.785, 0.7809, 0.7833, 0.7827, 0.779, 0.778, 0.7798, 0.7779, 0.7811, 0.7782, 0.7775, 0.7782, 0.7814, 0.7796, 0.7822], [0.7959, 0.797, 0.7986, 0.7968, 0.7944, 0.7987, 0.7967, 0.7978, 0.7992, 0.7968, 0.7968, 0.7945, 0.7982, 0.7951, 0.7978, 0.7974, 0.7963, 0.796, 0.7938, 0.7952, 0.7939, 0.7972, 0.7937, 0.7988, 0.7933, 0.7975, 0.7959, 0.7977, 0.795, 0.797], [0.7471, 0.7445, 0.7507, 0.7468, 0.7448, 0.7482, 0.7515, 0.7469, 0.7446, 0.7473, 0.7504, 0.7436, 0.747, 0.7474, 0.7462, 0.747, 0.7466, 0.7492, 0.748, 0.744, 0.7431, 0.7451, 0.7486, 0.745, 0.7476, 0.7468, 0.7473, 0.7431, 0.7471, 0.7473]]
Support Sets: (Mean:0.7802233333333334, SD:0.0019791470355953198) | 	Support Sets: (Mean:0.7964333333333333, SD:0.0016605635381905114) | 	Support Sets: (Mean:0.74676, SD:0.002123367527106972) | 	
