Results: 	[[0.6544], [0.6074], [0.6369]]	
Results: 	[[0.6544, 0.6447], [0.6074, 0.6287], [0.6369, 0.6193]]	
Results: 	[[0.6544, 0.6447, 0.6503], [0.6074, 0.6287, 0.6266], [0.6369, 0.6193, 0.6366]]	
Results: 	[[0.6544, 0.6447, 0.6503, 0.6535], [0.6074, 0.6287, 0.6266, 0.6239], [0.6369, 0.6193, 0.6366, 0.6373]]	
Results: 	[[0.6544, 0.6447, 0.6503, 0.6535, 0.6645], [0.6074, 0.6287, 0.6266, 0.6239, 0.6182], [0.6369, 0.6193, 0.6366, 0.6373, 0.6348]]	
Results: 	[[0.6544, 0.6447, 0.6503, 0.6535, 0.6645, 0.6513], [0.6074, 0.6287, 0.6266, 0.6239, 0.6182, 0.6302], [0.6369, 0.6193, 0.6366, 0.6373, 0.6348, 0.6236]]	
Results: 	[[0.6544, 0.6447, 0.6503, 0.6535, 0.6645, 0.6513, 0.6441], [0.6074, 0.6287, 0.6266, 0.6239, 0.6182, 0.6302, 0.6144], [0.6369, 0.6193, 0.6366, 0.6373, 0.6348, 0.6236, 0.5937]]	
Results: 	[[0.6544, 0.6447, 0.6503, 0.6535, 0.6645, 0.6513, 0.6441, 0.663], [0.6074, 0.6287, 0.6266, 0.6239, 0.6182, 0.6302, 0.6144, 0.609], [0.6369, 0.6193, 0.6366, 0.6373, 0.6348, 0.6236, 0.5937, 0.6316]]	
Results: 	[[0.6544, 0.6447, 0.6503, 0.6535, 0.6645, 0.6513, 0.6441, 0.663, 0.6587], [0.6074, 0.6287, 0.6266, 0.6239, 0.6182, 0.6302, 0.6144, 0.609, 0.6103], [0.6369, 0.6193, 0.6366, 0.6373, 0.6348, 0.6236, 0.5937, 0.6316, 0.6212]]	
Results: 	[[0.6544, 0.6447, 0.6503, 0.6535, 0.6645, 0.6513, 0.6441, 0.663, 0.6587, 0.6697], [0.6074, 0.6287, 0.6266, 0.6239, 0.6182, 0.6302, 0.6144, 0.609, 0.6103, 0.6267], [0.6369, 0.6193, 0.6366, 0.6373, 0.6348, 0.6236, 0.5937, 0.6316, 0.6212, 0.6281]]	
Results: 	[[0.6544, 0.6447, 0.6503, 0.6535, 0.6645, 0.6513, 0.6441, 0.663, 0.6587, 0.6697, 0.6606], [0.6074, 0.6287, 0.6266, 0.6239, 0.6182, 0.6302, 0.6144, 0.609, 0.6103, 0.6267, 0.6266], [0.6369, 0.6193, 0.6366, 0.6373, 0.6348, 0.6236, 0.5937, 0.6316, 0.6212, 0.6281, 0.6328]]	
Results: 	[[0.6544, 0.6447, 0.6503, 0.6535, 0.6645, 0.6513, 0.6441, 0.663, 0.6587, 0.6697, 0.6606, 0.63], [0.6074, 0.6287, 0.6266, 0.6239, 0.6182, 0.6302, 0.6144, 0.609, 0.6103, 0.6267, 0.6266, 0.6296], [0.6369, 0.6193, 0.6366, 0.6373, 0.6348, 0.6236, 0.5937, 0.6316, 0.6212, 0.6281, 0.6328, 0.6102]]	
Results: 	[[0.6544, 0.6447, 0.6503, 0.6535, 0.6645, 0.6513, 0.6441, 0.663, 0.6587, 0.6697, 0.6606, 0.63, 0.658], [0.6074, 0.6287, 0.6266, 0.6239, 0.6182, 0.6302, 0.6144, 0.609, 0.6103, 0.6267, 0.6266, 0.6296, 0.6398], [0.6369, 0.6193, 0.6366, 0.6373, 0.6348, 0.6236, 0.5937, 0.6316, 0.6212, 0.6281, 0.6328, 0.6102, 0.6212]]	
Results: 	[[0.6544, 0.6447, 0.6503, 0.6535, 0.6645, 0.6513, 0.6441, 0.663, 0.6587, 0.6697, 0.6606, 0.63, 0.658, 0.6703], [0.6074, 0.6287, 0.6266, 0.6239, 0.6182, 0.6302, 0.6144, 0.609, 0.6103, 0.6267, 0.6266, 0.6296, 0.6398, 0.6009], [0.6369, 0.6193, 0.6366, 0.6373, 0.6348, 0.6236, 0.5937, 0.6316, 0.6212, 0.6281, 0.6328, 0.6102, 0.6212, 0.6206]]	
Results: 	[[0.6544, 0.6447, 0.6503, 0.6535, 0.6645, 0.6513, 0.6441, 0.663, 0.6587, 0.6697, 0.6606, 0.63, 0.658, 0.6703, 0.6483], [0.6074, 0.6287, 0.6266, 0.6239, 0.6182, 0.6302, 0.6144, 0.609, 0.6103, 0.6267, 0.6266, 0.6296, 0.6398, 0.6009, 0.6211], [0.6369, 0.6193, 0.6366, 0.6373, 0.6348, 0.6236, 0.5937, 0.6316, 0.6212, 0.6281, 0.6328, 0.6102, 0.6212, 0.6206, 0.6441]]	
Results: 	[[0.6544, 0.6447, 0.6503, 0.6535, 0.6645, 0.6513, 0.6441, 0.663, 0.6587, 0.6697, 0.6606, 0.63, 0.658, 0.6703, 0.6483, 0.6666], [0.6074, 0.6287, 0.6266, 0.6239, 0.6182, 0.6302, 0.6144, 0.609, 0.6103, 0.6267, 0.6266, 0.6296, 0.6398, 0.6009, 0.6211, 0.6356], [0.6369, 0.6193, 0.6366, 0.6373, 0.6348, 0.6236, 0.5937, 0.6316, 0.6212, 0.6281, 0.6328, 0.6102, 0.6212, 0.6206, 0.6441, 0.6061]]	
Results: 	[[0.6544, 0.6447, 0.6503, 0.6535, 0.6645, 0.6513, 0.6441, 0.663, 0.6587, 0.6697, 0.6606, 0.63, 0.658, 0.6703, 0.6483, 0.6666, 0.6211], [0.6074, 0.6287, 0.6266, 0.6239, 0.6182, 0.6302, 0.6144, 0.609, 0.6103, 0.6267, 0.6266, 0.6296, 0.6398, 0.6009, 0.6211, 0.6356, 0.6323], [0.6369, 0.6193, 0.6366, 0.6373, 0.6348, 0.6236, 0.5937, 0.6316, 0.6212, 0.6281, 0.6328, 0.6102, 0.6212, 0.6206, 0.6441, 0.6061, 0.6361]]	
Results: 	[[0.6544, 0.6447, 0.6503, 0.6535, 0.6645, 0.6513, 0.6441, 0.663, 0.6587, 0.6697, 0.6606, 0.63, 0.658, 0.6703, 0.6483, 0.6666, 0.6211, 0.6506], [0.6074, 0.6287, 0.6266, 0.6239, 0.6182, 0.6302, 0.6144, 0.609, 0.6103, 0.6267, 0.6266, 0.6296, 0.6398, 0.6009, 0.6211, 0.6356, 0.6323, 0.6562], [0.6369, 0.6193, 0.6366, 0.6373, 0.6348, 0.6236, 0.5937, 0.6316, 0.6212, 0.6281, 0.6328, 0.6102, 0.6212, 0.6206, 0.6441, 0.6061, 0.6361, 0.625]]	
Results: 	[[0.6544, 0.6447, 0.6503, 0.6535, 0.6645, 0.6513, 0.6441, 0.663, 0.6587, 0.6697, 0.6606, 0.63, 0.658, 0.6703, 0.6483, 0.6666, 0.6211, 0.6506, 0.6468], [0.6074, 0.6287, 0.6266, 0.6239, 0.6182, 0.6302, 0.6144, 0.609, 0.6103, 0.6267, 0.6266, 0.6296, 0.6398, 0.6009, 0.6211, 0.6356, 0.6323, 0.6562, 0.6246], [0.6369, 0.6193, 0.6366, 0.6373, 0.6348, 0.6236, 0.5937, 0.6316, 0.6212, 0.6281, 0.6328, 0.6102, 0.6212, 0.6206, 0.6441, 0.6061, 0.6361, 0.625, 0.6332]]	
Results: 	[[0.6544, 0.6447, 0.6503, 0.6535, 0.6645, 0.6513, 0.6441, 0.663, 0.6587, 0.6697, 0.6606, 0.63, 0.658, 0.6703, 0.6483, 0.6666, 0.6211, 0.6506, 0.6468, 0.6472], [0.6074, 0.6287, 0.6266, 0.6239, 0.6182, 0.6302, 0.6144, 0.609, 0.6103, 0.6267, 0.6266, 0.6296, 0.6398, 0.6009, 0.6211, 0.6356, 0.6323, 0.6562, 0.6246, 0.6267], [0.6369, 0.6193, 0.6366, 0.6373, 0.6348, 0.6236, 0.5937, 0.6316, 0.6212, 0.6281, 0.6328, 0.6102, 0.6212, 0.6206, 0.6441, 0.6061, 0.6361, 0.625, 0.6332, 0.646]]	
Results: 	[[0.6544, 0.6447, 0.6503, 0.6535, 0.6645, 0.6513, 0.6441, 0.663, 0.6587, 0.6697, 0.6606, 0.63, 0.658, 0.6703, 0.6483, 0.6666, 0.6211, 0.6506, 0.6468, 0.6472, 0.6655], [0.6074, 0.6287, 0.6266, 0.6239, 0.6182, 0.6302, 0.6144, 0.609, 0.6103, 0.6267, 0.6266, 0.6296, 0.6398, 0.6009, 0.6211, 0.6356, 0.6323, 0.6562, 0.6246, 0.6267, 0.6186], [0.6369, 0.6193, 0.6366, 0.6373, 0.6348, 0.6236, 0.5937, 0.6316, 0.6212, 0.6281, 0.6328, 0.6102, 0.6212, 0.6206, 0.6441, 0.6061, 0.6361, 0.625, 0.6332, 0.646, 0.632]]	
Results: 	[[0.6544, 0.6447, 0.6503, 0.6535, 0.6645, 0.6513, 0.6441, 0.663, 0.6587, 0.6697, 0.6606, 0.63, 0.658, 0.6703, 0.6483, 0.6666, 0.6211, 0.6506, 0.6468, 0.6472, 0.6655, 0.6476], [0.6074, 0.6287, 0.6266, 0.6239, 0.6182, 0.6302, 0.6144, 0.609, 0.6103, 0.6267, 0.6266, 0.6296, 0.6398, 0.6009, 0.6211, 0.6356, 0.6323, 0.6562, 0.6246, 0.6267, 0.6186, 0.6267], [0.6369, 0.6193, 0.6366, 0.6373, 0.6348, 0.6236, 0.5937, 0.6316, 0.6212, 0.6281, 0.6328, 0.6102, 0.6212, 0.6206, 0.6441, 0.6061, 0.6361, 0.625, 0.6332, 0.646, 0.632, 0.6278]]	
Results: 	[[0.6544, 0.6447, 0.6503, 0.6535, 0.6645, 0.6513, 0.6441, 0.663, 0.6587, 0.6697, 0.6606, 0.63, 0.658, 0.6703, 0.6483, 0.6666, 0.6211, 0.6506, 0.6468, 0.6472, 0.6655, 0.6476, 0.6646], [0.6074, 0.6287, 0.6266, 0.6239, 0.6182, 0.6302, 0.6144, 0.609, 0.6103, 0.6267, 0.6266, 0.6296, 0.6398, 0.6009, 0.6211, 0.6356, 0.6323, 0.6562, 0.6246, 0.6267, 0.6186, 0.6267, 0.6169], [0.6369, 0.6193, 0.6366, 0.6373, 0.6348, 0.6236, 0.5937, 0.6316, 0.6212, 0.6281, 0.6328, 0.6102, 0.6212, 0.6206, 0.6441, 0.6061, 0.6361, 0.625, 0.6332, 0.646, 0.632, 0.6278, 0.608]]	
Results: 	[[0.6544, 0.6447, 0.6503, 0.6535, 0.6645, 0.6513, 0.6441, 0.663, 0.6587, 0.6697, 0.6606, 0.63, 0.658, 0.6703, 0.6483, 0.6666, 0.6211, 0.6506, 0.6468, 0.6472, 0.6655, 0.6476, 0.6646, 0.6637], [0.6074, 0.6287, 0.6266, 0.6239, 0.6182, 0.6302, 0.6144, 0.609, 0.6103, 0.6267, 0.6266, 0.6296, 0.6398, 0.6009, 0.6211, 0.6356, 0.6323, 0.6562, 0.6246, 0.6267, 0.6186, 0.6267, 0.6169, 0.6258], [0.6369, 0.6193, 0.6366, 0.6373, 0.6348, 0.6236, 0.5937, 0.6316, 0.6212, 0.6281, 0.6328, 0.6102, 0.6212, 0.6206, 0.6441, 0.6061, 0.6361, 0.625, 0.6332, 0.646, 0.632, 0.6278, 0.608, 0.6383]]	
Results: 	[[0.6544, 0.6447, 0.6503, 0.6535, 0.6645, 0.6513, 0.6441, 0.663, 0.6587, 0.6697, 0.6606, 0.63, 0.658, 0.6703, 0.6483, 0.6666, 0.6211, 0.6506, 0.6468, 0.6472, 0.6655, 0.6476, 0.6646, 0.6637, 0.6561], [0.6074, 0.6287, 0.6266, 0.6239, 0.6182, 0.6302, 0.6144, 0.609, 0.6103, 0.6267, 0.6266, 0.6296, 0.6398, 0.6009, 0.6211, 0.6356, 0.6323, 0.6562, 0.6246, 0.6267, 0.6186, 0.6267, 0.6169, 0.6258, 0.6228], [0.6369, 0.6193, 0.6366, 0.6373, 0.6348, 0.6236, 0.5937, 0.6316, 0.6212, 0.6281, 0.6328, 0.6102, 0.6212, 0.6206, 0.6441, 0.6061, 0.6361, 0.625, 0.6332, 0.646, 0.632, 0.6278, 0.608, 0.6383, 0.6303]]	
Results: 	[[0.6544, 0.6447, 0.6503, 0.6535, 0.6645, 0.6513, 0.6441, 0.663, 0.6587, 0.6697, 0.6606, 0.63, 0.658, 0.6703, 0.6483, 0.6666, 0.6211, 0.6506, 0.6468, 0.6472, 0.6655, 0.6476, 0.6646, 0.6637, 0.6561, 0.6676], [0.6074, 0.6287, 0.6266, 0.6239, 0.6182, 0.6302, 0.6144, 0.609, 0.6103, 0.6267, 0.6266, 0.6296, 0.6398, 0.6009, 0.6211, 0.6356, 0.6323, 0.6562, 0.6246, 0.6267, 0.6186, 0.6267, 0.6169, 0.6258, 0.6228, 0.6125], [0.6369, 0.6193, 0.6366, 0.6373, 0.6348, 0.6236, 0.5937, 0.6316, 0.6212, 0.6281, 0.6328, 0.6102, 0.6212, 0.6206, 0.6441, 0.6061, 0.6361, 0.625, 0.6332, 0.646, 0.632, 0.6278, 0.608, 0.6383, 0.6303, 0.6432]]	
Results: 	[[0.6544, 0.6447, 0.6503, 0.6535, 0.6645, 0.6513, 0.6441, 0.663, 0.6587, 0.6697, 0.6606, 0.63, 0.658, 0.6703, 0.6483, 0.6666, 0.6211, 0.6506, 0.6468, 0.6472, 0.6655, 0.6476, 0.6646, 0.6637, 0.6561, 0.6676, 0.6371], [0.6074, 0.6287, 0.6266, 0.6239, 0.6182, 0.6302, 0.6144, 0.609, 0.6103, 0.6267, 0.6266, 0.6296, 0.6398, 0.6009, 0.6211, 0.6356, 0.6323, 0.6562, 0.6246, 0.6267, 0.6186, 0.6267, 0.6169, 0.6258, 0.6228, 0.6125, 0.6193], [0.6369, 0.6193, 0.6366, 0.6373, 0.6348, 0.6236, 0.5937, 0.6316, 0.6212, 0.6281, 0.6328, 0.6102, 0.6212, 0.6206, 0.6441, 0.6061, 0.6361, 0.625, 0.6332, 0.646, 0.632, 0.6278, 0.608, 0.6383, 0.6303, 0.6432, 0.6305]]	
Results: 	[[0.6544, 0.6447, 0.6503, 0.6535, 0.6645, 0.6513, 0.6441, 0.663, 0.6587, 0.6697, 0.6606, 0.63, 0.658, 0.6703, 0.6483, 0.6666, 0.6211, 0.6506, 0.6468, 0.6472, 0.6655, 0.6476, 0.6646, 0.6637, 0.6561, 0.6676, 0.6371, 0.6559], [0.6074, 0.6287, 0.6266, 0.6239, 0.6182, 0.6302, 0.6144, 0.609, 0.6103, 0.6267, 0.6266, 0.6296, 0.6398, 0.6009, 0.6211, 0.6356, 0.6323, 0.6562, 0.6246, 0.6267, 0.6186, 0.6267, 0.6169, 0.6258, 0.6228, 0.6125, 0.6193, 0.6306], [0.6369, 0.6193, 0.6366, 0.6373, 0.6348, 0.6236, 0.5937, 0.6316, 0.6212, 0.6281, 0.6328, 0.6102, 0.6212, 0.6206, 0.6441, 0.6061, 0.6361, 0.625, 0.6332, 0.646, 0.632, 0.6278, 0.608, 0.6383, 0.6303, 0.6432, 0.6305, 0.6199]]	
Results: 	[[0.6544, 0.6447, 0.6503, 0.6535, 0.6645, 0.6513, 0.6441, 0.663, 0.6587, 0.6697, 0.6606, 0.63, 0.658, 0.6703, 0.6483, 0.6666, 0.6211, 0.6506, 0.6468, 0.6472, 0.6655, 0.6476, 0.6646, 0.6637, 0.6561, 0.6676, 0.6371, 0.6559, 0.6493], [0.6074, 0.6287, 0.6266, 0.6239, 0.6182, 0.6302, 0.6144, 0.609, 0.6103, 0.6267, 0.6266, 0.6296, 0.6398, 0.6009, 0.6211, 0.6356, 0.6323, 0.6562, 0.6246, 0.6267, 0.6186, 0.6267, 0.6169, 0.6258, 0.6228, 0.6125, 0.6193, 0.6306, 0.6349], [0.6369, 0.6193, 0.6366, 0.6373, 0.6348, 0.6236, 0.5937, 0.6316, 0.6212, 0.6281, 0.6328, 0.6102, 0.6212, 0.6206, 0.6441, 0.6061, 0.6361, 0.625, 0.6332, 0.646, 0.632, 0.6278, 0.608, 0.6383, 0.6303, 0.6432, 0.6305, 0.6199, 0.6345]]	
Results: 	[[0.6544, 0.6447, 0.6503, 0.6535, 0.6645, 0.6513, 0.6441, 0.663, 0.6587, 0.6697, 0.6606, 0.63, 0.658, 0.6703, 0.6483, 0.6666, 0.6211, 0.6506, 0.6468, 0.6472, 0.6655, 0.6476, 0.6646, 0.6637, 0.6561, 0.6676, 0.6371, 0.6559, 0.6493, 0.6385], [0.6074, 0.6287, 0.6266, 0.6239, 0.6182, 0.6302, 0.6144, 0.609, 0.6103, 0.6267, 0.6266, 0.6296, 0.6398, 0.6009, 0.6211, 0.6356, 0.6323, 0.6562, 0.6246, 0.6267, 0.6186, 0.6267, 0.6169, 0.6258, 0.6228, 0.6125, 0.6193, 0.6306, 0.6349, 0.6242], [0.6369, 0.6193, 0.6366, 0.6373, 0.6348, 0.6236, 0.5937, 0.6316, 0.6212, 0.6281, 0.6328, 0.6102, 0.6212, 0.6206, 0.6441, 0.6061, 0.6361, 0.625, 0.6332, 0.646, 0.632, 0.6278, 0.608, 0.6383, 0.6303, 0.6432, 0.6305, 0.6199, 0.6345, 0.6378]]
Support Sets: (Mean:0.65332, SD:0.01182776977840854) | 	Support Sets: (Mean:0.6240366666666667, SD:0.010787300430353874) | 	Support Sets: (Mean:0.6280233333333334, SD:0.012020949624928043) | 	
