Results: 	[[0.639], [0.7285], [0.6632], [0.6451], [0.5753], [0.6772]]	
Results: 	[[0.639, 0.6592], [0.7285, 0.7391], [0.6632, 0.6394], [0.6451, 0.6391], [0.5753, 0.5849], [0.6772, 0.703]]	
Results: 	[[0.639, 0.6592, 0.6355], [0.7285, 0.7391, 0.7371], [0.6632, 0.6394, 0.6531], [0.6451, 0.6391, 0.6166], [0.5753, 0.5849, 0.5923], [0.6772, 0.703, 0.692]]	
Results: 	[[0.639, 0.6592, 0.6355, 0.6315], [0.7285, 0.7391, 0.7371, 0.7184], [0.6632, 0.6394, 0.6531, 0.6612], [0.6451, 0.6391, 0.6166, 0.6406], [0.5753, 0.5849, 0.5923, 0.6049], [0.6772, 0.703, 0.692, 0.7013]]	
Results: 	[[0.639, 0.6592, 0.6355, 0.6315, 0.6208], [0.7285, 0.7391, 0.7371, 0.7184, 0.7276], [0.6632, 0.6394, 0.6531, 0.6612, 0.6512], [0.6451, 0.6391, 0.6166, 0.6406, 0.6284], [0.5753, 0.5849, 0.5923, 0.6049, 0.6022], [0.6772, 0.703, 0.692, 0.7013, 0.6712]]	
Results: 	[[0.639, 0.6592, 0.6355, 0.6315, 0.6208, 0.6416], [0.7285, 0.7391, 0.7371, 0.7184, 0.7276, 0.7228], [0.6632, 0.6394, 0.6531, 0.6612, 0.6512, 0.6537], [0.6451, 0.6391, 0.6166, 0.6406, 0.6284, 0.6404], [0.5753, 0.5849, 0.5923, 0.6049, 0.6022, 0.6023], [0.6772, 0.703, 0.692, 0.7013, 0.6712, 0.6609]]	
Results: 	[[0.639, 0.6592, 0.6355, 0.6315, 0.6208, 0.6416, 0.6284], [0.7285, 0.7391, 0.7371, 0.7184, 0.7276, 0.7228, 0.7402], [0.6632, 0.6394, 0.6531, 0.6612, 0.6512, 0.6537, 0.6379], [0.6451, 0.6391, 0.6166, 0.6406, 0.6284, 0.6404, 0.6219], [0.5753, 0.5849, 0.5923, 0.6049, 0.6022, 0.6023, 0.5882], [0.6772, 0.703, 0.692, 0.7013, 0.6712, 0.6609, 0.6807]]	
Results: 	[[0.639, 0.6592, 0.6355, 0.6315, 0.6208, 0.6416, 0.6284, 0.638], [0.7285, 0.7391, 0.7371, 0.7184, 0.7276, 0.7228, 0.7402, 0.7244], [0.6632, 0.6394, 0.6531, 0.6612, 0.6512, 0.6537, 0.6379, 0.6538], [0.6451, 0.6391, 0.6166, 0.6406, 0.6284, 0.6404, 0.6219, 0.6347], [0.5753, 0.5849, 0.5923, 0.6049, 0.6022, 0.6023, 0.5882, 0.5825], [0.6772, 0.703, 0.692, 0.7013, 0.6712, 0.6609, 0.6807, 0.6817]]	
Results: 	[[0.639, 0.6592, 0.6355, 0.6315, 0.6208, 0.6416, 0.6284, 0.638, 0.6293], [0.7285, 0.7391, 0.7371, 0.7184, 0.7276, 0.7228, 0.7402, 0.7244, 0.7228], [0.6632, 0.6394, 0.6531, 0.6612, 0.6512, 0.6537, 0.6379, 0.6538, 0.6439], [0.6451, 0.6391, 0.6166, 0.6406, 0.6284, 0.6404, 0.6219, 0.6347, 0.6478], [0.5753, 0.5849, 0.5923, 0.6049, 0.6022, 0.6023, 0.5882, 0.5825, 0.587], [0.6772, 0.703, 0.692, 0.7013, 0.6712, 0.6609, 0.6807, 0.6817, 0.6784]]	
Results: 	[[0.639, 0.6592, 0.6355, 0.6315, 0.6208, 0.6416, 0.6284, 0.638, 0.6293, 0.6211], [0.7285, 0.7391, 0.7371, 0.7184, 0.7276, 0.7228, 0.7402, 0.7244, 0.7228, 0.7215], [0.6632, 0.6394, 0.6531, 0.6612, 0.6512, 0.6537, 0.6379, 0.6538, 0.6439, 0.6435], [0.6451, 0.6391, 0.6166, 0.6406, 0.6284, 0.6404, 0.6219, 0.6347, 0.6478, 0.614], [0.5753, 0.5849, 0.5923, 0.6049, 0.6022, 0.6023, 0.5882, 0.5825, 0.587, 0.5899], [0.6772, 0.703, 0.692, 0.7013, 0.6712, 0.6609, 0.6807, 0.6817, 0.6784, 0.6542]]	
Results: 	[[0.639, 0.6592, 0.6355, 0.6315, 0.6208, 0.6416, 0.6284, 0.638, 0.6293, 0.6211, 0.6427], [0.7285, 0.7391, 0.7371, 0.7184, 0.7276, 0.7228, 0.7402, 0.7244, 0.7228, 0.7215, 0.7264], [0.6632, 0.6394, 0.6531, 0.6612, 0.6512, 0.6537, 0.6379, 0.6538, 0.6439, 0.6435, 0.6413], [0.6451, 0.6391, 0.6166, 0.6406, 0.6284, 0.6404, 0.6219, 0.6347, 0.6478, 0.614, 0.6171], [0.5753, 0.5849, 0.5923, 0.6049, 0.6022, 0.6023, 0.5882, 0.5825, 0.587, 0.5899, 0.6106], [0.6772, 0.703, 0.692, 0.7013, 0.6712, 0.6609, 0.6807, 0.6817, 0.6784, 0.6542, 0.6783]]	
Results: 	[[0.639, 0.6592, 0.6355, 0.6315, 0.6208, 0.6416, 0.6284, 0.638, 0.6293, 0.6211, 0.6427, 0.6212], [0.7285, 0.7391, 0.7371, 0.7184, 0.7276, 0.7228, 0.7402, 0.7244, 0.7228, 0.7215, 0.7264, 0.7162], [0.6632, 0.6394, 0.6531, 0.6612, 0.6512, 0.6537, 0.6379, 0.6538, 0.6439, 0.6435, 0.6413, 0.6577], [0.6451, 0.6391, 0.6166, 0.6406, 0.6284, 0.6404, 0.6219, 0.6347, 0.6478, 0.614, 0.6171, 0.6274], [0.5753, 0.5849, 0.5923, 0.6049, 0.6022, 0.6023, 0.5882, 0.5825, 0.587, 0.5899, 0.6106, 0.5824], [0.6772, 0.703, 0.692, 0.7013, 0.6712, 0.6609, 0.6807, 0.6817, 0.6784, 0.6542, 0.6783, 0.6951]]	
Results: 	[[0.639, 0.6592, 0.6355, 0.6315, 0.6208, 0.6416, 0.6284, 0.638, 0.6293, 0.6211, 0.6427, 0.6212, 0.6455], [0.7285, 0.7391, 0.7371, 0.7184, 0.7276, 0.7228, 0.7402, 0.7244, 0.7228, 0.7215, 0.7264, 0.7162, 0.7325], [0.6632, 0.6394, 0.6531, 0.6612, 0.6512, 0.6537, 0.6379, 0.6538, 0.6439, 0.6435, 0.6413, 0.6577, 0.6611], [0.6451, 0.6391, 0.6166, 0.6406, 0.6284, 0.6404, 0.6219, 0.6347, 0.6478, 0.614, 0.6171, 0.6274, 0.6173], [0.5753, 0.5849, 0.5923, 0.6049, 0.6022, 0.6023, 0.5882, 0.5825, 0.587, 0.5899, 0.6106, 0.5824, 0.5781], [0.6772, 0.703, 0.692, 0.7013, 0.6712, 0.6609, 0.6807, 0.6817, 0.6784, 0.6542, 0.6783, 0.6951, 0.6724]]	
Results: 	[[0.639, 0.6592, 0.6355, 0.6315, 0.6208, 0.6416, 0.6284, 0.638, 0.6293, 0.6211, 0.6427, 0.6212, 0.6455, 0.6438], [0.7285, 0.7391, 0.7371, 0.7184, 0.7276, 0.7228, 0.7402, 0.7244, 0.7228, 0.7215, 0.7264, 0.7162, 0.7325, 0.7218], [0.6632, 0.6394, 0.6531, 0.6612, 0.6512, 0.6537, 0.6379, 0.6538, 0.6439, 0.6435, 0.6413, 0.6577, 0.6611, 0.6645], [0.6451, 0.6391, 0.6166, 0.6406, 0.6284, 0.6404, 0.6219, 0.6347, 0.6478, 0.614, 0.6171, 0.6274, 0.6173, 0.6425], [0.5753, 0.5849, 0.5923, 0.6049, 0.6022, 0.6023, 0.5882, 0.5825, 0.587, 0.5899, 0.6106, 0.5824, 0.5781, 0.5848], [0.6772, 0.703, 0.692, 0.7013, 0.6712, 0.6609, 0.6807, 0.6817, 0.6784, 0.6542, 0.6783, 0.6951, 0.6724, 0.6963]]	
Results: 	[[0.639, 0.6592, 0.6355, 0.6315, 0.6208, 0.6416, 0.6284, 0.638, 0.6293, 0.6211, 0.6427, 0.6212, 0.6455, 0.6438, 0.6289], [0.7285, 0.7391, 0.7371, 0.7184, 0.7276, 0.7228, 0.7402, 0.7244, 0.7228, 0.7215, 0.7264, 0.7162, 0.7325, 0.7218, 0.7325], [0.6632, 0.6394, 0.6531, 0.6612, 0.6512, 0.6537, 0.6379, 0.6538, 0.6439, 0.6435, 0.6413, 0.6577, 0.6611, 0.6645, 0.6392], [0.6451, 0.6391, 0.6166, 0.6406, 0.6284, 0.6404, 0.6219, 0.6347, 0.6478, 0.614, 0.6171, 0.6274, 0.6173, 0.6425, 0.6332], [0.5753, 0.5849, 0.5923, 0.6049, 0.6022, 0.6023, 0.5882, 0.5825, 0.587, 0.5899, 0.6106, 0.5824, 0.5781, 0.5848, 0.5945], [0.6772, 0.703, 0.692, 0.7013, 0.6712, 0.6609, 0.6807, 0.6817, 0.6784, 0.6542, 0.6783, 0.6951, 0.6724, 0.6963, 0.6729]]	
Results: 	[[0.639, 0.6592, 0.6355, 0.6315, 0.6208, 0.6416, 0.6284, 0.638, 0.6293, 0.6211, 0.6427, 0.6212, 0.6455, 0.6438, 0.6289, 0.6434], [0.7285, 0.7391, 0.7371, 0.7184, 0.7276, 0.7228, 0.7402, 0.7244, 0.7228, 0.7215, 0.7264, 0.7162, 0.7325, 0.7218, 0.7325, 0.7306], [0.6632, 0.6394, 0.6531, 0.6612, 0.6512, 0.6537, 0.6379, 0.6538, 0.6439, 0.6435, 0.6413, 0.6577, 0.6611, 0.6645, 0.6392, 0.6549], [0.6451, 0.6391, 0.6166, 0.6406, 0.6284, 0.6404, 0.6219, 0.6347, 0.6478, 0.614, 0.6171, 0.6274, 0.6173, 0.6425, 0.6332, 0.6313], [0.5753, 0.5849, 0.5923, 0.6049, 0.6022, 0.6023, 0.5882, 0.5825, 0.587, 0.5899, 0.6106, 0.5824, 0.5781, 0.5848, 0.5945, 0.6112], [0.6772, 0.703, 0.692, 0.7013, 0.6712, 0.6609, 0.6807, 0.6817, 0.6784, 0.6542, 0.6783, 0.6951, 0.6724, 0.6963, 0.6729, 0.6815]]	
Results: 	[[0.639, 0.6592, 0.6355, 0.6315, 0.6208, 0.6416, 0.6284, 0.638, 0.6293, 0.6211, 0.6427, 0.6212, 0.6455, 0.6438, 0.6289, 0.6434, 0.6306], [0.7285, 0.7391, 0.7371, 0.7184, 0.7276, 0.7228, 0.7402, 0.7244, 0.7228, 0.7215, 0.7264, 0.7162, 0.7325, 0.7218, 0.7325, 0.7306, 0.72], [0.6632, 0.6394, 0.6531, 0.6612, 0.6512, 0.6537, 0.6379, 0.6538, 0.6439, 0.6435, 0.6413, 0.6577, 0.6611, 0.6645, 0.6392, 0.6549, 0.6326], [0.6451, 0.6391, 0.6166, 0.6406, 0.6284, 0.6404, 0.6219, 0.6347, 0.6478, 0.614, 0.6171, 0.6274, 0.6173, 0.6425, 0.6332, 0.6313, 0.6196], [0.5753, 0.5849, 0.5923, 0.6049, 0.6022, 0.6023, 0.5882, 0.5825, 0.587, 0.5899, 0.6106, 0.5824, 0.5781, 0.5848, 0.5945, 0.6112, 0.5974], [0.6772, 0.703, 0.692, 0.7013, 0.6712, 0.6609, 0.6807, 0.6817, 0.6784, 0.6542, 0.6783, 0.6951, 0.6724, 0.6963, 0.6729, 0.6815, 0.6699]]	
Results: 	[[0.639, 0.6592, 0.6355, 0.6315, 0.6208, 0.6416, 0.6284, 0.638, 0.6293, 0.6211, 0.6427, 0.6212, 0.6455, 0.6438, 0.6289, 0.6434, 0.6306, 0.6318], [0.7285, 0.7391, 0.7371, 0.7184, 0.7276, 0.7228, 0.7402, 0.7244, 0.7228, 0.7215, 0.7264, 0.7162, 0.7325, 0.7218, 0.7325, 0.7306, 0.72, 0.7274], [0.6632, 0.6394, 0.6531, 0.6612, 0.6512, 0.6537, 0.6379, 0.6538, 0.6439, 0.6435, 0.6413, 0.6577, 0.6611, 0.6645, 0.6392, 0.6549, 0.6326, 0.6512], [0.6451, 0.6391, 0.6166, 0.6406, 0.6284, 0.6404, 0.6219, 0.6347, 0.6478, 0.614, 0.6171, 0.6274, 0.6173, 0.6425, 0.6332, 0.6313, 0.6196, 0.6264], [0.5753, 0.5849, 0.5923, 0.6049, 0.6022, 0.6023, 0.5882, 0.5825, 0.587, 0.5899, 0.6106, 0.5824, 0.5781, 0.5848, 0.5945, 0.6112, 0.5974, 0.5897], [0.6772, 0.703, 0.692, 0.7013, 0.6712, 0.6609, 0.6807, 0.6817, 0.6784, 0.6542, 0.6783, 0.6951, 0.6724, 0.6963, 0.6729, 0.6815, 0.6699, 0.6767]]	
Results: 	[[0.639, 0.6592, 0.6355, 0.6315, 0.6208, 0.6416, 0.6284, 0.638, 0.6293, 0.6211, 0.6427, 0.6212, 0.6455, 0.6438, 0.6289, 0.6434, 0.6306, 0.6318, 0.6372], [0.7285, 0.7391, 0.7371, 0.7184, 0.7276, 0.7228, 0.7402, 0.7244, 0.7228, 0.7215, 0.7264, 0.7162, 0.7325, 0.7218, 0.7325, 0.7306, 0.72, 0.7274, 0.7151], [0.6632, 0.6394, 0.6531, 0.6612, 0.6512, 0.6537, 0.6379, 0.6538, 0.6439, 0.6435, 0.6413, 0.6577, 0.6611, 0.6645, 0.6392, 0.6549, 0.6326, 0.6512, 0.6496], [0.6451, 0.6391, 0.6166, 0.6406, 0.6284, 0.6404, 0.6219, 0.6347, 0.6478, 0.614, 0.6171, 0.6274, 0.6173, 0.6425, 0.6332, 0.6313, 0.6196, 0.6264, 0.6364], [0.5753, 0.5849, 0.5923, 0.6049, 0.6022, 0.6023, 0.5882, 0.5825, 0.587, 0.5899, 0.6106, 0.5824, 0.5781, 0.5848, 0.5945, 0.6112, 0.5974, 0.5897, 0.5958], [0.6772, 0.703, 0.692, 0.7013, 0.6712, 0.6609, 0.6807, 0.6817, 0.6784, 0.6542, 0.6783, 0.6951, 0.6724, 0.6963, 0.6729, 0.6815, 0.6699, 0.6767, 0.6507]]	
Results: 	[[0.639, 0.6592, 0.6355, 0.6315, 0.6208, 0.6416, 0.6284, 0.638, 0.6293, 0.6211, 0.6427, 0.6212, 0.6455, 0.6438, 0.6289, 0.6434, 0.6306, 0.6318, 0.6372, 0.6287], [0.7285, 0.7391, 0.7371, 0.7184, 0.7276, 0.7228, 0.7402, 0.7244, 0.7228, 0.7215, 0.7264, 0.7162, 0.7325, 0.7218, 0.7325, 0.7306, 0.72, 0.7274, 0.7151, 0.7127], [0.6632, 0.6394, 0.6531, 0.6612, 0.6512, 0.6537, 0.6379, 0.6538, 0.6439, 0.6435, 0.6413, 0.6577, 0.6611, 0.6645, 0.6392, 0.6549, 0.6326, 0.6512, 0.6496, 0.6333], [0.6451, 0.6391, 0.6166, 0.6406, 0.6284, 0.6404, 0.6219, 0.6347, 0.6478, 0.614, 0.6171, 0.6274, 0.6173, 0.6425, 0.6332, 0.6313, 0.6196, 0.6264, 0.6364, 0.6406], [0.5753, 0.5849, 0.5923, 0.6049, 0.6022, 0.6023, 0.5882, 0.5825, 0.587, 0.5899, 0.6106, 0.5824, 0.5781, 0.5848, 0.5945, 0.6112, 0.5974, 0.5897, 0.5958, 0.5998], [0.6772, 0.703, 0.692, 0.7013, 0.6712, 0.6609, 0.6807, 0.6817, 0.6784, 0.6542, 0.6783, 0.6951, 0.6724, 0.6963, 0.6729, 0.6815, 0.6699, 0.6767, 0.6507, 0.6758]]	
Results: 	[[0.639, 0.6592, 0.6355, 0.6315, 0.6208, 0.6416, 0.6284, 0.638, 0.6293, 0.6211, 0.6427, 0.6212, 0.6455, 0.6438, 0.6289, 0.6434, 0.6306, 0.6318, 0.6372, 0.6287, 0.6275], [0.7285, 0.7391, 0.7371, 0.7184, 0.7276, 0.7228, 0.7402, 0.7244, 0.7228, 0.7215, 0.7264, 0.7162, 0.7325, 0.7218, 0.7325, 0.7306, 0.72, 0.7274, 0.7151, 0.7127, 0.7254], [0.6632, 0.6394, 0.6531, 0.6612, 0.6512, 0.6537, 0.6379, 0.6538, 0.6439, 0.6435, 0.6413, 0.6577, 0.6611, 0.6645, 0.6392, 0.6549, 0.6326, 0.6512, 0.6496, 0.6333, 0.6483], [0.6451, 0.6391, 0.6166, 0.6406, 0.6284, 0.6404, 0.6219, 0.6347, 0.6478, 0.614, 0.6171, 0.6274, 0.6173, 0.6425, 0.6332, 0.6313, 0.6196, 0.6264, 0.6364, 0.6406, 0.6293], [0.5753, 0.5849, 0.5923, 0.6049, 0.6022, 0.6023, 0.5882, 0.5825, 0.587, 0.5899, 0.6106, 0.5824, 0.5781, 0.5848, 0.5945, 0.6112, 0.5974, 0.5897, 0.5958, 0.5998, 0.5933], [0.6772, 0.703, 0.692, 0.7013, 0.6712, 0.6609, 0.6807, 0.6817, 0.6784, 0.6542, 0.6783, 0.6951, 0.6724, 0.6963, 0.6729, 0.6815, 0.6699, 0.6767, 0.6507, 0.6758, 0.6837]]	
Results: 	[[0.639, 0.6592, 0.6355, 0.6315, 0.6208, 0.6416, 0.6284, 0.638, 0.6293, 0.6211, 0.6427, 0.6212, 0.6455, 0.6438, 0.6289, 0.6434, 0.6306, 0.6318, 0.6372, 0.6287, 0.6275, 0.6203], [0.7285, 0.7391, 0.7371, 0.7184, 0.7276, 0.7228, 0.7402, 0.7244, 0.7228, 0.7215, 0.7264, 0.7162, 0.7325, 0.7218, 0.7325, 0.7306, 0.72, 0.7274, 0.7151, 0.7127, 0.7254, 0.7038], [0.6632, 0.6394, 0.6531, 0.6612, 0.6512, 0.6537, 0.6379, 0.6538, 0.6439, 0.6435, 0.6413, 0.6577, 0.6611, 0.6645, 0.6392, 0.6549, 0.6326, 0.6512, 0.6496, 0.6333, 0.6483, 0.6516], [0.6451, 0.6391, 0.6166, 0.6406, 0.6284, 0.6404, 0.6219, 0.6347, 0.6478, 0.614, 0.6171, 0.6274, 0.6173, 0.6425, 0.6332, 0.6313, 0.6196, 0.6264, 0.6364, 0.6406, 0.6293, 0.6209], [0.5753, 0.5849, 0.5923, 0.6049, 0.6022, 0.6023, 0.5882, 0.5825, 0.587, 0.5899, 0.6106, 0.5824, 0.5781, 0.5848, 0.5945, 0.6112, 0.5974, 0.5897, 0.5958, 0.5998, 0.5933, 0.5974], [0.6772, 0.703, 0.692, 0.7013, 0.6712, 0.6609, 0.6807, 0.6817, 0.6784, 0.6542, 0.6783, 0.6951, 0.6724, 0.6963, 0.6729, 0.6815, 0.6699, 0.6767, 0.6507, 0.6758, 0.6837, 0.6661]]	
Results: 	[[0.639, 0.6592, 0.6355, 0.6315, 0.6208, 0.6416, 0.6284, 0.638, 0.6293, 0.6211, 0.6427, 0.6212, 0.6455, 0.6438, 0.6289, 0.6434, 0.6306, 0.6318, 0.6372, 0.6287, 0.6275, 0.6203, 0.6343], [0.7285, 0.7391, 0.7371, 0.7184, 0.7276, 0.7228, 0.7402, 0.7244, 0.7228, 0.7215, 0.7264, 0.7162, 0.7325, 0.7218, 0.7325, 0.7306, 0.72, 0.7274, 0.7151, 0.7127, 0.7254, 0.7038, 0.7252], [0.6632, 0.6394, 0.6531, 0.6612, 0.6512, 0.6537, 0.6379, 0.6538, 0.6439, 0.6435, 0.6413, 0.6577, 0.6611, 0.6645, 0.6392, 0.6549, 0.6326, 0.6512, 0.6496, 0.6333, 0.6483, 0.6516, 0.6564], [0.6451, 0.6391, 0.6166, 0.6406, 0.6284, 0.6404, 0.6219, 0.6347, 0.6478, 0.614, 0.6171, 0.6274, 0.6173, 0.6425, 0.6332, 0.6313, 0.6196, 0.6264, 0.6364, 0.6406, 0.6293, 0.6209, 0.6278], [0.5753, 0.5849, 0.5923, 0.6049, 0.6022, 0.6023, 0.5882, 0.5825, 0.587, 0.5899, 0.6106, 0.5824, 0.5781, 0.5848, 0.5945, 0.6112, 0.5974, 0.5897, 0.5958, 0.5998, 0.5933, 0.5974, 0.5765], [0.6772, 0.703, 0.692, 0.7013, 0.6712, 0.6609, 0.6807, 0.6817, 0.6784, 0.6542, 0.6783, 0.6951, 0.6724, 0.6963, 0.6729, 0.6815, 0.6699, 0.6767, 0.6507, 0.6758, 0.6837, 0.6661, 0.6767]]	
Results: 	[[0.639, 0.6592, 0.6355, 0.6315, 0.6208, 0.6416, 0.6284, 0.638, 0.6293, 0.6211, 0.6427, 0.6212, 0.6455, 0.6438, 0.6289, 0.6434, 0.6306, 0.6318, 0.6372, 0.6287, 0.6275, 0.6203, 0.6343, 0.6209], [0.7285, 0.7391, 0.7371, 0.7184, 0.7276, 0.7228, 0.7402, 0.7244, 0.7228, 0.7215, 0.7264, 0.7162, 0.7325, 0.7218, 0.7325, 0.7306, 0.72, 0.7274, 0.7151, 0.7127, 0.7254, 0.7038, 0.7252, 0.7178], [0.6632, 0.6394, 0.6531, 0.6612, 0.6512, 0.6537, 0.6379, 0.6538, 0.6439, 0.6435, 0.6413, 0.6577, 0.6611, 0.6645, 0.6392, 0.6549, 0.6326, 0.6512, 0.6496, 0.6333, 0.6483, 0.6516, 0.6564, 0.6364], [0.6451, 0.6391, 0.6166, 0.6406, 0.6284, 0.6404, 0.6219, 0.6347, 0.6478, 0.614, 0.6171, 0.6274, 0.6173, 0.6425, 0.6332, 0.6313, 0.6196, 0.6264, 0.6364, 0.6406, 0.6293, 0.6209, 0.6278, 0.6282], [0.5753, 0.5849, 0.5923, 0.6049, 0.6022, 0.6023, 0.5882, 0.5825, 0.587, 0.5899, 0.6106, 0.5824, 0.5781, 0.5848, 0.5945, 0.6112, 0.5974, 0.5897, 0.5958, 0.5998, 0.5933, 0.5974, 0.5765, 0.5883], [0.6772, 0.703, 0.692, 0.7013, 0.6712, 0.6609, 0.6807, 0.6817, 0.6784, 0.6542, 0.6783, 0.6951, 0.6724, 0.6963, 0.6729, 0.6815, 0.6699, 0.6767, 0.6507, 0.6758, 0.6837, 0.6661, 0.6767, 0.6641]]	
Results: 	[[0.639, 0.6592, 0.6355, 0.6315, 0.6208, 0.6416, 0.6284, 0.638, 0.6293, 0.6211, 0.6427, 0.6212, 0.6455, 0.6438, 0.6289, 0.6434, 0.6306, 0.6318, 0.6372, 0.6287, 0.6275, 0.6203, 0.6343, 0.6209, 0.6249], [0.7285, 0.7391, 0.7371, 0.7184, 0.7276, 0.7228, 0.7402, 0.7244, 0.7228, 0.7215, 0.7264, 0.7162, 0.7325, 0.7218, 0.7325, 0.7306, 0.72, 0.7274, 0.7151, 0.7127, 0.7254, 0.7038, 0.7252, 0.7178, 0.727], [0.6632, 0.6394, 0.6531, 0.6612, 0.6512, 0.6537, 0.6379, 0.6538, 0.6439, 0.6435, 0.6413, 0.6577, 0.6611, 0.6645, 0.6392, 0.6549, 0.6326, 0.6512, 0.6496, 0.6333, 0.6483, 0.6516, 0.6564, 0.6364, 0.6353], [0.6451, 0.6391, 0.6166, 0.6406, 0.6284, 0.6404, 0.6219, 0.6347, 0.6478, 0.614, 0.6171, 0.6274, 0.6173, 0.6425, 0.6332, 0.6313, 0.6196, 0.6264, 0.6364, 0.6406, 0.6293, 0.6209, 0.6278, 0.6282, 0.644], [0.5753, 0.5849, 0.5923, 0.6049, 0.6022, 0.6023, 0.5882, 0.5825, 0.587, 0.5899, 0.6106, 0.5824, 0.5781, 0.5848, 0.5945, 0.6112, 0.5974, 0.5897, 0.5958, 0.5998, 0.5933, 0.5974, 0.5765, 0.5883, 0.5852], [0.6772, 0.703, 0.692, 0.7013, 0.6712, 0.6609, 0.6807, 0.6817, 0.6784, 0.6542, 0.6783, 0.6951, 0.6724, 0.6963, 0.6729, 0.6815, 0.6699, 0.6767, 0.6507, 0.6758, 0.6837, 0.6661, 0.6767, 0.6641, 0.6956]]	
Results: 	[[0.639, 0.6592, 0.6355, 0.6315, 0.6208, 0.6416, 0.6284, 0.638, 0.6293, 0.6211, 0.6427, 0.6212, 0.6455, 0.6438, 0.6289, 0.6434, 0.6306, 0.6318, 0.6372, 0.6287, 0.6275, 0.6203, 0.6343, 0.6209, 0.6249, 0.6347], [0.7285, 0.7391, 0.7371, 0.7184, 0.7276, 0.7228, 0.7402, 0.7244, 0.7228, 0.7215, 0.7264, 0.7162, 0.7325, 0.7218, 0.7325, 0.7306, 0.72, 0.7274, 0.7151, 0.7127, 0.7254, 0.7038, 0.7252, 0.7178, 0.727, 0.7228], [0.6632, 0.6394, 0.6531, 0.6612, 0.6512, 0.6537, 0.6379, 0.6538, 0.6439, 0.6435, 0.6413, 0.6577, 0.6611, 0.6645, 0.6392, 0.6549, 0.6326, 0.6512, 0.6496, 0.6333, 0.6483, 0.6516, 0.6564, 0.6364, 0.6353, 0.6303], [0.6451, 0.6391, 0.6166, 0.6406, 0.6284, 0.6404, 0.6219, 0.6347, 0.6478, 0.614, 0.6171, 0.6274, 0.6173, 0.6425, 0.6332, 0.6313, 0.6196, 0.6264, 0.6364, 0.6406, 0.6293, 0.6209, 0.6278, 0.6282, 0.644, 0.6308], [0.5753, 0.5849, 0.5923, 0.6049, 0.6022, 0.6023, 0.5882, 0.5825, 0.587, 0.5899, 0.6106, 0.5824, 0.5781, 0.5848, 0.5945, 0.6112, 0.5974, 0.5897, 0.5958, 0.5998, 0.5933, 0.5974, 0.5765, 0.5883, 0.5852, 0.6063], [0.6772, 0.703, 0.692, 0.7013, 0.6712, 0.6609, 0.6807, 0.6817, 0.6784, 0.6542, 0.6783, 0.6951, 0.6724, 0.6963, 0.6729, 0.6815, 0.6699, 0.6767, 0.6507, 0.6758, 0.6837, 0.6661, 0.6767, 0.6641, 0.6956, 0.6937]]	
Results: 	[[0.639, 0.6592, 0.6355, 0.6315, 0.6208, 0.6416, 0.6284, 0.638, 0.6293, 0.6211, 0.6427, 0.6212, 0.6455, 0.6438, 0.6289, 0.6434, 0.6306, 0.6318, 0.6372, 0.6287, 0.6275, 0.6203, 0.6343, 0.6209, 0.6249, 0.6347, 0.647], [0.7285, 0.7391, 0.7371, 0.7184, 0.7276, 0.7228, 0.7402, 0.7244, 0.7228, 0.7215, 0.7264, 0.7162, 0.7325, 0.7218, 0.7325, 0.7306, 0.72, 0.7274, 0.7151, 0.7127, 0.7254, 0.7038, 0.7252, 0.7178, 0.727, 0.7228, 0.7277], [0.6632, 0.6394, 0.6531, 0.6612, 0.6512, 0.6537, 0.6379, 0.6538, 0.6439, 0.6435, 0.6413, 0.6577, 0.6611, 0.6645, 0.6392, 0.6549, 0.6326, 0.6512, 0.6496, 0.6333, 0.6483, 0.6516, 0.6564, 0.6364, 0.6353, 0.6303, 0.6535], [0.6451, 0.6391, 0.6166, 0.6406, 0.6284, 0.6404, 0.6219, 0.6347, 0.6478, 0.614, 0.6171, 0.6274, 0.6173, 0.6425, 0.6332, 0.6313, 0.6196, 0.6264, 0.6364, 0.6406, 0.6293, 0.6209, 0.6278, 0.6282, 0.644, 0.6308, 0.6349], [0.5753, 0.5849, 0.5923, 0.6049, 0.6022, 0.6023, 0.5882, 0.5825, 0.587, 0.5899, 0.6106, 0.5824, 0.5781, 0.5848, 0.5945, 0.6112, 0.5974, 0.5897, 0.5958, 0.5998, 0.5933, 0.5974, 0.5765, 0.5883, 0.5852, 0.6063, 0.5898], [0.6772, 0.703, 0.692, 0.7013, 0.6712, 0.6609, 0.6807, 0.6817, 0.6784, 0.6542, 0.6783, 0.6951, 0.6724, 0.6963, 0.6729, 0.6815, 0.6699, 0.6767, 0.6507, 0.6758, 0.6837, 0.6661, 0.6767, 0.6641, 0.6956, 0.6937, 0.6816]]	
Results: 	[[0.639, 0.6592, 0.6355, 0.6315, 0.6208, 0.6416, 0.6284, 0.638, 0.6293, 0.6211, 0.6427, 0.6212, 0.6455, 0.6438, 0.6289, 0.6434, 0.6306, 0.6318, 0.6372, 0.6287, 0.6275, 0.6203, 0.6343, 0.6209, 0.6249, 0.6347, 0.647, 0.625], [0.7285, 0.7391, 0.7371, 0.7184, 0.7276, 0.7228, 0.7402, 0.7244, 0.7228, 0.7215, 0.7264, 0.7162, 0.7325, 0.7218, 0.7325, 0.7306, 0.72, 0.7274, 0.7151, 0.7127, 0.7254, 0.7038, 0.7252, 0.7178, 0.727, 0.7228, 0.7277, 0.7208], [0.6632, 0.6394, 0.6531, 0.6612, 0.6512, 0.6537, 0.6379, 0.6538, 0.6439, 0.6435, 0.6413, 0.6577, 0.6611, 0.6645, 0.6392, 0.6549, 0.6326, 0.6512, 0.6496, 0.6333, 0.6483, 0.6516, 0.6564, 0.6364, 0.6353, 0.6303, 0.6535, 0.6433], [0.6451, 0.6391, 0.6166, 0.6406, 0.6284, 0.6404, 0.6219, 0.6347, 0.6478, 0.614, 0.6171, 0.6274, 0.6173, 0.6425, 0.6332, 0.6313, 0.6196, 0.6264, 0.6364, 0.6406, 0.6293, 0.6209, 0.6278, 0.6282, 0.644, 0.6308, 0.6349, 0.6248], [0.5753, 0.5849, 0.5923, 0.6049, 0.6022, 0.6023, 0.5882, 0.5825, 0.587, 0.5899, 0.6106, 0.5824, 0.5781, 0.5848, 0.5945, 0.6112, 0.5974, 0.5897, 0.5958, 0.5998, 0.5933, 0.5974, 0.5765, 0.5883, 0.5852, 0.6063, 0.5898, 0.5838], [0.6772, 0.703, 0.692, 0.7013, 0.6712, 0.6609, 0.6807, 0.6817, 0.6784, 0.6542, 0.6783, 0.6951, 0.6724, 0.6963, 0.6729, 0.6815, 0.6699, 0.6767, 0.6507, 0.6758, 0.6837, 0.6661, 0.6767, 0.6641, 0.6956, 0.6937, 0.6816, 0.6865]]	
Results: 	[[0.639, 0.6592, 0.6355, 0.6315, 0.6208, 0.6416, 0.6284, 0.638, 0.6293, 0.6211, 0.6427, 0.6212, 0.6455, 0.6438, 0.6289, 0.6434, 0.6306, 0.6318, 0.6372, 0.6287, 0.6275, 0.6203, 0.6343, 0.6209, 0.6249, 0.6347, 0.647, 0.625, 0.6253], [0.7285, 0.7391, 0.7371, 0.7184, 0.7276, 0.7228, 0.7402, 0.7244, 0.7228, 0.7215, 0.7264, 0.7162, 0.7325, 0.7218, 0.7325, 0.7306, 0.72, 0.7274, 0.7151, 0.7127, 0.7254, 0.7038, 0.7252, 0.7178, 0.727, 0.7228, 0.7277, 0.7208, 0.7229], [0.6632, 0.6394, 0.6531, 0.6612, 0.6512, 0.6537, 0.6379, 0.6538, 0.6439, 0.6435, 0.6413, 0.6577, 0.6611, 0.6645, 0.6392, 0.6549, 0.6326, 0.6512, 0.6496, 0.6333, 0.6483, 0.6516, 0.6564, 0.6364, 0.6353, 0.6303, 0.6535, 0.6433, 0.6364], [0.6451, 0.6391, 0.6166, 0.6406, 0.6284, 0.6404, 0.6219, 0.6347, 0.6478, 0.614, 0.6171, 0.6274, 0.6173, 0.6425, 0.6332, 0.6313, 0.6196, 0.6264, 0.6364, 0.6406, 0.6293, 0.6209, 0.6278, 0.6282, 0.644, 0.6308, 0.6349, 0.6248, 0.6296], [0.5753, 0.5849, 0.5923, 0.6049, 0.6022, 0.6023, 0.5882, 0.5825, 0.587, 0.5899, 0.6106, 0.5824, 0.5781, 0.5848, 0.5945, 0.6112, 0.5974, 0.5897, 0.5958, 0.5998, 0.5933, 0.5974, 0.5765, 0.5883, 0.5852, 0.6063, 0.5898, 0.5838, 0.5982], [0.6772, 0.703, 0.692, 0.7013, 0.6712, 0.6609, 0.6807, 0.6817, 0.6784, 0.6542, 0.6783, 0.6951, 0.6724, 0.6963, 0.6729, 0.6815, 0.6699, 0.6767, 0.6507, 0.6758, 0.6837, 0.6661, 0.6767, 0.6641, 0.6956, 0.6937, 0.6816, 0.6865, 0.6882]]	
Results: 	[[0.639, 0.6592, 0.6355, 0.6315, 0.6208, 0.6416, 0.6284, 0.638, 0.6293, 0.6211, 0.6427, 0.6212, 0.6455, 0.6438, 0.6289, 0.6434, 0.6306, 0.6318, 0.6372, 0.6287, 0.6275, 0.6203, 0.6343, 0.6209, 0.6249, 0.6347, 0.647, 0.625, 0.6253, 0.6421], [0.7285, 0.7391, 0.7371, 0.7184, 0.7276, 0.7228, 0.7402, 0.7244, 0.7228, 0.7215, 0.7264, 0.7162, 0.7325, 0.7218, 0.7325, 0.7306, 0.72, 0.7274, 0.7151, 0.7127, 0.7254, 0.7038, 0.7252, 0.7178, 0.727, 0.7228, 0.7277, 0.7208, 0.7229, 0.7335], [0.6632, 0.6394, 0.6531, 0.6612, 0.6512, 0.6537, 0.6379, 0.6538, 0.6439, 0.6435, 0.6413, 0.6577, 0.6611, 0.6645, 0.6392, 0.6549, 0.6326, 0.6512, 0.6496, 0.6333, 0.6483, 0.6516, 0.6564, 0.6364, 0.6353, 0.6303, 0.6535, 0.6433, 0.6364, 0.6499], [0.6451, 0.6391, 0.6166, 0.6406, 0.6284, 0.6404, 0.6219, 0.6347, 0.6478, 0.614, 0.6171, 0.6274, 0.6173, 0.6425, 0.6332, 0.6313, 0.6196, 0.6264, 0.6364, 0.6406, 0.6293, 0.6209, 0.6278, 0.6282, 0.644, 0.6308, 0.6349, 0.6248, 0.6296, 0.6254], [0.5753, 0.5849, 0.5923, 0.6049, 0.6022, 0.6023, 0.5882, 0.5825, 0.587, 0.5899, 0.6106, 0.5824, 0.5781, 0.5848, 0.5945, 0.6112, 0.5974, 0.5897, 0.5958, 0.5998, 0.5933, 0.5974, 0.5765, 0.5883, 0.5852, 0.6063, 0.5898, 0.5838, 0.5982, 0.5944], [0.6772, 0.703, 0.692, 0.7013, 0.6712, 0.6609, 0.6807, 0.6817, 0.6784, 0.6542, 0.6783, 0.6951, 0.6724, 0.6963, 0.6729, 0.6815, 0.6699, 0.6767, 0.6507, 0.6758, 0.6837, 0.6661, 0.6767, 0.6641, 0.6956, 0.6937, 0.6816, 0.6865, 0.6882, 0.6883]]
Support Sets: (Mean:0.63334, SD:0.009534858008454002) | 	Support Sets: (Mean:0.7248166666666667, SD:0.0078467688642648) | 	Support Sets: (Mean:0.64759, SD:0.009778313443181474) | 	Support Sets: (Mean:0.6305366666666666, SD:0.009290019981914343) | 	Support Sets: (Mean:0.5922333333333334, SD:0.009573646778719072) | 	Support Sets: (Mean:0.6798233333333333, SD:0.013033185318264674) | 	
