Results: 	[[0.6926], [0.7768], [0.7077], [0.6696], [0.6416], [0.7327]]	
Results: 	[[0.6926, 0.6876], [0.7768, 0.7898], [0.7077, 0.7088], [0.6696, 0.6651], [0.6416, 0.6355], [0.7327, 0.7361]]	
Results: 	[[0.6926, 0.6876, 0.6842], [0.7768, 0.7898, 0.7792], [0.7077, 0.7088, 0.7092], [0.6696, 0.6651, 0.67], [0.6416, 0.6355, 0.6412], [0.7327, 0.7361, 0.7342]]	
Results: 	[[0.6926, 0.6876, 0.6842, 0.6922], [0.7768, 0.7898, 0.7792, 0.7796], [0.7077, 0.7088, 0.7092, 0.7045], [0.6696, 0.6651, 0.67, 0.6679], [0.6416, 0.6355, 0.6412, 0.6386], [0.7327, 0.7361, 0.7342, 0.738]]	
Results: 	[[0.6926, 0.6876, 0.6842, 0.6922, 0.6893], [0.7768, 0.7898, 0.7792, 0.7796, 0.7711], [0.7077, 0.7088, 0.7092, 0.7045, 0.7073], [0.6696, 0.6651, 0.67, 0.6679, 0.6678], [0.6416, 0.6355, 0.6412, 0.6386, 0.6333], [0.7327, 0.7361, 0.7342, 0.738, 0.7381]]	
Results: 	[[0.6926, 0.6876, 0.6842, 0.6922, 0.6893, 0.686], [0.7768, 0.7898, 0.7792, 0.7796, 0.7711, 0.7815], [0.7077, 0.7088, 0.7092, 0.7045, 0.7073, 0.7095], [0.6696, 0.6651, 0.67, 0.6679, 0.6678, 0.6671], [0.6416, 0.6355, 0.6412, 0.6386, 0.6333, 0.6338], [0.7327, 0.7361, 0.7342, 0.738, 0.7381, 0.7282]]	
Results: 	[[0.6926, 0.6876, 0.6842, 0.6922, 0.6893, 0.686, 0.6908], [0.7768, 0.7898, 0.7792, 0.7796, 0.7711, 0.7815, 0.7867], [0.7077, 0.7088, 0.7092, 0.7045, 0.7073, 0.7095, 0.7074], [0.6696, 0.6651, 0.67, 0.6679, 0.6678, 0.6671, 0.6694], [0.6416, 0.6355, 0.6412, 0.6386, 0.6333, 0.6338, 0.6408], [0.7327, 0.7361, 0.7342, 0.738, 0.7381, 0.7282, 0.7337]]	
Results: 	[[0.6926, 0.6876, 0.6842, 0.6922, 0.6893, 0.686, 0.6908, 0.6867], [0.7768, 0.7898, 0.7792, 0.7796, 0.7711, 0.7815, 0.7867, 0.7741], [0.7077, 0.7088, 0.7092, 0.7045, 0.7073, 0.7095, 0.7074, 0.7125], [0.6696, 0.6651, 0.67, 0.6679, 0.6678, 0.6671, 0.6694, 0.6661], [0.6416, 0.6355, 0.6412, 0.6386, 0.6333, 0.6338, 0.6408, 0.6397], [0.7327, 0.7361, 0.7342, 0.738, 0.7381, 0.7282, 0.7337, 0.7298]]	
Results: 	[[0.6926, 0.6876, 0.6842, 0.6922, 0.6893, 0.686, 0.6908, 0.6867, 0.6959], [0.7768, 0.7898, 0.7792, 0.7796, 0.7711, 0.7815, 0.7867, 0.7741, 0.7849], [0.7077, 0.7088, 0.7092, 0.7045, 0.7073, 0.7095, 0.7074, 0.7125, 0.7111], [0.6696, 0.6651, 0.67, 0.6679, 0.6678, 0.6671, 0.6694, 0.6661, 0.6628], [0.6416, 0.6355, 0.6412, 0.6386, 0.6333, 0.6338, 0.6408, 0.6397, 0.6405], [0.7327, 0.7361, 0.7342, 0.738, 0.7381, 0.7282, 0.7337, 0.7298, 0.7409]]	
Results: 	[[0.6926, 0.6876, 0.6842, 0.6922, 0.6893, 0.686, 0.6908, 0.6867, 0.6959, 0.6926], [0.7768, 0.7898, 0.7792, 0.7796, 0.7711, 0.7815, 0.7867, 0.7741, 0.7849, 0.782], [0.7077, 0.7088, 0.7092, 0.7045, 0.7073, 0.7095, 0.7074, 0.7125, 0.7111, 0.7066], [0.6696, 0.6651, 0.67, 0.6679, 0.6678, 0.6671, 0.6694, 0.6661, 0.6628, 0.6696], [0.6416, 0.6355, 0.6412, 0.6386, 0.6333, 0.6338, 0.6408, 0.6397, 0.6405, 0.634], [0.7327, 0.7361, 0.7342, 0.738, 0.7381, 0.7282, 0.7337, 0.7298, 0.7409, 0.733]]	
Results: 	[[0.6926, 0.6876, 0.6842, 0.6922, 0.6893, 0.686, 0.6908, 0.6867, 0.6959, 0.6926, 0.6913], [0.7768, 0.7898, 0.7792, 0.7796, 0.7711, 0.7815, 0.7867, 0.7741, 0.7849, 0.782, 0.7823], [0.7077, 0.7088, 0.7092, 0.7045, 0.7073, 0.7095, 0.7074, 0.7125, 0.7111, 0.7066, 0.7099], [0.6696, 0.6651, 0.67, 0.6679, 0.6678, 0.6671, 0.6694, 0.6661, 0.6628, 0.6696, 0.6644], [0.6416, 0.6355, 0.6412, 0.6386, 0.6333, 0.6338, 0.6408, 0.6397, 0.6405, 0.634, 0.6357], [0.7327, 0.7361, 0.7342, 0.738, 0.7381, 0.7282, 0.7337, 0.7298, 0.7409, 0.733, 0.7374]]	
Results: 	[[0.6926, 0.6876, 0.6842, 0.6922, 0.6893, 0.686, 0.6908, 0.6867, 0.6959, 0.6926, 0.6913, 0.6919], [0.7768, 0.7898, 0.7792, 0.7796, 0.7711, 0.7815, 0.7867, 0.7741, 0.7849, 0.782, 0.7823, 0.7742], [0.7077, 0.7088, 0.7092, 0.7045, 0.7073, 0.7095, 0.7074, 0.7125, 0.7111, 0.7066, 0.7099, 0.711], [0.6696, 0.6651, 0.67, 0.6679, 0.6678, 0.6671, 0.6694, 0.6661, 0.6628, 0.6696, 0.6644, 0.6701], [0.6416, 0.6355, 0.6412, 0.6386, 0.6333, 0.6338, 0.6408, 0.6397, 0.6405, 0.634, 0.6357, 0.6289], [0.7327, 0.7361, 0.7342, 0.738, 0.7381, 0.7282, 0.7337, 0.7298, 0.7409, 0.733, 0.7374, 0.7308]]	
Results: 	[[0.6926, 0.6876, 0.6842, 0.6922, 0.6893, 0.686, 0.6908, 0.6867, 0.6959, 0.6926, 0.6913, 0.6919, 0.689], [0.7768, 0.7898, 0.7792, 0.7796, 0.7711, 0.7815, 0.7867, 0.7741, 0.7849, 0.782, 0.7823, 0.7742, 0.7739], [0.7077, 0.7088, 0.7092, 0.7045, 0.7073, 0.7095, 0.7074, 0.7125, 0.7111, 0.7066, 0.7099, 0.711, 0.7077], [0.6696, 0.6651, 0.67, 0.6679, 0.6678, 0.6671, 0.6694, 0.6661, 0.6628, 0.6696, 0.6644, 0.6701, 0.6655], [0.6416, 0.6355, 0.6412, 0.6386, 0.6333, 0.6338, 0.6408, 0.6397, 0.6405, 0.634, 0.6357, 0.6289, 0.6305], [0.7327, 0.7361, 0.7342, 0.738, 0.7381, 0.7282, 0.7337, 0.7298, 0.7409, 0.733, 0.7374, 0.7308, 0.7411]]	
Results: 	[[0.6926, 0.6876, 0.6842, 0.6922, 0.6893, 0.686, 0.6908, 0.6867, 0.6959, 0.6926, 0.6913, 0.6919, 0.689, 0.6918], [0.7768, 0.7898, 0.7792, 0.7796, 0.7711, 0.7815, 0.7867, 0.7741, 0.7849, 0.782, 0.7823, 0.7742, 0.7739, 0.7807], [0.7077, 0.7088, 0.7092, 0.7045, 0.7073, 0.7095, 0.7074, 0.7125, 0.7111, 0.7066, 0.7099, 0.711, 0.7077, 0.7036], [0.6696, 0.6651, 0.67, 0.6679, 0.6678, 0.6671, 0.6694, 0.6661, 0.6628, 0.6696, 0.6644, 0.6701, 0.6655, 0.6664], [0.6416, 0.6355, 0.6412, 0.6386, 0.6333, 0.6338, 0.6408, 0.6397, 0.6405, 0.634, 0.6357, 0.6289, 0.6305, 0.6326], [0.7327, 0.7361, 0.7342, 0.738, 0.7381, 0.7282, 0.7337, 0.7298, 0.7409, 0.733, 0.7374, 0.7308, 0.7411, 0.735]]	
Results: 	[[0.6926, 0.6876, 0.6842, 0.6922, 0.6893, 0.686, 0.6908, 0.6867, 0.6959, 0.6926, 0.6913, 0.6919, 0.689, 0.6918, 0.6863], [0.7768, 0.7898, 0.7792, 0.7796, 0.7711, 0.7815, 0.7867, 0.7741, 0.7849, 0.782, 0.7823, 0.7742, 0.7739, 0.7807, 0.7803], [0.7077, 0.7088, 0.7092, 0.7045, 0.7073, 0.7095, 0.7074, 0.7125, 0.7111, 0.7066, 0.7099, 0.711, 0.7077, 0.7036, 0.7073], [0.6696, 0.6651, 0.67, 0.6679, 0.6678, 0.6671, 0.6694, 0.6661, 0.6628, 0.6696, 0.6644, 0.6701, 0.6655, 0.6664, 0.6659], [0.6416, 0.6355, 0.6412, 0.6386, 0.6333, 0.6338, 0.6408, 0.6397, 0.6405, 0.634, 0.6357, 0.6289, 0.6305, 0.6326, 0.6311], [0.7327, 0.7361, 0.7342, 0.738, 0.7381, 0.7282, 0.7337, 0.7298, 0.7409, 0.733, 0.7374, 0.7308, 0.7411, 0.735, 0.7325]]	
Results: 	[[0.6926, 0.6876, 0.6842, 0.6922, 0.6893, 0.686, 0.6908, 0.6867, 0.6959, 0.6926, 0.6913, 0.6919, 0.689, 0.6918, 0.6863, 0.6984], [0.7768, 0.7898, 0.7792, 0.7796, 0.7711, 0.7815, 0.7867, 0.7741, 0.7849, 0.782, 0.7823, 0.7742, 0.7739, 0.7807, 0.7803, 0.777], [0.7077, 0.7088, 0.7092, 0.7045, 0.7073, 0.7095, 0.7074, 0.7125, 0.7111, 0.7066, 0.7099, 0.711, 0.7077, 0.7036, 0.7073, 0.7092], [0.6696, 0.6651, 0.67, 0.6679, 0.6678, 0.6671, 0.6694, 0.6661, 0.6628, 0.6696, 0.6644, 0.6701, 0.6655, 0.6664, 0.6659, 0.676], [0.6416, 0.6355, 0.6412, 0.6386, 0.6333, 0.6338, 0.6408, 0.6397, 0.6405, 0.634, 0.6357, 0.6289, 0.6305, 0.6326, 0.6311, 0.6405], [0.7327, 0.7361, 0.7342, 0.738, 0.7381, 0.7282, 0.7337, 0.7298, 0.7409, 0.733, 0.7374, 0.7308, 0.7411, 0.735, 0.7325, 0.7412]]	
Results: 	[[0.6926, 0.6876, 0.6842, 0.6922, 0.6893, 0.686, 0.6908, 0.6867, 0.6959, 0.6926, 0.6913, 0.6919, 0.689, 0.6918, 0.6863, 0.6984, 0.6853], [0.7768, 0.7898, 0.7792, 0.7796, 0.7711, 0.7815, 0.7867, 0.7741, 0.7849, 0.782, 0.7823, 0.7742, 0.7739, 0.7807, 0.7803, 0.777, 0.7771], [0.7077, 0.7088, 0.7092, 0.7045, 0.7073, 0.7095, 0.7074, 0.7125, 0.7111, 0.7066, 0.7099, 0.711, 0.7077, 0.7036, 0.7073, 0.7092, 0.709], [0.6696, 0.6651, 0.67, 0.6679, 0.6678, 0.6671, 0.6694, 0.6661, 0.6628, 0.6696, 0.6644, 0.6701, 0.6655, 0.6664, 0.6659, 0.676, 0.6706], [0.6416, 0.6355, 0.6412, 0.6386, 0.6333, 0.6338, 0.6408, 0.6397, 0.6405, 0.634, 0.6357, 0.6289, 0.6305, 0.6326, 0.6311, 0.6405, 0.6369], [0.7327, 0.7361, 0.7342, 0.738, 0.7381, 0.7282, 0.7337, 0.7298, 0.7409, 0.733, 0.7374, 0.7308, 0.7411, 0.735, 0.7325, 0.7412, 0.7349]]	
Results: 	[[0.6926, 0.6876, 0.6842, 0.6922, 0.6893, 0.686, 0.6908, 0.6867, 0.6959, 0.6926, 0.6913, 0.6919, 0.689, 0.6918, 0.6863, 0.6984, 0.6853, 0.6926], [0.7768, 0.7898, 0.7792, 0.7796, 0.7711, 0.7815, 0.7867, 0.7741, 0.7849, 0.782, 0.7823, 0.7742, 0.7739, 0.7807, 0.7803, 0.777, 0.7771, 0.7778], [0.7077, 0.7088, 0.7092, 0.7045, 0.7073, 0.7095, 0.7074, 0.7125, 0.7111, 0.7066, 0.7099, 0.711, 0.7077, 0.7036, 0.7073, 0.7092, 0.709, 0.7082], [0.6696, 0.6651, 0.67, 0.6679, 0.6678, 0.6671, 0.6694, 0.6661, 0.6628, 0.6696, 0.6644, 0.6701, 0.6655, 0.6664, 0.6659, 0.676, 0.6706, 0.6631], [0.6416, 0.6355, 0.6412, 0.6386, 0.6333, 0.6338, 0.6408, 0.6397, 0.6405, 0.634, 0.6357, 0.6289, 0.6305, 0.6326, 0.6311, 0.6405, 0.6369, 0.6362], [0.7327, 0.7361, 0.7342, 0.738, 0.7381, 0.7282, 0.7337, 0.7298, 0.7409, 0.733, 0.7374, 0.7308, 0.7411, 0.735, 0.7325, 0.7412, 0.7349, 0.7321]]	
Results: 	[[0.6926, 0.6876, 0.6842, 0.6922, 0.6893, 0.686, 0.6908, 0.6867, 0.6959, 0.6926, 0.6913, 0.6919, 0.689, 0.6918, 0.6863, 0.6984, 0.6853, 0.6926, 0.6848], [0.7768, 0.7898, 0.7792, 0.7796, 0.7711, 0.7815, 0.7867, 0.7741, 0.7849, 0.782, 0.7823, 0.7742, 0.7739, 0.7807, 0.7803, 0.777, 0.7771, 0.7778, 0.781], [0.7077, 0.7088, 0.7092, 0.7045, 0.7073, 0.7095, 0.7074, 0.7125, 0.7111, 0.7066, 0.7099, 0.711, 0.7077, 0.7036, 0.7073, 0.7092, 0.709, 0.7082, 0.7091], [0.6696, 0.6651, 0.67, 0.6679, 0.6678, 0.6671, 0.6694, 0.6661, 0.6628, 0.6696, 0.6644, 0.6701, 0.6655, 0.6664, 0.6659, 0.676, 0.6706, 0.6631, 0.669], [0.6416, 0.6355, 0.6412, 0.6386, 0.6333, 0.6338, 0.6408, 0.6397, 0.6405, 0.634, 0.6357, 0.6289, 0.6305, 0.6326, 0.6311, 0.6405, 0.6369, 0.6362, 0.6312], [0.7327, 0.7361, 0.7342, 0.738, 0.7381, 0.7282, 0.7337, 0.7298, 0.7409, 0.733, 0.7374, 0.7308, 0.7411, 0.735, 0.7325, 0.7412, 0.7349, 0.7321, 0.7386]]	
Results: 	[[0.6926, 0.6876, 0.6842, 0.6922, 0.6893, 0.686, 0.6908, 0.6867, 0.6959, 0.6926, 0.6913, 0.6919, 0.689, 0.6918, 0.6863, 0.6984, 0.6853, 0.6926, 0.6848, 0.6904], [0.7768, 0.7898, 0.7792, 0.7796, 0.7711, 0.7815, 0.7867, 0.7741, 0.7849, 0.782, 0.7823, 0.7742, 0.7739, 0.7807, 0.7803, 0.777, 0.7771, 0.7778, 0.781, 0.7785], [0.7077, 0.7088, 0.7092, 0.7045, 0.7073, 0.7095, 0.7074, 0.7125, 0.7111, 0.7066, 0.7099, 0.711, 0.7077, 0.7036, 0.7073, 0.7092, 0.709, 0.7082, 0.7091, 0.709], [0.6696, 0.6651, 0.67, 0.6679, 0.6678, 0.6671, 0.6694, 0.6661, 0.6628, 0.6696, 0.6644, 0.6701, 0.6655, 0.6664, 0.6659, 0.676, 0.6706, 0.6631, 0.669, 0.6659], [0.6416, 0.6355, 0.6412, 0.6386, 0.6333, 0.6338, 0.6408, 0.6397, 0.6405, 0.634, 0.6357, 0.6289, 0.6305, 0.6326, 0.6311, 0.6405, 0.6369, 0.6362, 0.6312, 0.6375], [0.7327, 0.7361, 0.7342, 0.738, 0.7381, 0.7282, 0.7337, 0.7298, 0.7409, 0.733, 0.7374, 0.7308, 0.7411, 0.735, 0.7325, 0.7412, 0.7349, 0.7321, 0.7386, 0.7324]]	
Results: 	[[0.6926, 0.6876, 0.6842, 0.6922, 0.6893, 0.686, 0.6908, 0.6867, 0.6959, 0.6926, 0.6913, 0.6919, 0.689, 0.6918, 0.6863, 0.6984, 0.6853, 0.6926, 0.6848, 0.6904, 0.691], [0.7768, 0.7898, 0.7792, 0.7796, 0.7711, 0.7815, 0.7867, 0.7741, 0.7849, 0.782, 0.7823, 0.7742, 0.7739, 0.7807, 0.7803, 0.777, 0.7771, 0.7778, 0.781, 0.7785, 0.7737], [0.7077, 0.7088, 0.7092, 0.7045, 0.7073, 0.7095, 0.7074, 0.7125, 0.7111, 0.7066, 0.7099, 0.711, 0.7077, 0.7036, 0.7073, 0.7092, 0.709, 0.7082, 0.7091, 0.709, 0.7063], [0.6696, 0.6651, 0.67, 0.6679, 0.6678, 0.6671, 0.6694, 0.6661, 0.6628, 0.6696, 0.6644, 0.6701, 0.6655, 0.6664, 0.6659, 0.676, 0.6706, 0.6631, 0.669, 0.6659, 0.6666], [0.6416, 0.6355, 0.6412, 0.6386, 0.6333, 0.6338, 0.6408, 0.6397, 0.6405, 0.634, 0.6357, 0.6289, 0.6305, 0.6326, 0.6311, 0.6405, 0.6369, 0.6362, 0.6312, 0.6375, 0.6339], [0.7327, 0.7361, 0.7342, 0.738, 0.7381, 0.7282, 0.7337, 0.7298, 0.7409, 0.733, 0.7374, 0.7308, 0.7411, 0.735, 0.7325, 0.7412, 0.7349, 0.7321, 0.7386, 0.7324, 0.732]]	
Results: 	[[0.6926, 0.6876, 0.6842, 0.6922, 0.6893, 0.686, 0.6908, 0.6867, 0.6959, 0.6926, 0.6913, 0.6919, 0.689, 0.6918, 0.6863, 0.6984, 0.6853, 0.6926, 0.6848, 0.6904, 0.691, 0.6911], [0.7768, 0.7898, 0.7792, 0.7796, 0.7711, 0.7815, 0.7867, 0.7741, 0.7849, 0.782, 0.7823, 0.7742, 0.7739, 0.7807, 0.7803, 0.777, 0.7771, 0.7778, 0.781, 0.7785, 0.7737, 0.7827], [0.7077, 0.7088, 0.7092, 0.7045, 0.7073, 0.7095, 0.7074, 0.7125, 0.7111, 0.7066, 0.7099, 0.711, 0.7077, 0.7036, 0.7073, 0.7092, 0.709, 0.7082, 0.7091, 0.709, 0.7063, 0.7116], [0.6696, 0.6651, 0.67, 0.6679, 0.6678, 0.6671, 0.6694, 0.6661, 0.6628, 0.6696, 0.6644, 0.6701, 0.6655, 0.6664, 0.6659, 0.676, 0.6706, 0.6631, 0.669, 0.6659, 0.6666, 0.6685], [0.6416, 0.6355, 0.6412, 0.6386, 0.6333, 0.6338, 0.6408, 0.6397, 0.6405, 0.634, 0.6357, 0.6289, 0.6305, 0.6326, 0.6311, 0.6405, 0.6369, 0.6362, 0.6312, 0.6375, 0.6339, 0.6367], [0.7327, 0.7361, 0.7342, 0.738, 0.7381, 0.7282, 0.7337, 0.7298, 0.7409, 0.733, 0.7374, 0.7308, 0.7411, 0.735, 0.7325, 0.7412, 0.7349, 0.7321, 0.7386, 0.7324, 0.732, 0.7305]]	
Results: 	[[0.6926, 0.6876, 0.6842, 0.6922, 0.6893, 0.686, 0.6908, 0.6867, 0.6959, 0.6926, 0.6913, 0.6919, 0.689, 0.6918, 0.6863, 0.6984, 0.6853, 0.6926, 0.6848, 0.6904, 0.691, 0.6911, 0.6915], [0.7768, 0.7898, 0.7792, 0.7796, 0.7711, 0.7815, 0.7867, 0.7741, 0.7849, 0.782, 0.7823, 0.7742, 0.7739, 0.7807, 0.7803, 0.777, 0.7771, 0.7778, 0.781, 0.7785, 0.7737, 0.7827, 0.7785], [0.7077, 0.7088, 0.7092, 0.7045, 0.7073, 0.7095, 0.7074, 0.7125, 0.7111, 0.7066, 0.7099, 0.711, 0.7077, 0.7036, 0.7073, 0.7092, 0.709, 0.7082, 0.7091, 0.709, 0.7063, 0.7116, 0.7113], [0.6696, 0.6651, 0.67, 0.6679, 0.6678, 0.6671, 0.6694, 0.6661, 0.6628, 0.6696, 0.6644, 0.6701, 0.6655, 0.6664, 0.6659, 0.676, 0.6706, 0.6631, 0.669, 0.6659, 0.6666, 0.6685, 0.666], [0.6416, 0.6355, 0.6412, 0.6386, 0.6333, 0.6338, 0.6408, 0.6397, 0.6405, 0.634, 0.6357, 0.6289, 0.6305, 0.6326, 0.6311, 0.6405, 0.6369, 0.6362, 0.6312, 0.6375, 0.6339, 0.6367, 0.6393], [0.7327, 0.7361, 0.7342, 0.738, 0.7381, 0.7282, 0.7337, 0.7298, 0.7409, 0.733, 0.7374, 0.7308, 0.7411, 0.735, 0.7325, 0.7412, 0.7349, 0.7321, 0.7386, 0.7324, 0.732, 0.7305, 0.7346]]	
Results: 	[[0.6926, 0.6876, 0.6842, 0.6922, 0.6893, 0.686, 0.6908, 0.6867, 0.6959, 0.6926, 0.6913, 0.6919, 0.689, 0.6918, 0.6863, 0.6984, 0.6853, 0.6926, 0.6848, 0.6904, 0.691, 0.6911, 0.6915, 0.6894], [0.7768, 0.7898, 0.7792, 0.7796, 0.7711, 0.7815, 0.7867, 0.7741, 0.7849, 0.782, 0.7823, 0.7742, 0.7739, 0.7807, 0.7803, 0.777, 0.7771, 0.7778, 0.781, 0.7785, 0.7737, 0.7827, 0.7785, 0.7776], [0.7077, 0.7088, 0.7092, 0.7045, 0.7073, 0.7095, 0.7074, 0.7125, 0.7111, 0.7066, 0.7099, 0.711, 0.7077, 0.7036, 0.7073, 0.7092, 0.709, 0.7082, 0.7091, 0.709, 0.7063, 0.7116, 0.7113, 0.7091], [0.6696, 0.6651, 0.67, 0.6679, 0.6678, 0.6671, 0.6694, 0.6661, 0.6628, 0.6696, 0.6644, 0.6701, 0.6655, 0.6664, 0.6659, 0.676, 0.6706, 0.6631, 0.669, 0.6659, 0.6666, 0.6685, 0.666, 0.6664], [0.6416, 0.6355, 0.6412, 0.6386, 0.6333, 0.6338, 0.6408, 0.6397, 0.6405, 0.634, 0.6357, 0.6289, 0.6305, 0.6326, 0.6311, 0.6405, 0.6369, 0.6362, 0.6312, 0.6375, 0.6339, 0.6367, 0.6393, 0.6319], [0.7327, 0.7361, 0.7342, 0.738, 0.7381, 0.7282, 0.7337, 0.7298, 0.7409, 0.733, 0.7374, 0.7308, 0.7411, 0.735, 0.7325, 0.7412, 0.7349, 0.7321, 0.7386, 0.7324, 0.732, 0.7305, 0.7346, 0.7414]]	
Results: 	[[0.6926, 0.6876, 0.6842, 0.6922, 0.6893, 0.686, 0.6908, 0.6867, 0.6959, 0.6926, 0.6913, 0.6919, 0.689, 0.6918, 0.6863, 0.6984, 0.6853, 0.6926, 0.6848, 0.6904, 0.691, 0.6911, 0.6915, 0.6894, 0.6876], [0.7768, 0.7898, 0.7792, 0.7796, 0.7711, 0.7815, 0.7867, 0.7741, 0.7849, 0.782, 0.7823, 0.7742, 0.7739, 0.7807, 0.7803, 0.777, 0.7771, 0.7778, 0.781, 0.7785, 0.7737, 0.7827, 0.7785, 0.7776, 0.7832], [0.7077, 0.7088, 0.7092, 0.7045, 0.7073, 0.7095, 0.7074, 0.7125, 0.7111, 0.7066, 0.7099, 0.711, 0.7077, 0.7036, 0.7073, 0.7092, 0.709, 0.7082, 0.7091, 0.709, 0.7063, 0.7116, 0.7113, 0.7091, 0.7088], [0.6696, 0.6651, 0.67, 0.6679, 0.6678, 0.6671, 0.6694, 0.6661, 0.6628, 0.6696, 0.6644, 0.6701, 0.6655, 0.6664, 0.6659, 0.676, 0.6706, 0.6631, 0.669, 0.6659, 0.6666, 0.6685, 0.666, 0.6664, 0.6725], [0.6416, 0.6355, 0.6412, 0.6386, 0.6333, 0.6338, 0.6408, 0.6397, 0.6405, 0.634, 0.6357, 0.6289, 0.6305, 0.6326, 0.6311, 0.6405, 0.6369, 0.6362, 0.6312, 0.6375, 0.6339, 0.6367, 0.6393, 0.6319, 0.6424], [0.7327, 0.7361, 0.7342, 0.738, 0.7381, 0.7282, 0.7337, 0.7298, 0.7409, 0.733, 0.7374, 0.7308, 0.7411, 0.735, 0.7325, 0.7412, 0.7349, 0.7321, 0.7386, 0.7324, 0.732, 0.7305, 0.7346, 0.7414, 0.7297]]	
Results: 	[[0.6926, 0.6876, 0.6842, 0.6922, 0.6893, 0.686, 0.6908, 0.6867, 0.6959, 0.6926, 0.6913, 0.6919, 0.689, 0.6918, 0.6863, 0.6984, 0.6853, 0.6926, 0.6848, 0.6904, 0.691, 0.6911, 0.6915, 0.6894, 0.6876, 0.6934], [0.7768, 0.7898, 0.7792, 0.7796, 0.7711, 0.7815, 0.7867, 0.7741, 0.7849, 0.782, 0.7823, 0.7742, 0.7739, 0.7807, 0.7803, 0.777, 0.7771, 0.7778, 0.781, 0.7785, 0.7737, 0.7827, 0.7785, 0.7776, 0.7832, 0.7755], [0.7077, 0.7088, 0.7092, 0.7045, 0.7073, 0.7095, 0.7074, 0.7125, 0.7111, 0.7066, 0.7099, 0.711, 0.7077, 0.7036, 0.7073, 0.7092, 0.709, 0.7082, 0.7091, 0.709, 0.7063, 0.7116, 0.7113, 0.7091, 0.7088, 0.7072], [0.6696, 0.6651, 0.67, 0.6679, 0.6678, 0.6671, 0.6694, 0.6661, 0.6628, 0.6696, 0.6644, 0.6701, 0.6655, 0.6664, 0.6659, 0.676, 0.6706, 0.6631, 0.669, 0.6659, 0.6666, 0.6685, 0.666, 0.6664, 0.6725, 0.6638], [0.6416, 0.6355, 0.6412, 0.6386, 0.6333, 0.6338, 0.6408, 0.6397, 0.6405, 0.634, 0.6357, 0.6289, 0.6305, 0.6326, 0.6311, 0.6405, 0.6369, 0.6362, 0.6312, 0.6375, 0.6339, 0.6367, 0.6393, 0.6319, 0.6424, 0.6405], [0.7327, 0.7361, 0.7342, 0.738, 0.7381, 0.7282, 0.7337, 0.7298, 0.7409, 0.733, 0.7374, 0.7308, 0.7411, 0.735, 0.7325, 0.7412, 0.7349, 0.7321, 0.7386, 0.7324, 0.732, 0.7305, 0.7346, 0.7414, 0.7297, 0.7354]]	
Results: 	[[0.6926, 0.6876, 0.6842, 0.6922, 0.6893, 0.686, 0.6908, 0.6867, 0.6959, 0.6926, 0.6913, 0.6919, 0.689, 0.6918, 0.6863, 0.6984, 0.6853, 0.6926, 0.6848, 0.6904, 0.691, 0.6911, 0.6915, 0.6894, 0.6876, 0.6934, 0.6947], [0.7768, 0.7898, 0.7792, 0.7796, 0.7711, 0.7815, 0.7867, 0.7741, 0.7849, 0.782, 0.7823, 0.7742, 0.7739, 0.7807, 0.7803, 0.777, 0.7771, 0.7778, 0.781, 0.7785, 0.7737, 0.7827, 0.7785, 0.7776, 0.7832, 0.7755, 0.7755], [0.7077, 0.7088, 0.7092, 0.7045, 0.7073, 0.7095, 0.7074, 0.7125, 0.7111, 0.7066, 0.7099, 0.711, 0.7077, 0.7036, 0.7073, 0.7092, 0.709, 0.7082, 0.7091, 0.709, 0.7063, 0.7116, 0.7113, 0.7091, 0.7088, 0.7072, 0.7032], [0.6696, 0.6651, 0.67, 0.6679, 0.6678, 0.6671, 0.6694, 0.6661, 0.6628, 0.6696, 0.6644, 0.6701, 0.6655, 0.6664, 0.6659, 0.676, 0.6706, 0.6631, 0.669, 0.6659, 0.6666, 0.6685, 0.666, 0.6664, 0.6725, 0.6638, 0.6687], [0.6416, 0.6355, 0.6412, 0.6386, 0.6333, 0.6338, 0.6408, 0.6397, 0.6405, 0.634, 0.6357, 0.6289, 0.6305, 0.6326, 0.6311, 0.6405, 0.6369, 0.6362, 0.6312, 0.6375, 0.6339, 0.6367, 0.6393, 0.6319, 0.6424, 0.6405, 0.6389], [0.7327, 0.7361, 0.7342, 0.738, 0.7381, 0.7282, 0.7337, 0.7298, 0.7409, 0.733, 0.7374, 0.7308, 0.7411, 0.735, 0.7325, 0.7412, 0.7349, 0.7321, 0.7386, 0.7324, 0.732, 0.7305, 0.7346, 0.7414, 0.7297, 0.7354, 0.737]]	
Results: 	[[0.6926, 0.6876, 0.6842, 0.6922, 0.6893, 0.686, 0.6908, 0.6867, 0.6959, 0.6926, 0.6913, 0.6919, 0.689, 0.6918, 0.6863, 0.6984, 0.6853, 0.6926, 0.6848, 0.6904, 0.691, 0.6911, 0.6915, 0.6894, 0.6876, 0.6934, 0.6947, 0.6901], [0.7768, 0.7898, 0.7792, 0.7796, 0.7711, 0.7815, 0.7867, 0.7741, 0.7849, 0.782, 0.7823, 0.7742, 0.7739, 0.7807, 0.7803, 0.777, 0.7771, 0.7778, 0.781, 0.7785, 0.7737, 0.7827, 0.7785, 0.7776, 0.7832, 0.7755, 0.7755, 0.7789], [0.7077, 0.7088, 0.7092, 0.7045, 0.7073, 0.7095, 0.7074, 0.7125, 0.7111, 0.7066, 0.7099, 0.711, 0.7077, 0.7036, 0.7073, 0.7092, 0.709, 0.7082, 0.7091, 0.709, 0.7063, 0.7116, 0.7113, 0.7091, 0.7088, 0.7072, 0.7032, 0.7112], [0.6696, 0.6651, 0.67, 0.6679, 0.6678, 0.6671, 0.6694, 0.6661, 0.6628, 0.6696, 0.6644, 0.6701, 0.6655, 0.6664, 0.6659, 0.676, 0.6706, 0.6631, 0.669, 0.6659, 0.6666, 0.6685, 0.666, 0.6664, 0.6725, 0.6638, 0.6687, 0.6617], [0.6416, 0.6355, 0.6412, 0.6386, 0.6333, 0.6338, 0.6408, 0.6397, 0.6405, 0.634, 0.6357, 0.6289, 0.6305, 0.6326, 0.6311, 0.6405, 0.6369, 0.6362, 0.6312, 0.6375, 0.6339, 0.6367, 0.6393, 0.6319, 0.6424, 0.6405, 0.6389, 0.6372], [0.7327, 0.7361, 0.7342, 0.738, 0.7381, 0.7282, 0.7337, 0.7298, 0.7409, 0.733, 0.7374, 0.7308, 0.7411, 0.735, 0.7325, 0.7412, 0.7349, 0.7321, 0.7386, 0.7324, 0.732, 0.7305, 0.7346, 0.7414, 0.7297, 0.7354, 0.737, 0.7377]]	
Results: 	[[0.6926, 0.6876, 0.6842, 0.6922, 0.6893, 0.686, 0.6908, 0.6867, 0.6959, 0.6926, 0.6913, 0.6919, 0.689, 0.6918, 0.6863, 0.6984, 0.6853, 0.6926, 0.6848, 0.6904, 0.691, 0.6911, 0.6915, 0.6894, 0.6876, 0.6934, 0.6947, 0.6901, 0.6915], [0.7768, 0.7898, 0.7792, 0.7796, 0.7711, 0.7815, 0.7867, 0.7741, 0.7849, 0.782, 0.7823, 0.7742, 0.7739, 0.7807, 0.7803, 0.777, 0.7771, 0.7778, 0.781, 0.7785, 0.7737, 0.7827, 0.7785, 0.7776, 0.7832, 0.7755, 0.7755, 0.7789, 0.7749], [0.7077, 0.7088, 0.7092, 0.7045, 0.7073, 0.7095, 0.7074, 0.7125, 0.7111, 0.7066, 0.7099, 0.711, 0.7077, 0.7036, 0.7073, 0.7092, 0.709, 0.7082, 0.7091, 0.709, 0.7063, 0.7116, 0.7113, 0.7091, 0.7088, 0.7072, 0.7032, 0.7112, 0.7108], [0.6696, 0.6651, 0.67, 0.6679, 0.6678, 0.6671, 0.6694, 0.6661, 0.6628, 0.6696, 0.6644, 0.6701, 0.6655, 0.6664, 0.6659, 0.676, 0.6706, 0.6631, 0.669, 0.6659, 0.6666, 0.6685, 0.666, 0.6664, 0.6725, 0.6638, 0.6687, 0.6617, 0.6643], [0.6416, 0.6355, 0.6412, 0.6386, 0.6333, 0.6338, 0.6408, 0.6397, 0.6405, 0.634, 0.6357, 0.6289, 0.6305, 0.6326, 0.6311, 0.6405, 0.6369, 0.6362, 0.6312, 0.6375, 0.6339, 0.6367, 0.6393, 0.6319, 0.6424, 0.6405, 0.6389, 0.6372, 0.6341], [0.7327, 0.7361, 0.7342, 0.738, 0.7381, 0.7282, 0.7337, 0.7298, 0.7409, 0.733, 0.7374, 0.7308, 0.7411, 0.735, 0.7325, 0.7412, 0.7349, 0.7321, 0.7386, 0.7324, 0.732, 0.7305, 0.7346, 0.7414, 0.7297, 0.7354, 0.737, 0.7377, 0.7375]]	
Results: 	30 Support Sets: (Mean:0.69055, SD:0.0034745131139931424) | 	30 Support Sets: (Mean:0.77863, SD:0.004461030497928495) | 	30 Support Sets: (Mean:0.7085533333333334, SD:0.002259040585694745) | 	30 Support Sets: (Mean:0.6672566666666667, SD:0.003033909885840769) | 	30 Support Sets: (Mean:0.63637, SD:0.003734291235895066) | 	30 Support Sets: (Mean:0.7351966666666667, SD:0.0037477794191644463) | 	
