Results: 	[[0.7144], [0.7331], [0.7302], [0.7339], [0.6648], [0.7454]]	
Results: 	[[0.7144, 0.7132], [0.7331, 0.7431], [0.7302, 0.7303], [0.7339, 0.7334], [0.6648, 0.6628], [0.7454, 0.7405]]	
Results: 	[[0.7144, 0.7132, 0.7122], [0.7331, 0.7431, 0.73], [0.7302, 0.7303, 0.7327], [0.7339, 0.7334, 0.7367], [0.6648, 0.6628, 0.6611], [0.7454, 0.7405, 0.7442]]	
Results: 	[[0.7144, 0.7132, 0.7122, 0.7175], [0.7331, 0.7431, 0.73, 0.7342], [0.7302, 0.7303, 0.7327, 0.7266], [0.7339, 0.7334, 0.7367, 0.74], [0.6648, 0.6628, 0.6611, 0.6662], [0.7454, 0.7405, 0.7442, 0.7449]]	
Results: 	[[0.7144, 0.7132, 0.7122, 0.7175, 0.7154], [0.7331, 0.7431, 0.73, 0.7342, 0.7366], [0.7302, 0.7303, 0.7327, 0.7266, 0.7304], [0.7339, 0.7334, 0.7367, 0.74, 0.7311], [0.6648, 0.6628, 0.6611, 0.6662, 0.6669], [0.7454, 0.7405, 0.7442, 0.7449, 0.7457]]	
Results: 	[[0.7144, 0.7132, 0.7122, 0.7175, 0.7154, 0.7159], [0.7331, 0.7431, 0.73, 0.7342, 0.7366, 0.7342], [0.7302, 0.7303, 0.7327, 0.7266, 0.7304, 0.73], [0.7339, 0.7334, 0.7367, 0.74, 0.7311, 0.7329], [0.6648, 0.6628, 0.6611, 0.6662, 0.6669, 0.6544], [0.7454, 0.7405, 0.7442, 0.7449, 0.7457, 0.7452]]	
Results: 	[[0.7144, 0.7132, 0.7122, 0.7175, 0.7154, 0.7159, 0.7127], [0.7331, 0.7431, 0.73, 0.7342, 0.7366, 0.7342, 0.7331], [0.7302, 0.7303, 0.7327, 0.7266, 0.7304, 0.73, 0.7294], [0.7339, 0.7334, 0.7367, 0.74, 0.7311, 0.7329, 0.7302], [0.6648, 0.6628, 0.6611, 0.6662, 0.6669, 0.6544, 0.6588], [0.7454, 0.7405, 0.7442, 0.7449, 0.7457, 0.7452, 0.7451]]	
Results: 	[[0.7144, 0.7132, 0.7122, 0.7175, 0.7154, 0.7159, 0.7127, 0.7133], [0.7331, 0.7431, 0.73, 0.7342, 0.7366, 0.7342, 0.7331, 0.7335], [0.7302, 0.7303, 0.7327, 0.7266, 0.7304, 0.73, 0.7294, 0.7294], [0.7339, 0.7334, 0.7367, 0.74, 0.7311, 0.7329, 0.7302, 0.7318], [0.6648, 0.6628, 0.6611, 0.6662, 0.6669, 0.6544, 0.6588, 0.6708], [0.7454, 0.7405, 0.7442, 0.7449, 0.7457, 0.7452, 0.7451, 0.7462]]	
Results: 	[[0.7144, 0.7132, 0.7122, 0.7175, 0.7154, 0.7159, 0.7127, 0.7133, 0.7155], [0.7331, 0.7431, 0.73, 0.7342, 0.7366, 0.7342, 0.7331, 0.7335, 0.7342], [0.7302, 0.7303, 0.7327, 0.7266, 0.7304, 0.73, 0.7294, 0.7294, 0.7322], [0.7339, 0.7334, 0.7367, 0.74, 0.7311, 0.7329, 0.7302, 0.7318, 0.7333], [0.6648, 0.6628, 0.6611, 0.6662, 0.6669, 0.6544, 0.6588, 0.6708, 0.6605], [0.7454, 0.7405, 0.7442, 0.7449, 0.7457, 0.7452, 0.7451, 0.7462, 0.7453]]	
Results: 	[[0.7144, 0.7132, 0.7122, 0.7175, 0.7154, 0.7159, 0.7127, 0.7133, 0.7155, 0.7159], [0.7331, 0.7431, 0.73, 0.7342, 0.7366, 0.7342, 0.7331, 0.7335, 0.7342, 0.7315], [0.7302, 0.7303, 0.7327, 0.7266, 0.7304, 0.73, 0.7294, 0.7294, 0.7322, 0.7304], [0.7339, 0.7334, 0.7367, 0.74, 0.7311, 0.7329, 0.7302, 0.7318, 0.7333, 0.7327], [0.6648, 0.6628, 0.6611, 0.6662, 0.6669, 0.6544, 0.6588, 0.6708, 0.6605, 0.6562], [0.7454, 0.7405, 0.7442, 0.7449, 0.7457, 0.7452, 0.7451, 0.7462, 0.7453, 0.743]]	
Results: 	[[0.7144, 0.7132, 0.7122, 0.7175, 0.7154, 0.7159, 0.7127, 0.7133, 0.7155, 0.7159, 0.7181], [0.7331, 0.7431, 0.73, 0.7342, 0.7366, 0.7342, 0.7331, 0.7335, 0.7342, 0.7315, 0.7311], [0.7302, 0.7303, 0.7327, 0.7266, 0.7304, 0.73, 0.7294, 0.7294, 0.7322, 0.7304, 0.7282], [0.7339, 0.7334, 0.7367, 0.74, 0.7311, 0.7329, 0.7302, 0.7318, 0.7333, 0.7327, 0.7331], [0.6648, 0.6628, 0.6611, 0.6662, 0.6669, 0.6544, 0.6588, 0.6708, 0.6605, 0.6562, 0.6585], [0.7454, 0.7405, 0.7442, 0.7449, 0.7457, 0.7452, 0.7451, 0.7462, 0.7453, 0.743, 0.7428]]	
Results: 	[[0.7144, 0.7132, 0.7122, 0.7175, 0.7154, 0.7159, 0.7127, 0.7133, 0.7155, 0.7159, 0.7181, 0.716], [0.7331, 0.7431, 0.73, 0.7342, 0.7366, 0.7342, 0.7331, 0.7335, 0.7342, 0.7315, 0.7311, 0.7323], [0.7302, 0.7303, 0.7327, 0.7266, 0.7304, 0.73, 0.7294, 0.7294, 0.7322, 0.7304, 0.7282, 0.7296], [0.7339, 0.7334, 0.7367, 0.74, 0.7311, 0.7329, 0.7302, 0.7318, 0.7333, 0.7327, 0.7331, 0.736], [0.6648, 0.6628, 0.6611, 0.6662, 0.6669, 0.6544, 0.6588, 0.6708, 0.6605, 0.6562, 0.6585, 0.6619], [0.7454, 0.7405, 0.7442, 0.7449, 0.7457, 0.7452, 0.7451, 0.7462, 0.7453, 0.743, 0.7428, 0.7455]]	
Results: 	[[0.7144, 0.7132, 0.7122, 0.7175, 0.7154, 0.7159, 0.7127, 0.7133, 0.7155, 0.7159, 0.7181, 0.716, 0.7155], [0.7331, 0.7431, 0.73, 0.7342, 0.7366, 0.7342, 0.7331, 0.7335, 0.7342, 0.7315, 0.7311, 0.7323, 0.7377], [0.7302, 0.7303, 0.7327, 0.7266, 0.7304, 0.73, 0.7294, 0.7294, 0.7322, 0.7304, 0.7282, 0.7296, 0.7292], [0.7339, 0.7334, 0.7367, 0.74, 0.7311, 0.7329, 0.7302, 0.7318, 0.7333, 0.7327, 0.7331, 0.736, 0.7352], [0.6648, 0.6628, 0.6611, 0.6662, 0.6669, 0.6544, 0.6588, 0.6708, 0.6605, 0.6562, 0.6585, 0.6619, 0.6582], [0.7454, 0.7405, 0.7442, 0.7449, 0.7457, 0.7452, 0.7451, 0.7462, 0.7453, 0.743, 0.7428, 0.7455, 0.7478]]	
Results: 	[[0.7144, 0.7132, 0.7122, 0.7175, 0.7154, 0.7159, 0.7127, 0.7133, 0.7155, 0.7159, 0.7181, 0.716, 0.7155, 0.716], [0.7331, 0.7431, 0.73, 0.7342, 0.7366, 0.7342, 0.7331, 0.7335, 0.7342, 0.7315, 0.7311, 0.7323, 0.7377, 0.7331], [0.7302, 0.7303, 0.7327, 0.7266, 0.7304, 0.73, 0.7294, 0.7294, 0.7322, 0.7304, 0.7282, 0.7296, 0.7292, 0.7347], [0.7339, 0.7334, 0.7367, 0.74, 0.7311, 0.7329, 0.7302, 0.7318, 0.7333, 0.7327, 0.7331, 0.736, 0.7352, 0.7375], [0.6648, 0.6628, 0.6611, 0.6662, 0.6669, 0.6544, 0.6588, 0.6708, 0.6605, 0.6562, 0.6585, 0.6619, 0.6582, 0.6558], [0.7454, 0.7405, 0.7442, 0.7449, 0.7457, 0.7452, 0.7451, 0.7462, 0.7453, 0.743, 0.7428, 0.7455, 0.7478, 0.7465]]	
Results: 	[[0.7144, 0.7132, 0.7122, 0.7175, 0.7154, 0.7159, 0.7127, 0.7133, 0.7155, 0.7159, 0.7181, 0.716, 0.7155, 0.716, 0.7127], [0.7331, 0.7431, 0.73, 0.7342, 0.7366, 0.7342, 0.7331, 0.7335, 0.7342, 0.7315, 0.7311, 0.7323, 0.7377, 0.7331, 0.7339], [0.7302, 0.7303, 0.7327, 0.7266, 0.7304, 0.73, 0.7294, 0.7294, 0.7322, 0.7304, 0.7282, 0.7296, 0.7292, 0.7347, 0.7296], [0.7339, 0.7334, 0.7367, 0.74, 0.7311, 0.7329, 0.7302, 0.7318, 0.7333, 0.7327, 0.7331, 0.736, 0.7352, 0.7375, 0.734], [0.6648, 0.6628, 0.6611, 0.6662, 0.6669, 0.6544, 0.6588, 0.6708, 0.6605, 0.6562, 0.6585, 0.6619, 0.6582, 0.6558, 0.6601], [0.7454, 0.7405, 0.7442, 0.7449, 0.7457, 0.7452, 0.7451, 0.7462, 0.7453, 0.743, 0.7428, 0.7455, 0.7478, 0.7465, 0.7433]]	
Results: 	[[0.7144, 0.7132, 0.7122, 0.7175, 0.7154, 0.7159, 0.7127, 0.7133, 0.7155, 0.7159, 0.7181, 0.716, 0.7155, 0.716, 0.7127, 0.7159], [0.7331, 0.7431, 0.73, 0.7342, 0.7366, 0.7342, 0.7331, 0.7335, 0.7342, 0.7315, 0.7311, 0.7323, 0.7377, 0.7331, 0.7339, 0.74], [0.7302, 0.7303, 0.7327, 0.7266, 0.7304, 0.73, 0.7294, 0.7294, 0.7322, 0.7304, 0.7282, 0.7296, 0.7292, 0.7347, 0.7296, 0.734], [0.7339, 0.7334, 0.7367, 0.74, 0.7311, 0.7329, 0.7302, 0.7318, 0.7333, 0.7327, 0.7331, 0.736, 0.7352, 0.7375, 0.734, 0.736], [0.6648, 0.6628, 0.6611, 0.6662, 0.6669, 0.6544, 0.6588, 0.6708, 0.6605, 0.6562, 0.6585, 0.6619, 0.6582, 0.6558, 0.6601, 0.6561], [0.7454, 0.7405, 0.7442, 0.7449, 0.7457, 0.7452, 0.7451, 0.7462, 0.7453, 0.743, 0.7428, 0.7455, 0.7478, 0.7465, 0.7433, 0.7453]]	
Results: 	[[0.7144, 0.7132, 0.7122, 0.7175, 0.7154, 0.7159, 0.7127, 0.7133, 0.7155, 0.7159, 0.7181, 0.716, 0.7155, 0.716, 0.7127, 0.7159, 0.7143], [0.7331, 0.7431, 0.73, 0.7342, 0.7366, 0.7342, 0.7331, 0.7335, 0.7342, 0.7315, 0.7311, 0.7323, 0.7377, 0.7331, 0.7339, 0.74, 0.7338], [0.7302, 0.7303, 0.7327, 0.7266, 0.7304, 0.73, 0.7294, 0.7294, 0.7322, 0.7304, 0.7282, 0.7296, 0.7292, 0.7347, 0.7296, 0.734, 0.7317], [0.7339, 0.7334, 0.7367, 0.74, 0.7311, 0.7329, 0.7302, 0.7318, 0.7333, 0.7327, 0.7331, 0.736, 0.7352, 0.7375, 0.734, 0.736, 0.7349], [0.6648, 0.6628, 0.6611, 0.6662, 0.6669, 0.6544, 0.6588, 0.6708, 0.6605, 0.6562, 0.6585, 0.6619, 0.6582, 0.6558, 0.6601, 0.6561, 0.6537], [0.7454, 0.7405, 0.7442, 0.7449, 0.7457, 0.7452, 0.7451, 0.7462, 0.7453, 0.743, 0.7428, 0.7455, 0.7478, 0.7465, 0.7433, 0.7453, 0.7453]]	
Results: 	[[0.7144, 0.7132, 0.7122, 0.7175, 0.7154, 0.7159, 0.7127, 0.7133, 0.7155, 0.7159, 0.7181, 0.716, 0.7155, 0.716, 0.7127, 0.7159, 0.7143, 0.716], [0.7331, 0.7431, 0.73, 0.7342, 0.7366, 0.7342, 0.7331, 0.7335, 0.7342, 0.7315, 0.7311, 0.7323, 0.7377, 0.7331, 0.7339, 0.74, 0.7338, 0.7358], [0.7302, 0.7303, 0.7327, 0.7266, 0.7304, 0.73, 0.7294, 0.7294, 0.7322, 0.7304, 0.7282, 0.7296, 0.7292, 0.7347, 0.7296, 0.734, 0.7317, 0.7321], [0.7339, 0.7334, 0.7367, 0.74, 0.7311, 0.7329, 0.7302, 0.7318, 0.7333, 0.7327, 0.7331, 0.736, 0.7352, 0.7375, 0.734, 0.736, 0.7349, 0.7393], [0.6648, 0.6628, 0.6611, 0.6662, 0.6669, 0.6544, 0.6588, 0.6708, 0.6605, 0.6562, 0.6585, 0.6619, 0.6582, 0.6558, 0.6601, 0.6561, 0.6537, 0.6597], [0.7454, 0.7405, 0.7442, 0.7449, 0.7457, 0.7452, 0.7451, 0.7462, 0.7453, 0.743, 0.7428, 0.7455, 0.7478, 0.7465, 0.7433, 0.7453, 0.7453, 0.7461]]	
Results: 	[[0.7144, 0.7132, 0.7122, 0.7175, 0.7154, 0.7159, 0.7127, 0.7133, 0.7155, 0.7159, 0.7181, 0.716, 0.7155, 0.716, 0.7127, 0.7159, 0.7143, 0.716, 0.7181], [0.7331, 0.7431, 0.73, 0.7342, 0.7366, 0.7342, 0.7331, 0.7335, 0.7342, 0.7315, 0.7311, 0.7323, 0.7377, 0.7331, 0.7339, 0.74, 0.7338, 0.7358, 0.7362], [0.7302, 0.7303, 0.7327, 0.7266, 0.7304, 0.73, 0.7294, 0.7294, 0.7322, 0.7304, 0.7282, 0.7296, 0.7292, 0.7347, 0.7296, 0.734, 0.7317, 0.7321, 0.7293], [0.7339, 0.7334, 0.7367, 0.74, 0.7311, 0.7329, 0.7302, 0.7318, 0.7333, 0.7327, 0.7331, 0.736, 0.7352, 0.7375, 0.734, 0.736, 0.7349, 0.7393, 0.7306], [0.6648, 0.6628, 0.6611, 0.6662, 0.6669, 0.6544, 0.6588, 0.6708, 0.6605, 0.6562, 0.6585, 0.6619, 0.6582, 0.6558, 0.6601, 0.6561, 0.6537, 0.6597, 0.6677], [0.7454, 0.7405, 0.7442, 0.7449, 0.7457, 0.7452, 0.7451, 0.7462, 0.7453, 0.743, 0.7428, 0.7455, 0.7478, 0.7465, 0.7433, 0.7453, 0.7453, 0.7461, 0.7449]]	
Results: 	[[0.7144, 0.7132, 0.7122, 0.7175, 0.7154, 0.7159, 0.7127, 0.7133, 0.7155, 0.7159, 0.7181, 0.716, 0.7155, 0.716, 0.7127, 0.7159, 0.7143, 0.716, 0.7181, 0.7143], [0.7331, 0.7431, 0.73, 0.7342, 0.7366, 0.7342, 0.7331, 0.7335, 0.7342, 0.7315, 0.7311, 0.7323, 0.7377, 0.7331, 0.7339, 0.74, 0.7338, 0.7358, 0.7362, 0.73], [0.7302, 0.7303, 0.7327, 0.7266, 0.7304, 0.73, 0.7294, 0.7294, 0.7322, 0.7304, 0.7282, 0.7296, 0.7292, 0.7347, 0.7296, 0.734, 0.7317, 0.7321, 0.7293, 0.7307], [0.7339, 0.7334, 0.7367, 0.74, 0.7311, 0.7329, 0.7302, 0.7318, 0.7333, 0.7327, 0.7331, 0.736, 0.7352, 0.7375, 0.734, 0.736, 0.7349, 0.7393, 0.7306, 0.7308], [0.6648, 0.6628, 0.6611, 0.6662, 0.6669, 0.6544, 0.6588, 0.6708, 0.6605, 0.6562, 0.6585, 0.6619, 0.6582, 0.6558, 0.6601, 0.6561, 0.6537, 0.6597, 0.6677, 0.6567], [0.7454, 0.7405, 0.7442, 0.7449, 0.7457, 0.7452, 0.7451, 0.7462, 0.7453, 0.743, 0.7428, 0.7455, 0.7478, 0.7465, 0.7433, 0.7453, 0.7453, 0.7461, 0.7449, 0.7471]]	
Results: 	[[0.7144, 0.7132, 0.7122, 0.7175, 0.7154, 0.7159, 0.7127, 0.7133, 0.7155, 0.7159, 0.7181, 0.716, 0.7155, 0.716, 0.7127, 0.7159, 0.7143, 0.716, 0.7181, 0.7143, 0.7191], [0.7331, 0.7431, 0.73, 0.7342, 0.7366, 0.7342, 0.7331, 0.7335, 0.7342, 0.7315, 0.7311, 0.7323, 0.7377, 0.7331, 0.7339, 0.74, 0.7338, 0.7358, 0.7362, 0.73, 0.7323], [0.7302, 0.7303, 0.7327, 0.7266, 0.7304, 0.73, 0.7294, 0.7294, 0.7322, 0.7304, 0.7282, 0.7296, 0.7292, 0.7347, 0.7296, 0.734, 0.7317, 0.7321, 0.7293, 0.7307, 0.7305], [0.7339, 0.7334, 0.7367, 0.74, 0.7311, 0.7329, 0.7302, 0.7318, 0.7333, 0.7327, 0.7331, 0.736, 0.7352, 0.7375, 0.734, 0.736, 0.7349, 0.7393, 0.7306, 0.7308, 0.7355], [0.6648, 0.6628, 0.6611, 0.6662, 0.6669, 0.6544, 0.6588, 0.6708, 0.6605, 0.6562, 0.6585, 0.6619, 0.6582, 0.6558, 0.6601, 0.6561, 0.6537, 0.6597, 0.6677, 0.6567, 0.6626], [0.7454, 0.7405, 0.7442, 0.7449, 0.7457, 0.7452, 0.7451, 0.7462, 0.7453, 0.743, 0.7428, 0.7455, 0.7478, 0.7465, 0.7433, 0.7453, 0.7453, 0.7461, 0.7449, 0.7471, 0.7429]]	
Results: 	[[0.7144, 0.7132, 0.7122, 0.7175, 0.7154, 0.7159, 0.7127, 0.7133, 0.7155, 0.7159, 0.7181, 0.716, 0.7155, 0.716, 0.7127, 0.7159, 0.7143, 0.716, 0.7181, 0.7143, 0.7191, 0.7176], [0.7331, 0.7431, 0.73, 0.7342, 0.7366, 0.7342, 0.7331, 0.7335, 0.7342, 0.7315, 0.7311, 0.7323, 0.7377, 0.7331, 0.7339, 0.74, 0.7338, 0.7358, 0.7362, 0.73, 0.7323, 0.7319], [0.7302, 0.7303, 0.7327, 0.7266, 0.7304, 0.73, 0.7294, 0.7294, 0.7322, 0.7304, 0.7282, 0.7296, 0.7292, 0.7347, 0.7296, 0.734, 0.7317, 0.7321, 0.7293, 0.7307, 0.7305, 0.7322], [0.7339, 0.7334, 0.7367, 0.74, 0.7311, 0.7329, 0.7302, 0.7318, 0.7333, 0.7327, 0.7331, 0.736, 0.7352, 0.7375, 0.734, 0.736, 0.7349, 0.7393, 0.7306, 0.7308, 0.7355, 0.7363], [0.6648, 0.6628, 0.6611, 0.6662, 0.6669, 0.6544, 0.6588, 0.6708, 0.6605, 0.6562, 0.6585, 0.6619, 0.6582, 0.6558, 0.6601, 0.6561, 0.6537, 0.6597, 0.6677, 0.6567, 0.6626, 0.6562], [0.7454, 0.7405, 0.7442, 0.7449, 0.7457, 0.7452, 0.7451, 0.7462, 0.7453, 0.743, 0.7428, 0.7455, 0.7478, 0.7465, 0.7433, 0.7453, 0.7453, 0.7461, 0.7449, 0.7471, 0.7429, 0.7449]]	
Results: 	[[0.7144, 0.7132, 0.7122, 0.7175, 0.7154, 0.7159, 0.7127, 0.7133, 0.7155, 0.7159, 0.7181, 0.716, 0.7155, 0.716, 0.7127, 0.7159, 0.7143, 0.716, 0.7181, 0.7143, 0.7191, 0.7176, 0.7154], [0.7331, 0.7431, 0.73, 0.7342, 0.7366, 0.7342, 0.7331, 0.7335, 0.7342, 0.7315, 0.7311, 0.7323, 0.7377, 0.7331, 0.7339, 0.74, 0.7338, 0.7358, 0.7362, 0.73, 0.7323, 0.7319, 0.7331], [0.7302, 0.7303, 0.7327, 0.7266, 0.7304, 0.73, 0.7294, 0.7294, 0.7322, 0.7304, 0.7282, 0.7296, 0.7292, 0.7347, 0.7296, 0.734, 0.7317, 0.7321, 0.7293, 0.7307, 0.7305, 0.7322, 0.7345], [0.7339, 0.7334, 0.7367, 0.74, 0.7311, 0.7329, 0.7302, 0.7318, 0.7333, 0.7327, 0.7331, 0.736, 0.7352, 0.7375, 0.734, 0.736, 0.7349, 0.7393, 0.7306, 0.7308, 0.7355, 0.7363, 0.7411], [0.6648, 0.6628, 0.6611, 0.6662, 0.6669, 0.6544, 0.6588, 0.6708, 0.6605, 0.6562, 0.6585, 0.6619, 0.6582, 0.6558, 0.6601, 0.6561, 0.6537, 0.6597, 0.6677, 0.6567, 0.6626, 0.6562, 0.6551], [0.7454, 0.7405, 0.7442, 0.7449, 0.7457, 0.7452, 0.7451, 0.7462, 0.7453, 0.743, 0.7428, 0.7455, 0.7478, 0.7465, 0.7433, 0.7453, 0.7453, 0.7461, 0.7449, 0.7471, 0.7429, 0.7449, 0.7446]]	
Results: 	[[0.7144, 0.7132, 0.7122, 0.7175, 0.7154, 0.7159, 0.7127, 0.7133, 0.7155, 0.7159, 0.7181, 0.716, 0.7155, 0.716, 0.7127, 0.7159, 0.7143, 0.716, 0.7181, 0.7143, 0.7191, 0.7176, 0.7154, 0.7165], [0.7331, 0.7431, 0.73, 0.7342, 0.7366, 0.7342, 0.7331, 0.7335, 0.7342, 0.7315, 0.7311, 0.7323, 0.7377, 0.7331, 0.7339, 0.74, 0.7338, 0.7358, 0.7362, 0.73, 0.7323, 0.7319, 0.7331, 0.7327], [0.7302, 0.7303, 0.7327, 0.7266, 0.7304, 0.73, 0.7294, 0.7294, 0.7322, 0.7304, 0.7282, 0.7296, 0.7292, 0.7347, 0.7296, 0.734, 0.7317, 0.7321, 0.7293, 0.7307, 0.7305, 0.7322, 0.7345, 0.7283], [0.7339, 0.7334, 0.7367, 0.74, 0.7311, 0.7329, 0.7302, 0.7318, 0.7333, 0.7327, 0.7331, 0.736, 0.7352, 0.7375, 0.734, 0.736, 0.7349, 0.7393, 0.7306, 0.7308, 0.7355, 0.7363, 0.7411, 0.7369], [0.6648, 0.6628, 0.6611, 0.6662, 0.6669, 0.6544, 0.6588, 0.6708, 0.6605, 0.6562, 0.6585, 0.6619, 0.6582, 0.6558, 0.6601, 0.6561, 0.6537, 0.6597, 0.6677, 0.6567, 0.6626, 0.6562, 0.6551, 0.6551], [0.7454, 0.7405, 0.7442, 0.7449, 0.7457, 0.7452, 0.7451, 0.7462, 0.7453, 0.743, 0.7428, 0.7455, 0.7478, 0.7465, 0.7433, 0.7453, 0.7453, 0.7461, 0.7449, 0.7471, 0.7429, 0.7449, 0.7446, 0.7437]]	
Results: 	[[0.7144, 0.7132, 0.7122, 0.7175, 0.7154, 0.7159, 0.7127, 0.7133, 0.7155, 0.7159, 0.7181, 0.716, 0.7155, 0.716, 0.7127, 0.7159, 0.7143, 0.716, 0.7181, 0.7143, 0.7191, 0.7176, 0.7154, 0.7165, 0.7154], [0.7331, 0.7431, 0.73, 0.7342, 0.7366, 0.7342, 0.7331, 0.7335, 0.7342, 0.7315, 0.7311, 0.7323, 0.7377, 0.7331, 0.7339, 0.74, 0.7338, 0.7358, 0.7362, 0.73, 0.7323, 0.7319, 0.7331, 0.7327, 0.7389], [0.7302, 0.7303, 0.7327, 0.7266, 0.7304, 0.73, 0.7294, 0.7294, 0.7322, 0.7304, 0.7282, 0.7296, 0.7292, 0.7347, 0.7296, 0.734, 0.7317, 0.7321, 0.7293, 0.7307, 0.7305, 0.7322, 0.7345, 0.7283, 0.7265], [0.7339, 0.7334, 0.7367, 0.74, 0.7311, 0.7329, 0.7302, 0.7318, 0.7333, 0.7327, 0.7331, 0.736, 0.7352, 0.7375, 0.734, 0.736, 0.7349, 0.7393, 0.7306, 0.7308, 0.7355, 0.7363, 0.7411, 0.7369, 0.7359], [0.6648, 0.6628, 0.6611, 0.6662, 0.6669, 0.6544, 0.6588, 0.6708, 0.6605, 0.6562, 0.6585, 0.6619, 0.6582, 0.6558, 0.6601, 0.6561, 0.6537, 0.6597, 0.6677, 0.6567, 0.6626, 0.6562, 0.6551, 0.6551, 0.6657], [0.7454, 0.7405, 0.7442, 0.7449, 0.7457, 0.7452, 0.7451, 0.7462, 0.7453, 0.743, 0.7428, 0.7455, 0.7478, 0.7465, 0.7433, 0.7453, 0.7453, 0.7461, 0.7449, 0.7471, 0.7429, 0.7449, 0.7446, 0.7437, 0.7467]]	
Results: 	[[0.7144, 0.7132, 0.7122, 0.7175, 0.7154, 0.7159, 0.7127, 0.7133, 0.7155, 0.7159, 0.7181, 0.716, 0.7155, 0.716, 0.7127, 0.7159, 0.7143, 0.716, 0.7181, 0.7143, 0.7191, 0.7176, 0.7154, 0.7165, 0.7154, 0.7149], [0.7331, 0.7431, 0.73, 0.7342, 0.7366, 0.7342, 0.7331, 0.7335, 0.7342, 0.7315, 0.7311, 0.7323, 0.7377, 0.7331, 0.7339, 0.74, 0.7338, 0.7358, 0.7362, 0.73, 0.7323, 0.7319, 0.7331, 0.7327, 0.7389, 0.7296], [0.7302, 0.7303, 0.7327, 0.7266, 0.7304, 0.73, 0.7294, 0.7294, 0.7322, 0.7304, 0.7282, 0.7296, 0.7292, 0.7347, 0.7296, 0.734, 0.7317, 0.7321, 0.7293, 0.7307, 0.7305, 0.7322, 0.7345, 0.7283, 0.7265, 0.7303], [0.7339, 0.7334, 0.7367, 0.74, 0.7311, 0.7329, 0.7302, 0.7318, 0.7333, 0.7327, 0.7331, 0.736, 0.7352, 0.7375, 0.734, 0.736, 0.7349, 0.7393, 0.7306, 0.7308, 0.7355, 0.7363, 0.7411, 0.7369, 0.7359, 0.7355], [0.6648, 0.6628, 0.6611, 0.6662, 0.6669, 0.6544, 0.6588, 0.6708, 0.6605, 0.6562, 0.6585, 0.6619, 0.6582, 0.6558, 0.6601, 0.6561, 0.6537, 0.6597, 0.6677, 0.6567, 0.6626, 0.6562, 0.6551, 0.6551, 0.6657, 0.6605], [0.7454, 0.7405, 0.7442, 0.7449, 0.7457, 0.7452, 0.7451, 0.7462, 0.7453, 0.743, 0.7428, 0.7455, 0.7478, 0.7465, 0.7433, 0.7453, 0.7453, 0.7461, 0.7449, 0.7471, 0.7429, 0.7449, 0.7446, 0.7437, 0.7467, 0.7452]]	
Results: 	[[0.7144, 0.7132, 0.7122, 0.7175, 0.7154, 0.7159, 0.7127, 0.7133, 0.7155, 0.7159, 0.7181, 0.716, 0.7155, 0.716, 0.7127, 0.7159, 0.7143, 0.716, 0.7181, 0.7143, 0.7191, 0.7176, 0.7154, 0.7165, 0.7154, 0.7149, 0.717], [0.7331, 0.7431, 0.73, 0.7342, 0.7366, 0.7342, 0.7331, 0.7335, 0.7342, 0.7315, 0.7311, 0.7323, 0.7377, 0.7331, 0.7339, 0.74, 0.7338, 0.7358, 0.7362, 0.73, 0.7323, 0.7319, 0.7331, 0.7327, 0.7389, 0.7296, 0.7339], [0.7302, 0.7303, 0.7327, 0.7266, 0.7304, 0.73, 0.7294, 0.7294, 0.7322, 0.7304, 0.7282, 0.7296, 0.7292, 0.7347, 0.7296, 0.734, 0.7317, 0.7321, 0.7293, 0.7307, 0.7305, 0.7322, 0.7345, 0.7283, 0.7265, 0.7303, 0.7292], [0.7339, 0.7334, 0.7367, 0.74, 0.7311, 0.7329, 0.7302, 0.7318, 0.7333, 0.7327, 0.7331, 0.736, 0.7352, 0.7375, 0.734, 0.736, 0.7349, 0.7393, 0.7306, 0.7308, 0.7355, 0.7363, 0.7411, 0.7369, 0.7359, 0.7355, 0.7404], [0.6648, 0.6628, 0.6611, 0.6662, 0.6669, 0.6544, 0.6588, 0.6708, 0.6605, 0.6562, 0.6585, 0.6619, 0.6582, 0.6558, 0.6601, 0.6561, 0.6537, 0.6597, 0.6677, 0.6567, 0.6626, 0.6562, 0.6551, 0.6551, 0.6657, 0.6605, 0.6605], [0.7454, 0.7405, 0.7442, 0.7449, 0.7457, 0.7452, 0.7451, 0.7462, 0.7453, 0.743, 0.7428, 0.7455, 0.7478, 0.7465, 0.7433, 0.7453, 0.7453, 0.7461, 0.7449, 0.7471, 0.7429, 0.7449, 0.7446, 0.7437, 0.7467, 0.7452, 0.7452]]	
Results: 	[[0.7144, 0.7132, 0.7122, 0.7175, 0.7154, 0.7159, 0.7127, 0.7133, 0.7155, 0.7159, 0.7181, 0.716, 0.7155, 0.716, 0.7127, 0.7159, 0.7143, 0.716, 0.7181, 0.7143, 0.7191, 0.7176, 0.7154, 0.7165, 0.7154, 0.7149, 0.717, 0.717], [0.7331, 0.7431, 0.73, 0.7342, 0.7366, 0.7342, 0.7331, 0.7335, 0.7342, 0.7315, 0.7311, 0.7323, 0.7377, 0.7331, 0.7339, 0.74, 0.7338, 0.7358, 0.7362, 0.73, 0.7323, 0.7319, 0.7331, 0.7327, 0.7389, 0.7296, 0.7339, 0.7343], [0.7302, 0.7303, 0.7327, 0.7266, 0.7304, 0.73, 0.7294, 0.7294, 0.7322, 0.7304, 0.7282, 0.7296, 0.7292, 0.7347, 0.7296, 0.734, 0.7317, 0.7321, 0.7293, 0.7307, 0.7305, 0.7322, 0.7345, 0.7283, 0.7265, 0.7303, 0.7292, 0.7318], [0.7339, 0.7334, 0.7367, 0.74, 0.7311, 0.7329, 0.7302, 0.7318, 0.7333, 0.7327, 0.7331, 0.736, 0.7352, 0.7375, 0.734, 0.736, 0.7349, 0.7393, 0.7306, 0.7308, 0.7355, 0.7363, 0.7411, 0.7369, 0.7359, 0.7355, 0.7404, 0.735], [0.6648, 0.6628, 0.6611, 0.6662, 0.6669, 0.6544, 0.6588, 0.6708, 0.6605, 0.6562, 0.6585, 0.6619, 0.6582, 0.6558, 0.6601, 0.6561, 0.6537, 0.6597, 0.6677, 0.6567, 0.6626, 0.6562, 0.6551, 0.6551, 0.6657, 0.6605, 0.6605, 0.6597], [0.7454, 0.7405, 0.7442, 0.7449, 0.7457, 0.7452, 0.7451, 0.7462, 0.7453, 0.743, 0.7428, 0.7455, 0.7478, 0.7465, 0.7433, 0.7453, 0.7453, 0.7461, 0.7449, 0.7471, 0.7429, 0.7449, 0.7446, 0.7437, 0.7467, 0.7452, 0.7452, 0.7476]]	
Results: 	[[0.7144, 0.7132, 0.7122, 0.7175, 0.7154, 0.7159, 0.7127, 0.7133, 0.7155, 0.7159, 0.7181, 0.716, 0.7155, 0.716, 0.7127, 0.7159, 0.7143, 0.716, 0.7181, 0.7143, 0.7191, 0.7176, 0.7154, 0.7165, 0.7154, 0.7149, 0.717, 0.717, 0.7186], [0.7331, 0.7431, 0.73, 0.7342, 0.7366, 0.7342, 0.7331, 0.7335, 0.7342, 0.7315, 0.7311, 0.7323, 0.7377, 0.7331, 0.7339, 0.74, 0.7338, 0.7358, 0.7362, 0.73, 0.7323, 0.7319, 0.7331, 0.7327, 0.7389, 0.7296, 0.7339, 0.7343, 0.7393], [0.7302, 0.7303, 0.7327, 0.7266, 0.7304, 0.73, 0.7294, 0.7294, 0.7322, 0.7304, 0.7282, 0.7296, 0.7292, 0.7347, 0.7296, 0.734, 0.7317, 0.7321, 0.7293, 0.7307, 0.7305, 0.7322, 0.7345, 0.7283, 0.7265, 0.7303, 0.7292, 0.7318, 0.7289], [0.7339, 0.7334, 0.7367, 0.74, 0.7311, 0.7329, 0.7302, 0.7318, 0.7333, 0.7327, 0.7331, 0.736, 0.7352, 0.7375, 0.734, 0.736, 0.7349, 0.7393, 0.7306, 0.7308, 0.7355, 0.7363, 0.7411, 0.7369, 0.7359, 0.7355, 0.7404, 0.735, 0.735], [0.6648, 0.6628, 0.6611, 0.6662, 0.6669, 0.6544, 0.6588, 0.6708, 0.6605, 0.6562, 0.6585, 0.6619, 0.6582, 0.6558, 0.6601, 0.6561, 0.6537, 0.6597, 0.6677, 0.6567, 0.6626, 0.6562, 0.6551, 0.6551, 0.6657, 0.6605, 0.6605, 0.6597, 0.6611], [0.7454, 0.7405, 0.7442, 0.7449, 0.7457, 0.7452, 0.7451, 0.7462, 0.7453, 0.743, 0.7428, 0.7455, 0.7478, 0.7465, 0.7433, 0.7453, 0.7453, 0.7461, 0.7449, 0.7471, 0.7429, 0.7449, 0.7446, 0.7437, 0.7467, 0.7452, 0.7452, 0.7476, 0.7489]]	
Results: 	[[0.7144, 0.7132, 0.7122, 0.7175, 0.7154, 0.7159, 0.7127, 0.7133, 0.7155, 0.7159, 0.7181, 0.716, 0.7155, 0.716, 0.7127, 0.7159, 0.7143, 0.716, 0.7181, 0.7143, 0.7191, 0.7176, 0.7154, 0.7165, 0.7154, 0.7149, 0.717, 0.717, 0.7186, 0.7149], [0.7331, 0.7431, 0.73, 0.7342, 0.7366, 0.7342, 0.7331, 0.7335, 0.7342, 0.7315, 0.7311, 0.7323, 0.7377, 0.7331, 0.7339, 0.74, 0.7338, 0.7358, 0.7362, 0.73, 0.7323, 0.7319, 0.7331, 0.7327, 0.7389, 0.7296, 0.7339, 0.7343, 0.7393, 0.7319], [0.7302, 0.7303, 0.7327, 0.7266, 0.7304, 0.73, 0.7294, 0.7294, 0.7322, 0.7304, 0.7282, 0.7296, 0.7292, 0.7347, 0.7296, 0.734, 0.7317, 0.7321, 0.7293, 0.7307, 0.7305, 0.7322, 0.7345, 0.7283, 0.7265, 0.7303, 0.7292, 0.7318, 0.7289, 0.7318], [0.7339, 0.7334, 0.7367, 0.74, 0.7311, 0.7329, 0.7302, 0.7318, 0.7333, 0.7327, 0.7331, 0.736, 0.7352, 0.7375, 0.734, 0.736, 0.7349, 0.7393, 0.7306, 0.7308, 0.7355, 0.7363, 0.7411, 0.7369, 0.7359, 0.7355, 0.7404, 0.735, 0.735, 0.7307], [0.6648, 0.6628, 0.6611, 0.6662, 0.6669, 0.6544, 0.6588, 0.6708, 0.6605, 0.6562, 0.6585, 0.6619, 0.6582, 0.6558, 0.6601, 0.6561, 0.6537, 0.6597, 0.6677, 0.6567, 0.6626, 0.6562, 0.6551, 0.6551, 0.6657, 0.6605, 0.6605, 0.6597, 0.6611, 0.66], [0.7454, 0.7405, 0.7442, 0.7449, 0.7457, 0.7452, 0.7451, 0.7462, 0.7453, 0.743, 0.7428, 0.7455, 0.7478, 0.7465, 0.7433, 0.7453, 0.7453, 0.7461, 0.7449, 0.7471, 0.7429, 0.7449, 0.7446, 0.7437, 0.7467, 0.7452, 0.7452, 0.7476, 0.7489, 0.7495]]
30 Support Sets: (Mean:0.7156433333333333, SD:0.0017826139917767158) | 	30 Support Sets: (Mean:0.7341766666666667, SD:0.0031325524827959805) | 	30 Support Sets: (Mean:0.73049, SD:0.002009692033363701) | 	30 Support Sets: (Mean:0.7348566666666667, SD:0.002947785063672242) | 	30 Support Sets: (Mean:0.6602466666666666, SD:0.00429865522944201) | 	30 Support Sets: (Mean:0.74531, SD:0.0018531148056066679) | 	
	
	
 	
