Results: 	[[0.7717], [0.7428], [0.7708], [0.808], [0.8772], [0.8036]]	
Results: 	[[0.7717, 0.7955], [0.7428, 0.7273], [0.7708, 0.8027], [0.808, 0.8142], [0.8772, 0.8421], [0.8036, 0.8361]]	
Results: 	[[0.7717, 0.7955, 0.7725], [0.7428, 0.7273, 0.8003], [0.7708, 0.8027, 0.7813], [0.808, 0.8142, 0.7901], [0.8772, 0.8421, 0.8158], [0.8036, 0.8361, 0.8382]]	
Results: 	[[0.7717, 0.7955, 0.7725, 0.8045], [0.7428, 0.7273, 0.8003, 0.7764], [0.7708, 0.8027, 0.7813, 0.7587], [0.808, 0.8142, 0.7901, 0.8439], [0.8772, 0.8421, 0.8158, 0.886], [0.8036, 0.8361, 0.8382, 0.8103]]	
Results: 	[[0.7717, 0.7955, 0.7725, 0.8045, 0.8002], [0.7428, 0.7273, 0.8003, 0.7764, 0.7451], [0.7708, 0.8027, 0.7813, 0.7587, 0.7793], [0.808, 0.8142, 0.7901, 0.8439, 0.8133], [0.8772, 0.8421, 0.8158, 0.886, 0.8522], [0.8036, 0.8361, 0.8382, 0.8103, 0.8163]]	
Results: 	[[0.7717, 0.7955, 0.7725, 0.8045, 0.8002, 0.7519], [0.7428, 0.7273, 0.8003, 0.7764, 0.7451, 0.7533], [0.7708, 0.8027, 0.7813, 0.7587, 0.7793, 0.7852], [0.808, 0.8142, 0.7901, 0.8439, 0.8133, 0.7724], [0.8772, 0.8421, 0.8158, 0.886, 0.8522, 0.8696], [0.8036, 0.8361, 0.8382, 0.8103, 0.8163, 0.8471]]	
Results: 	[[0.7717, 0.7955, 0.7725, 0.8045, 0.8002, 0.7519, 0.7599], [0.7428, 0.7273, 0.8003, 0.7764, 0.7451, 0.7533, 0.7585], [0.7708, 0.8027, 0.7813, 0.7587, 0.7793, 0.7852, 0.8016], [0.808, 0.8142, 0.7901, 0.8439, 0.8133, 0.7724, 0.8096], [0.8772, 0.8421, 0.8158, 0.886, 0.8522, 0.8696, 0.8435], [0.8036, 0.8361, 0.8382, 0.8103, 0.8163, 0.8471, 0.8283]]	
Results: 	[[0.7717, 0.7955, 0.7725, 0.8045, 0.8002, 0.7519, 0.7599, 0.8002], [0.7428, 0.7273, 0.8003, 0.7764, 0.7451, 0.7533, 0.7585, 0.7257], [0.7708, 0.8027, 0.7813, 0.7587, 0.7793, 0.7852, 0.8016, 0.787], [0.808, 0.8142, 0.7901, 0.8439, 0.8133, 0.7724, 0.8096, 0.8031], [0.8772, 0.8421, 0.8158, 0.886, 0.8522, 0.8696, 0.8435, 0.8947], [0.8036, 0.8361, 0.8382, 0.8103, 0.8163, 0.8471, 0.8283, 0.7962]]	
Results: 	[[0.7717, 0.7955, 0.7725, 0.8045, 0.8002, 0.7519, 0.7599, 0.8002, 0.7154], [0.7428, 0.7273, 0.8003, 0.7764, 0.7451, 0.7533, 0.7585, 0.7257, 0.7257], [0.7708, 0.8027, 0.7813, 0.7587, 0.7793, 0.7852, 0.8016, 0.787, 0.7906], [0.808, 0.8142, 0.7901, 0.8439, 0.8133, 0.7724, 0.8096, 0.8031, 0.786], [0.8772, 0.8421, 0.8158, 0.886, 0.8522, 0.8696, 0.8435, 0.8947, 0.886], [0.8036, 0.8361, 0.8382, 0.8103, 0.8163, 0.8471, 0.8283, 0.7962, 0.8395]]	
Results: 	[[0.7717, 0.7955, 0.7725, 0.8045, 0.8002, 0.7519, 0.7599, 0.8002, 0.7154, 0.7852], [0.7428, 0.7273, 0.8003, 0.7764, 0.7451, 0.7533, 0.7585, 0.7257, 0.7257, 0.7197], [0.7708, 0.8027, 0.7813, 0.7587, 0.7793, 0.7852, 0.8016, 0.787, 0.7906, 0.7562], [0.808, 0.8142, 0.7901, 0.8439, 0.8133, 0.7724, 0.8096, 0.8031, 0.786, 0.7957], [0.8772, 0.8421, 0.8158, 0.886, 0.8522, 0.8696, 0.8435, 0.8947, 0.886, 0.8696], [0.8036, 0.8361, 0.8382, 0.8103, 0.8163, 0.8471, 0.8283, 0.7962, 0.8395, 0.8452]]	
Results: 	[[0.7717, 0.7955, 0.7725, 0.8045, 0.8002, 0.7519, 0.7599, 0.8002, 0.7154, 0.7852, 0.7981], [0.7428, 0.7273, 0.8003, 0.7764, 0.7451, 0.7533, 0.7585, 0.7257, 0.7257, 0.7197, 0.7479], [0.7708, 0.8027, 0.7813, 0.7587, 0.7793, 0.7852, 0.8016, 0.787, 0.7906, 0.7562, 0.7945], [0.808, 0.8142, 0.7901, 0.8439, 0.8133, 0.7724, 0.8096, 0.8031, 0.786, 0.7957, 0.8161], [0.8772, 0.8421, 0.8158, 0.886, 0.8522, 0.8696, 0.8435, 0.8947, 0.886, 0.8696, 0.8783], [0.8036, 0.8361, 0.8382, 0.8103, 0.8163, 0.8471, 0.8283, 0.7962, 0.8395, 0.8452, 0.8395]]	
Results: 	[[0.7717, 0.7955, 0.7725, 0.8045, 0.8002, 0.7519, 0.7599, 0.8002, 0.7154, 0.7852, 0.7981, 0.7368], [0.7428, 0.7273, 0.8003, 0.7764, 0.7451, 0.7533, 0.7585, 0.7257, 0.7257, 0.7197, 0.7479, 0.7812], [0.7708, 0.8027, 0.7813, 0.7587, 0.7793, 0.7852, 0.8016, 0.787, 0.7906, 0.7562, 0.7945, 0.8056], [0.808, 0.8142, 0.7901, 0.8439, 0.8133, 0.7724, 0.8096, 0.8031, 0.786, 0.7957, 0.8161, 0.8194], [0.8772, 0.8421, 0.8158, 0.886, 0.8522, 0.8696, 0.8435, 0.8947, 0.886, 0.8696, 0.8783, 0.887], [0.8036, 0.8361, 0.8382, 0.8103, 0.8163, 0.8471, 0.8283, 0.7962, 0.8395, 0.8452, 0.8395, 0.8207]]	
Results: 	[[0.7717, 0.7955, 0.7725, 0.8045, 0.8002, 0.7519, 0.7599, 0.8002, 0.7154, 0.7852, 0.7981, 0.7368, 0.7981], [0.7428, 0.7273, 0.8003, 0.7764, 0.7451, 0.7533, 0.7585, 0.7257, 0.7257, 0.7197, 0.7479, 0.7812, 0.7502], [0.7708, 0.8027, 0.7813, 0.7587, 0.7793, 0.7852, 0.8016, 0.787, 0.7906, 0.7562, 0.7945, 0.8056, 0.7963], [0.808, 0.8142, 0.7901, 0.8439, 0.8133, 0.7724, 0.8096, 0.8031, 0.786, 0.7957, 0.8161, 0.8194, 0.8589], [0.8772, 0.8421, 0.8158, 0.886, 0.8522, 0.8696, 0.8435, 0.8947, 0.886, 0.8696, 0.8783, 0.887, 0.8696], [0.8036, 0.8361, 0.8382, 0.8103, 0.8163, 0.8471, 0.8283, 0.7962, 0.8395, 0.8452, 0.8395, 0.8207, 0.8118]]	
Results: 	[[0.7717, 0.7955, 0.7725, 0.8045, 0.8002, 0.7519, 0.7599, 0.8002, 0.7154, 0.7852, 0.7981, 0.7368, 0.7981, 0.757], [0.7428, 0.7273, 0.8003, 0.7764, 0.7451, 0.7533, 0.7585, 0.7257, 0.7257, 0.7197, 0.7479, 0.7812, 0.7502, 0.77], [0.7708, 0.8027, 0.7813, 0.7587, 0.7793, 0.7852, 0.8016, 0.787, 0.7906, 0.7562, 0.7945, 0.8056, 0.7963, 0.7906], [0.808, 0.8142, 0.7901, 0.8439, 0.8133, 0.7724, 0.8096, 0.8031, 0.786, 0.7957, 0.8161, 0.8194, 0.8589, 0.7963], [0.8772, 0.8421, 0.8158, 0.886, 0.8522, 0.8696, 0.8435, 0.8947, 0.886, 0.8696, 0.8783, 0.887, 0.8696, 0.887], [0.8036, 0.8361, 0.8382, 0.8103, 0.8163, 0.8471, 0.8283, 0.7962, 0.8395, 0.8452, 0.8395, 0.8207, 0.8118, 0.8192]]	
Results: 	[[0.7717, 0.7955, 0.7725, 0.8045, 0.8002, 0.7519, 0.7599, 0.8002, 0.7154, 0.7852, 0.7981, 0.7368, 0.7981, 0.757, 0.7852], [0.7428, 0.7273, 0.8003, 0.7764, 0.7451, 0.7533, 0.7585, 0.7257, 0.7257, 0.7197, 0.7479, 0.7812, 0.7502, 0.77, 0.7382], [0.7708, 0.8027, 0.7813, 0.7587, 0.7793, 0.7852, 0.8016, 0.787, 0.7906, 0.7562, 0.7945, 0.8056, 0.7963, 0.7906, 0.7461], [0.808, 0.8142, 0.7901, 0.8439, 0.8133, 0.7724, 0.8096, 0.8031, 0.786, 0.7957, 0.8161, 0.8194, 0.8589, 0.7963, 0.7798], [0.8772, 0.8421, 0.8158, 0.886, 0.8522, 0.8696, 0.8435, 0.8947, 0.886, 0.8696, 0.8783, 0.887, 0.8696, 0.887, 0.887], [0.8036, 0.8361, 0.8382, 0.8103, 0.8163, 0.8471, 0.8283, 0.7962, 0.8395, 0.8452, 0.8395, 0.8207, 0.8118, 0.8192, 0.8225]]	
Results: 	[[0.7717, 0.7955, 0.7725, 0.8045, 0.8002, 0.7519, 0.7599, 0.8002, 0.7154, 0.7852, 0.7981, 0.7368, 0.7981, 0.757, 0.7852, 0.7774], [0.7428, 0.7273, 0.8003, 0.7764, 0.7451, 0.7533, 0.7585, 0.7257, 0.7257, 0.7197, 0.7479, 0.7812, 0.7502, 0.77, 0.7382, 0.7649], [0.7708, 0.8027, 0.7813, 0.7587, 0.7793, 0.7852, 0.8016, 0.787, 0.7906, 0.7562, 0.7945, 0.8056, 0.7963, 0.7906, 0.7461, 0.769], [0.808, 0.8142, 0.7901, 0.8439, 0.8133, 0.7724, 0.8096, 0.8031, 0.786, 0.7957, 0.8161, 0.8194, 0.8589, 0.7963, 0.7798, 0.8256], [0.8772, 0.8421, 0.8158, 0.886, 0.8522, 0.8696, 0.8435, 0.8947, 0.886, 0.8696, 0.8783, 0.887, 0.8696, 0.887, 0.887, 0.8609], [0.8036, 0.8361, 0.8382, 0.8103, 0.8163, 0.8471, 0.8283, 0.7962, 0.8395, 0.8452, 0.8395, 0.8207, 0.8118, 0.8192, 0.8225, 0.8292]]	
Results: 	[[0.7717, 0.7955, 0.7725, 0.8045, 0.8002, 0.7519, 0.7599, 0.8002, 0.7154, 0.7852, 0.7981, 0.7368, 0.7981, 0.757, 0.7852, 0.7774, 0.7623], [0.7428, 0.7273, 0.8003, 0.7764, 0.7451, 0.7533, 0.7585, 0.7257, 0.7257, 0.7197, 0.7479, 0.7812, 0.7502, 0.77, 0.7382, 0.7649, 0.7591], [0.7708, 0.8027, 0.7813, 0.7587, 0.7793, 0.7852, 0.8016, 0.787, 0.7906, 0.7562, 0.7945, 0.8056, 0.7963, 0.7906, 0.7461, 0.769, 0.8174], [0.808, 0.8142, 0.7901, 0.8439, 0.8133, 0.7724, 0.8096, 0.8031, 0.786, 0.7957, 0.8161, 0.8194, 0.8589, 0.7963, 0.7798, 0.8256, 0.8137], [0.8772, 0.8421, 0.8158, 0.886, 0.8522, 0.8696, 0.8435, 0.8947, 0.886, 0.8696, 0.8783, 0.887, 0.8696, 0.887, 0.887, 0.8609, 0.887], [0.8036, 0.8361, 0.8382, 0.8103, 0.8163, 0.8471, 0.8283, 0.7962, 0.8395, 0.8452, 0.8395, 0.8207, 0.8118, 0.8192, 0.8225, 0.8292, 0.8352]]	
Results: 	[[0.7717, 0.7955, 0.7725, 0.8045, 0.8002, 0.7519, 0.7599, 0.8002, 0.7154, 0.7852, 0.7981, 0.7368, 0.7981, 0.757, 0.7852, 0.7774, 0.7623, 0.806], [0.7428, 0.7273, 0.8003, 0.7764, 0.7451, 0.7533, 0.7585, 0.7257, 0.7257, 0.7197, 0.7479, 0.7812, 0.7502, 0.77, 0.7382, 0.7649, 0.7591, 0.7153], [0.7708, 0.8027, 0.7813, 0.7587, 0.7793, 0.7852, 0.8016, 0.787, 0.7906, 0.7562, 0.7945, 0.8056, 0.7963, 0.7906, 0.7461, 0.769, 0.8174, 0.7636], [0.808, 0.8142, 0.7901, 0.8439, 0.8133, 0.7724, 0.8096, 0.8031, 0.786, 0.7957, 0.8161, 0.8194, 0.8589, 0.7963, 0.7798, 0.8256, 0.8137, 0.7972], [0.8772, 0.8421, 0.8158, 0.886, 0.8522, 0.8696, 0.8435, 0.8947, 0.886, 0.8696, 0.8783, 0.887, 0.8696, 0.887, 0.887, 0.8609, 0.887, 0.8772], [0.8036, 0.8361, 0.8382, 0.8103, 0.8163, 0.8471, 0.8283, 0.7962, 0.8395, 0.8452, 0.8395, 0.8207, 0.8118, 0.8192, 0.8225, 0.8292, 0.8352, 0.8471]]	
Results: 	[[0.7717, 0.7955, 0.7725, 0.8045, 0.8002, 0.7519, 0.7599, 0.8002, 0.7154, 0.7852, 0.7981, 0.7368, 0.7981, 0.757, 0.7852, 0.7774, 0.7623, 0.806, 0.8079], [0.7428, 0.7273, 0.8003, 0.7764, 0.7451, 0.7533, 0.7585, 0.7257, 0.7257, 0.7197, 0.7479, 0.7812, 0.7502, 0.77, 0.7382, 0.7649, 0.7591, 0.7153, 0.7521], [0.7708, 0.8027, 0.7813, 0.7587, 0.7793, 0.7852, 0.8016, 0.787, 0.7906, 0.7562, 0.7945, 0.8056, 0.7963, 0.7906, 0.7461, 0.769, 0.8174, 0.7636, 0.7739], [0.808, 0.8142, 0.7901, 0.8439, 0.8133, 0.7724, 0.8096, 0.8031, 0.786, 0.7957, 0.8161, 0.8194, 0.8589, 0.7963, 0.7798, 0.8256, 0.8137, 0.7972, 0.8292], [0.8772, 0.8421, 0.8158, 0.886, 0.8522, 0.8696, 0.8435, 0.8947, 0.886, 0.8696, 0.8783, 0.887, 0.8696, 0.887, 0.887, 0.8609, 0.887, 0.8772, 0.7982], [0.8036, 0.8361, 0.8382, 0.8103, 0.8163, 0.8471, 0.8283, 0.7962, 0.8395, 0.8452, 0.8395, 0.8207, 0.8118, 0.8192, 0.8225, 0.8292, 0.8352, 0.8471, 0.7815]]	
Results: 	[[0.7717, 0.7955, 0.7725, 0.8045, 0.8002, 0.7519, 0.7599, 0.8002, 0.7154, 0.7852, 0.7981, 0.7368, 0.7981, 0.757, 0.7852, 0.7774, 0.7623, 0.806, 0.8079, 0.7815], [0.7428, 0.7273, 0.8003, 0.7764, 0.7451, 0.7533, 0.7585, 0.7257, 0.7257, 0.7197, 0.7479, 0.7812, 0.7502, 0.77, 0.7382, 0.7649, 0.7591, 0.7153, 0.7521, 0.7463], [0.7708, 0.8027, 0.7813, 0.7587, 0.7793, 0.7852, 0.8016, 0.787, 0.7906, 0.7562, 0.7945, 0.8056, 0.7963, 0.7906, 0.7461, 0.769, 0.8174, 0.7636, 0.7739, 0.784], [0.808, 0.8142, 0.7901, 0.8439, 0.8133, 0.7724, 0.8096, 0.8031, 0.786, 0.7957, 0.8161, 0.8194, 0.8589, 0.7963, 0.7798, 0.8256, 0.8137, 0.7972, 0.8292, 0.8078], [0.8772, 0.8421, 0.8158, 0.886, 0.8522, 0.8696, 0.8435, 0.8947, 0.886, 0.8696, 0.8783, 0.887, 0.8696, 0.887, 0.887, 0.8609, 0.887, 0.8772, 0.7982, 0.8696], [0.8036, 0.8361, 0.8382, 0.8103, 0.8163, 0.8471, 0.8283, 0.7962, 0.8395, 0.8452, 0.8395, 0.8207, 0.8118, 0.8192, 0.8225, 0.8292, 0.8352, 0.8471, 0.7815, 0.7987]]	
Results: 	[[0.7717, 0.7955, 0.7725, 0.8045, 0.8002, 0.7519, 0.7599, 0.8002, 0.7154, 0.7852, 0.7981, 0.7368, 0.7981, 0.757, 0.7852, 0.7774, 0.7623, 0.806, 0.8079, 0.7815, 0.774], [0.7428, 0.7273, 0.8003, 0.7764, 0.7451, 0.7533, 0.7585, 0.7257, 0.7257, 0.7197, 0.7479, 0.7812, 0.7502, 0.77, 0.7382, 0.7649, 0.7591, 0.7153, 0.7521, 0.7463, 0.6993], [0.7708, 0.8027, 0.7813, 0.7587, 0.7793, 0.7852, 0.8016, 0.787, 0.7906, 0.7562, 0.7945, 0.8056, 0.7963, 0.7906, 0.7461, 0.769, 0.8174, 0.7636, 0.7739, 0.784, 0.7667], [0.808, 0.8142, 0.7901, 0.8439, 0.8133, 0.7724, 0.8096, 0.8031, 0.786, 0.7957, 0.8161, 0.8194, 0.8589, 0.7963, 0.7798, 0.8256, 0.8137, 0.7972, 0.8292, 0.8078, 0.7876], [0.8772, 0.8421, 0.8158, 0.886, 0.8522, 0.8696, 0.8435, 0.8947, 0.886, 0.8696, 0.8783, 0.887, 0.8696, 0.887, 0.887, 0.8609, 0.887, 0.8772, 0.7982, 0.8696, 0.8609], [0.8036, 0.8361, 0.8382, 0.8103, 0.8163, 0.8471, 0.8283, 0.7962, 0.8395, 0.8452, 0.8395, 0.8207, 0.8118, 0.8192, 0.8225, 0.8292, 0.8352, 0.8471, 0.7815, 0.7987, 0.8283]]	
Results: 	[[0.7717, 0.7955, 0.7725, 0.8045, 0.8002, 0.7519, 0.7599, 0.8002, 0.7154, 0.7852, 0.7981, 0.7368, 0.7981, 0.757, 0.7852, 0.7774, 0.7623, 0.806, 0.8079, 0.7815, 0.774, 0.7355], [0.7428, 0.7273, 0.8003, 0.7764, 0.7451, 0.7533, 0.7585, 0.7257, 0.7257, 0.7197, 0.7479, 0.7812, 0.7502, 0.77, 0.7382, 0.7649, 0.7591, 0.7153, 0.7521, 0.7463, 0.6993, 0.7413], [0.7708, 0.8027, 0.7813, 0.7587, 0.7793, 0.7852, 0.8016, 0.787, 0.7906, 0.7562, 0.7945, 0.8056, 0.7963, 0.7906, 0.7461, 0.769, 0.8174, 0.7636, 0.7739, 0.784, 0.7667, 0.7605], [0.808, 0.8142, 0.7901, 0.8439, 0.8133, 0.7724, 0.8096, 0.8031, 0.786, 0.7957, 0.8161, 0.8194, 0.8589, 0.7963, 0.7798, 0.8256, 0.8137, 0.7972, 0.8292, 0.8078, 0.7876, 0.7895], [0.8772, 0.8421, 0.8158, 0.886, 0.8522, 0.8696, 0.8435, 0.8947, 0.886, 0.8696, 0.8783, 0.887, 0.8696, 0.887, 0.887, 0.8609, 0.887, 0.8772, 0.7982, 0.8696, 0.8609, 0.8261], [0.8036, 0.8361, 0.8382, 0.8103, 0.8163, 0.8471, 0.8283, 0.7962, 0.8395, 0.8452, 0.8395, 0.8207, 0.8118, 0.8192, 0.8225, 0.8292, 0.8352, 0.8471, 0.7815, 0.7987, 0.8283, 0.8283]]	
Results: 	[[0.7717, 0.7955, 0.7725, 0.8045, 0.8002, 0.7519, 0.7599, 0.8002, 0.7154, 0.7852, 0.7981, 0.7368, 0.7981, 0.757, 0.7852, 0.7774, 0.7623, 0.806, 0.8079, 0.7815, 0.774, 0.7355, 0.7869], [0.7428, 0.7273, 0.8003, 0.7764, 0.7451, 0.7533, 0.7585, 0.7257, 0.7257, 0.7197, 0.7479, 0.7812, 0.7502, 0.77, 0.7382, 0.7649, 0.7591, 0.7153, 0.7521, 0.7463, 0.6993, 0.7413, 0.7029], [0.7708, 0.8027, 0.7813, 0.7587, 0.7793, 0.7852, 0.8016, 0.787, 0.7906, 0.7562, 0.7945, 0.8056, 0.7963, 0.7906, 0.7461, 0.769, 0.8174, 0.7636, 0.7739, 0.784, 0.7667, 0.7605, 0.7541], [0.808, 0.8142, 0.7901, 0.8439, 0.8133, 0.7724, 0.8096, 0.8031, 0.786, 0.7957, 0.8161, 0.8194, 0.8589, 0.7963, 0.7798, 0.8256, 0.8137, 0.7972, 0.8292, 0.8078, 0.7876, 0.7895, 0.8245], [0.8772, 0.8421, 0.8158, 0.886, 0.8522, 0.8696, 0.8435, 0.8947, 0.886, 0.8696, 0.8783, 0.887, 0.8696, 0.887, 0.887, 0.8609, 0.887, 0.8772, 0.7982, 0.8696, 0.8609, 0.8261, 0.886], [0.8036, 0.8361, 0.8382, 0.8103, 0.8163, 0.8471, 0.8283, 0.7962, 0.8395, 0.8452, 0.8395, 0.8207, 0.8118, 0.8192, 0.8225, 0.8292, 0.8352, 0.8471, 0.7815, 0.7987, 0.8283, 0.8283, 0.8071]]	
Results: 	[[0.7717, 0.7955, 0.7725, 0.8045, 0.8002, 0.7519, 0.7599, 0.8002, 0.7154, 0.7852, 0.7981, 0.7368, 0.7981, 0.757, 0.7852, 0.7774, 0.7623, 0.806, 0.8079, 0.7815, 0.774, 0.7355, 0.7869, 0.8249], [0.7428, 0.7273, 0.8003, 0.7764, 0.7451, 0.7533, 0.7585, 0.7257, 0.7257, 0.7197, 0.7479, 0.7812, 0.7502, 0.77, 0.7382, 0.7649, 0.7591, 0.7153, 0.7521, 0.7463, 0.6993, 0.7413, 0.7029, 0.7211], [0.7708, 0.8027, 0.7813, 0.7587, 0.7793, 0.7852, 0.8016, 0.787, 0.7906, 0.7562, 0.7945, 0.8056, 0.7963, 0.7906, 0.7461, 0.769, 0.8174, 0.7636, 0.7739, 0.784, 0.7667, 0.7605, 0.7541, 0.7688], [0.808, 0.8142, 0.7901, 0.8439, 0.8133, 0.7724, 0.8096, 0.8031, 0.786, 0.7957, 0.8161, 0.8194, 0.8589, 0.7963, 0.7798, 0.8256, 0.8137, 0.7972, 0.8292, 0.8078, 0.7876, 0.7895, 0.8245, 0.8192], [0.8772, 0.8421, 0.8158, 0.886, 0.8522, 0.8696, 0.8435, 0.8947, 0.886, 0.8696, 0.8783, 0.887, 0.8696, 0.887, 0.887, 0.8609, 0.887, 0.8772, 0.7982, 0.8696, 0.8609, 0.8261, 0.886, 0.8783], [0.8036, 0.8361, 0.8382, 0.8103, 0.8163, 0.8471, 0.8283, 0.7962, 0.8395, 0.8452, 0.8395, 0.8207, 0.8118, 0.8192, 0.8225, 0.8292, 0.8352, 0.8471, 0.7815, 0.7987, 0.8283, 0.8283, 0.8071, 0.7906]]	
Results: 	[[0.7717, 0.7955, 0.7725, 0.8045, 0.8002, 0.7519, 0.7599, 0.8002, 0.7154, 0.7852, 0.7981, 0.7368, 0.7981, 0.757, 0.7852, 0.7774, 0.7623, 0.806, 0.8079, 0.7815, 0.774, 0.7355, 0.7869, 0.8249, 0.7968], [0.7428, 0.7273, 0.8003, 0.7764, 0.7451, 0.7533, 0.7585, 0.7257, 0.7257, 0.7197, 0.7479, 0.7812, 0.7502, 0.77, 0.7382, 0.7649, 0.7591, 0.7153, 0.7521, 0.7463, 0.6993, 0.7413, 0.7029, 0.7211, 0.7648], [0.7708, 0.8027, 0.7813, 0.7587, 0.7793, 0.7852, 0.8016, 0.787, 0.7906, 0.7562, 0.7945, 0.8056, 0.7963, 0.7906, 0.7461, 0.769, 0.8174, 0.7636, 0.7739, 0.784, 0.7667, 0.7605, 0.7541, 0.7688, 0.7749], [0.808, 0.8142, 0.7901, 0.8439, 0.8133, 0.7724, 0.8096, 0.8031, 0.786, 0.7957, 0.8161, 0.8194, 0.8589, 0.7963, 0.7798, 0.8256, 0.8137, 0.7972, 0.8292, 0.8078, 0.7876, 0.7895, 0.8245, 0.8192, 0.8078], [0.8772, 0.8421, 0.8158, 0.886, 0.8522, 0.8696, 0.8435, 0.8947, 0.886, 0.8696, 0.8783, 0.887, 0.8696, 0.887, 0.887, 0.8609, 0.887, 0.8772, 0.7982, 0.8696, 0.8609, 0.8261, 0.886, 0.8783, 0.8696], [0.8036, 0.8361, 0.8382, 0.8103, 0.8163, 0.8471, 0.8283, 0.7962, 0.8395, 0.8452, 0.8395, 0.8207, 0.8118, 0.8192, 0.8225, 0.8292, 0.8352, 0.8471, 0.7815, 0.7987, 0.8283, 0.8283, 0.8071, 0.7906, 0.8151]]	
Results: 	[[0.7717, 0.7955, 0.7725, 0.8045, 0.8002, 0.7519, 0.7599, 0.8002, 0.7154, 0.7852, 0.7981, 0.7368, 0.7981, 0.757, 0.7852, 0.7774, 0.7623, 0.806, 0.8079, 0.7815, 0.774, 0.7355, 0.7869, 0.8249, 0.7968, 0.7833], [0.7428, 0.7273, 0.8003, 0.7764, 0.7451, 0.7533, 0.7585, 0.7257, 0.7257, 0.7197, 0.7479, 0.7812, 0.7502, 0.77, 0.7382, 0.7649, 0.7591, 0.7153, 0.7521, 0.7463, 0.6993, 0.7413, 0.7029, 0.7211, 0.7648, 0.7576], [0.7708, 0.8027, 0.7813, 0.7587, 0.7793, 0.7852, 0.8016, 0.787, 0.7906, 0.7562, 0.7945, 0.8056, 0.7963, 0.7906, 0.7461, 0.769, 0.8174, 0.7636, 0.7739, 0.784, 0.7667, 0.7605, 0.7541, 0.7688, 0.7749, 0.7873], [0.808, 0.8142, 0.7901, 0.8439, 0.8133, 0.7724, 0.8096, 0.8031, 0.786, 0.7957, 0.8161, 0.8194, 0.8589, 0.7963, 0.7798, 0.8256, 0.8137, 0.7972, 0.8292, 0.8078, 0.7876, 0.7895, 0.8245, 0.8192, 0.8078, 0.8576], [0.8772, 0.8421, 0.8158, 0.886, 0.8522, 0.8696, 0.8435, 0.8947, 0.886, 0.8696, 0.8783, 0.887, 0.8696, 0.887, 0.887, 0.8609, 0.887, 0.8772, 0.7982, 0.8696, 0.8609, 0.8261, 0.886, 0.8783, 0.8696, 0.8522], [0.8036, 0.8361, 0.8382, 0.8103, 0.8163, 0.8471, 0.8283, 0.7962, 0.8395, 0.8452, 0.8395, 0.8207, 0.8118, 0.8192, 0.8225, 0.8292, 0.8352, 0.8471, 0.7815, 0.7987, 0.8283, 0.8283, 0.8071, 0.7906, 0.8151, 0.7996]]	
Results: 	[[0.7717, 0.7955, 0.7725, 0.8045, 0.8002, 0.7519, 0.7599, 0.8002, 0.7154, 0.7852, 0.7981, 0.7368, 0.7981, 0.757, 0.7852, 0.7774, 0.7623, 0.806, 0.8079, 0.7815, 0.774, 0.7355, 0.7869, 0.8249, 0.7968, 0.7833, 0.7358], [0.7428, 0.7273, 0.8003, 0.7764, 0.7451, 0.7533, 0.7585, 0.7257, 0.7257, 0.7197, 0.7479, 0.7812, 0.7502, 0.77, 0.7382, 0.7649, 0.7591, 0.7153, 0.7521, 0.7463, 0.6993, 0.7413, 0.7029, 0.7211, 0.7648, 0.7576, 0.7679], [0.7708, 0.8027, 0.7813, 0.7587, 0.7793, 0.7852, 0.8016, 0.787, 0.7906, 0.7562, 0.7945, 0.8056, 0.7963, 0.7906, 0.7461, 0.769, 0.8174, 0.7636, 0.7739, 0.784, 0.7667, 0.7605, 0.7541, 0.7688, 0.7749, 0.7873, 0.7752], [0.808, 0.8142, 0.7901, 0.8439, 0.8133, 0.7724, 0.8096, 0.8031, 0.786, 0.7957, 0.8161, 0.8194, 0.8589, 0.7963, 0.7798, 0.8256, 0.8137, 0.7972, 0.8292, 0.8078, 0.7876, 0.7895, 0.8245, 0.8192, 0.8078, 0.8576, 0.8248], [0.8772, 0.8421, 0.8158, 0.886, 0.8522, 0.8696, 0.8435, 0.8947, 0.886, 0.8696, 0.8783, 0.887, 0.8696, 0.887, 0.887, 0.8609, 0.887, 0.8772, 0.7982, 0.8696, 0.8609, 0.8261, 0.886, 0.8783, 0.8696, 0.8522, 0.8684], [0.8036, 0.8361, 0.8382, 0.8103, 0.8163, 0.8471, 0.8283, 0.7962, 0.8395, 0.8452, 0.8395, 0.8207, 0.8118, 0.8192, 0.8225, 0.8292, 0.8352, 0.8471, 0.7815, 0.7987, 0.8283, 0.8283, 0.8071, 0.7906, 0.8151, 0.7996, 0.8107]]	
Results: 	[[0.7717, 0.7955, 0.7725, 0.8045, 0.8002, 0.7519, 0.7599, 0.8002, 0.7154, 0.7852, 0.7981, 0.7368, 0.7981, 0.757, 0.7852, 0.7774, 0.7623, 0.806, 0.8079, 0.7815, 0.774, 0.7355, 0.7869, 0.8249, 0.7968, 0.7833, 0.7358, 0.7755], [0.7428, 0.7273, 0.8003, 0.7764, 0.7451, 0.7533, 0.7585, 0.7257, 0.7257, 0.7197, 0.7479, 0.7812, 0.7502, 0.77, 0.7382, 0.7649, 0.7591, 0.7153, 0.7521, 0.7463, 0.6993, 0.7413, 0.7029, 0.7211, 0.7648, 0.7576, 0.7679, 0.7411], [0.7708, 0.8027, 0.7813, 0.7587, 0.7793, 0.7852, 0.8016, 0.787, 0.7906, 0.7562, 0.7945, 0.8056, 0.7963, 0.7906, 0.7461, 0.769, 0.8174, 0.7636, 0.7739, 0.784, 0.7667, 0.7605, 0.7541, 0.7688, 0.7749, 0.7873, 0.7752, 0.8037], [0.808, 0.8142, 0.7901, 0.8439, 0.8133, 0.7724, 0.8096, 0.8031, 0.786, 0.7957, 0.8161, 0.8194, 0.8589, 0.7963, 0.7798, 0.8256, 0.8137, 0.7972, 0.8292, 0.8078, 0.7876, 0.7895, 0.8245, 0.8192, 0.8078, 0.8576, 0.8248, 0.8274], [0.8772, 0.8421, 0.8158, 0.886, 0.8522, 0.8696, 0.8435, 0.8947, 0.886, 0.8696, 0.8783, 0.887, 0.8696, 0.887, 0.887, 0.8609, 0.887, 0.8772, 0.7982, 0.8696, 0.8609, 0.8261, 0.886, 0.8783, 0.8696, 0.8522, 0.8684, 0.807], [0.8036, 0.8361, 0.8382, 0.8103, 0.8163, 0.8471, 0.8283, 0.7962, 0.8395, 0.8452, 0.8395, 0.8207, 0.8118, 0.8192, 0.8225, 0.8292, 0.8352, 0.8471, 0.7815, 0.7987, 0.8283, 0.8283, 0.8071, 0.7906, 0.8151, 0.7996, 0.8107, 0.8268]]	
Results: 	[[0.7717, 0.7955, 0.7725, 0.8045, 0.8002, 0.7519, 0.7599, 0.8002, 0.7154, 0.7852, 0.7981, 0.7368, 0.7981, 0.757, 0.7852, 0.7774, 0.7623, 0.806, 0.8079, 0.7815, 0.774, 0.7355, 0.7869, 0.8249, 0.7968, 0.7833, 0.7358, 0.7755, 0.7696], [0.7428, 0.7273, 0.8003, 0.7764, 0.7451, 0.7533, 0.7585, 0.7257, 0.7257, 0.7197, 0.7479, 0.7812, 0.7502, 0.77, 0.7382, 0.7649, 0.7591, 0.7153, 0.7521, 0.7463, 0.6993, 0.7413, 0.7029, 0.7211, 0.7648, 0.7576, 0.7679, 0.7411, 0.7161], [0.7708, 0.8027, 0.7813, 0.7587, 0.7793, 0.7852, 0.8016, 0.787, 0.7906, 0.7562, 0.7945, 0.8056, 0.7963, 0.7906, 0.7461, 0.769, 0.8174, 0.7636, 0.7739, 0.784, 0.7667, 0.7605, 0.7541, 0.7688, 0.7749, 0.7873, 0.7752, 0.8037, 0.7739], [0.808, 0.8142, 0.7901, 0.8439, 0.8133, 0.7724, 0.8096, 0.8031, 0.786, 0.7957, 0.8161, 0.8194, 0.8589, 0.7963, 0.7798, 0.8256, 0.8137, 0.7972, 0.8292, 0.8078, 0.7876, 0.7895, 0.8245, 0.8192, 0.8078, 0.8576, 0.8248, 0.8274, 0.7988], [0.8772, 0.8421, 0.8158, 0.886, 0.8522, 0.8696, 0.8435, 0.8947, 0.886, 0.8696, 0.8783, 0.887, 0.8696, 0.887, 0.887, 0.8609, 0.887, 0.8772, 0.7982, 0.8696, 0.8609, 0.8261, 0.886, 0.8783, 0.8696, 0.8522, 0.8684, 0.807, 0.8696], [0.8036, 0.8361, 0.8382, 0.8103, 0.8163, 0.8471, 0.8283, 0.7962, 0.8395, 0.8452, 0.8395, 0.8207, 0.8118, 0.8192, 0.8225, 0.8292, 0.8352, 0.8471, 0.7815, 0.7987, 0.8283, 0.8283, 0.8071, 0.7906, 0.8151, 0.7996, 0.8107, 0.8268, 0.8605]]	
Results: 	[[0.7717, 0.7955, 0.7725, 0.8045, 0.8002, 0.7519, 0.7599, 0.8002, 0.7154, 0.7852, 0.7981, 0.7368, 0.7981, 0.757, 0.7852, 0.7774, 0.7623, 0.806, 0.8079, 0.7815, 0.774, 0.7355, 0.7869, 0.8249, 0.7968, 0.7833, 0.7358, 0.7755, 0.7696, 0.7639], [0.7428, 0.7273, 0.8003, 0.7764, 0.7451, 0.7533, 0.7585, 0.7257, 0.7257, 0.7197, 0.7479, 0.7812, 0.7502, 0.77, 0.7382, 0.7649, 0.7591, 0.7153, 0.7521, 0.7463, 0.6993, 0.7413, 0.7029, 0.7211, 0.7648, 0.7576, 0.7679, 0.7411, 0.7161, 0.7267], [0.7708, 0.8027, 0.7813, 0.7587, 0.7793, 0.7852, 0.8016, 0.787, 0.7906, 0.7562, 0.7945, 0.8056, 0.7963, 0.7906, 0.7461, 0.769, 0.8174, 0.7636, 0.7739, 0.784, 0.7667, 0.7605, 0.7541, 0.7688, 0.7749, 0.7873, 0.7752, 0.8037, 0.7739, 0.7986], [0.808, 0.8142, 0.7901, 0.8439, 0.8133, 0.7724, 0.8096, 0.8031, 0.786, 0.7957, 0.8161, 0.8194, 0.8589, 0.7963, 0.7798, 0.8256, 0.8137, 0.7972, 0.8292, 0.8078, 0.7876, 0.7895, 0.8245, 0.8192, 0.8078, 0.8576, 0.8248, 0.8274, 0.7988, 0.8022], [0.8772, 0.8421, 0.8158, 0.886, 0.8522, 0.8696, 0.8435, 0.8947, 0.886, 0.8696, 0.8783, 0.887, 0.8696, 0.887, 0.887, 0.8609, 0.887, 0.8772, 0.7982, 0.8696, 0.8609, 0.8261, 0.886, 0.8783, 0.8696, 0.8522, 0.8684, 0.807, 0.8696, 0.8696], [0.8036, 0.8361, 0.8382, 0.8103, 0.8163, 0.8471, 0.8283, 0.7962, 0.8395, 0.8452, 0.8395, 0.8207, 0.8118, 0.8192, 0.8225, 0.8292, 0.8352, 0.8471, 0.7815, 0.7987, 0.8283, 0.8283, 0.8071, 0.7906, 0.8151, 0.7996, 0.8107, 0.8268, 0.8605, 0.8174]]
Support Sets: (Mean:0.7771166666666667, SD:0.025253611327045303) | 	Support Sets: (Mean:0.7446266666666667, SD:0.023669184583558746) | 	Support Sets: (Mean:0.7806033333333333, SD:0.01752010634775889) | 	Support Sets: (Mean:0.8106566666666667, SD:0.02068923897090955) | 	Support Sets: (Mean:0.8642066666666667, SD:0.02494227726977429) | 	Support Sets: (Mean:0.8216866666666667, SD:0.01865867152260594) | 	
