Results: 	[[0.8232], [0.8128], [0.7735]]	
Results: 	[[0.8232, 0.8281], [0.8128, 0.7996], [0.7735, 0.7707]]	
Results: 	[[0.8232, 0.8281, 0.8378], [0.8128, 0.7996, 0.8073], [0.7735, 0.7707, 0.7762]]	
Results: 	[[0.8232, 0.8281, 0.8378, 0.816], [0.8128, 0.7996, 0.8073, 0.8062], [0.7735, 0.7707, 0.7762, 0.7707]]	
Results: 	[[0.8232, 0.8281, 0.8378, 0.816, 0.8232], [0.8128, 0.7996, 0.8073, 0.8062, 0.8018], [0.7735, 0.7707, 0.7762, 0.7707, 0.7618]]	
Results: 	[[0.8232, 0.8281, 0.8378, 0.816, 0.8232, 0.8277], [0.8128, 0.7996, 0.8073, 0.8062, 0.8018, 0.8139], [0.7735, 0.7707, 0.7762, 0.7707, 0.7618, 0.768]]	
Results: 	[[0.8232, 0.8281, 0.8378, 0.816, 0.8232, 0.8277, 0.8402], [0.8128, 0.7996, 0.8073, 0.8062, 0.8018, 0.8139, 0.8062], [0.7735, 0.7707, 0.7762, 0.7707, 0.7618, 0.768, 0.7784]]	
Results: 	[[0.8232, 0.8281, 0.8378, 0.816, 0.8232, 0.8277, 0.8402, 0.8305], [0.8128, 0.7996, 0.8073, 0.8062, 0.8018, 0.8139, 0.8062, 0.8183], [0.7735, 0.7707, 0.7762, 0.7707, 0.7618, 0.768, 0.7784, 0.7707]]	
Results: 	[[0.8232, 0.8281, 0.8378, 0.816, 0.8232, 0.8277, 0.8402, 0.8305, 0.816], [0.8128, 0.7996, 0.8073, 0.8062, 0.8018, 0.8139, 0.8062, 0.8183, 0.815], [0.7735, 0.7707, 0.7762, 0.7707, 0.7618, 0.768, 0.7784, 0.7707, 0.7652]]	
Results: 	[[0.8232, 0.8281, 0.8378, 0.816, 0.8232, 0.8277, 0.8402, 0.8305, 0.816, 0.8204], [0.8128, 0.7996, 0.8073, 0.8062, 0.8018, 0.8139, 0.8062, 0.8183, 0.815, 0.8018], [0.7735, 0.7707, 0.7762, 0.7707, 0.7618, 0.768, 0.7784, 0.7707, 0.7652, 0.7707]]	
Results: 	[[0.8232, 0.8281, 0.8378, 0.816, 0.8232, 0.8277, 0.8402, 0.8305, 0.816, 0.8204, 0.8329], [0.8128, 0.7996, 0.8073, 0.8062, 0.8018, 0.8139, 0.8062, 0.8183, 0.815, 0.8018, 0.8062], [0.7735, 0.7707, 0.7762, 0.7707, 0.7618, 0.768, 0.7784, 0.7707, 0.7652, 0.7707, 0.7735]]	
Results: 	[[0.8232, 0.8281, 0.8378, 0.816, 0.8232, 0.8277, 0.8402, 0.8305, 0.816, 0.8204, 0.8329, 0.8281], [0.8128, 0.7996, 0.8073, 0.8062, 0.8018, 0.8139, 0.8062, 0.8183, 0.815, 0.8018, 0.8062, 0.7885], [0.7735, 0.7707, 0.7762, 0.7707, 0.7618, 0.768, 0.7784, 0.7707, 0.7652, 0.7707, 0.7735, 0.7729]]	
Results: 	[[0.8232, 0.8281, 0.8378, 0.816, 0.8232, 0.8277, 0.8402, 0.8305, 0.816, 0.8204, 0.8329, 0.8281, 0.8281], [0.8128, 0.7996, 0.8073, 0.8062, 0.8018, 0.8139, 0.8062, 0.8183, 0.815, 0.8018, 0.8062, 0.7885, 0.8128], [0.7735, 0.7707, 0.7762, 0.7707, 0.7618, 0.768, 0.7784, 0.7707, 0.7652, 0.7707, 0.7735, 0.7729, 0.7735]]	
Results: 	[[0.8232, 0.8281, 0.8378, 0.816, 0.8232, 0.8277, 0.8402, 0.8305, 0.816, 0.8204, 0.8329, 0.8281, 0.8281, 0.8232], [0.8128, 0.7996, 0.8073, 0.8062, 0.8018, 0.8139, 0.8062, 0.8183, 0.815, 0.8018, 0.8062, 0.7885, 0.8128, 0.804], [0.7735, 0.7707, 0.7762, 0.7707, 0.7618, 0.768, 0.7784, 0.7707, 0.7652, 0.7707, 0.7735, 0.7729, 0.7735, 0.7673]]	
Results: 	[[0.8232, 0.8281, 0.8378, 0.816, 0.8232, 0.8277, 0.8402, 0.8305, 0.816, 0.8204, 0.8329, 0.8281, 0.8281, 0.8232, 0.8184], [0.8128, 0.7996, 0.8073, 0.8062, 0.8018, 0.8139, 0.8062, 0.8183, 0.815, 0.8018, 0.8062, 0.7885, 0.8128, 0.804, 0.8084], [0.7735, 0.7707, 0.7762, 0.7707, 0.7618, 0.768, 0.7784, 0.7707, 0.7652, 0.7707, 0.7735, 0.7729, 0.7735, 0.7673, 0.779]]	
Results: 	[[0.8232, 0.8281, 0.8378, 0.816, 0.8232, 0.8277, 0.8402, 0.8305, 0.816, 0.8204, 0.8329, 0.8281, 0.8281, 0.8232, 0.8184, 0.8329], [0.8128, 0.7996, 0.8073, 0.8062, 0.8018, 0.8139, 0.8062, 0.8183, 0.815, 0.8018, 0.8062, 0.7885, 0.8128, 0.804, 0.8084, 0.8139], [0.7735, 0.7707, 0.7762, 0.7707, 0.7618, 0.768, 0.7784, 0.7707, 0.7652, 0.7707, 0.7735, 0.7729, 0.7735, 0.7673, 0.779, 0.7624]]	
Results: 	[[0.8232, 0.8281, 0.8378, 0.816, 0.8232, 0.8277, 0.8402, 0.8305, 0.816, 0.8204, 0.8329, 0.8281, 0.8281, 0.8232, 0.8184, 0.8329, 0.8301], [0.8128, 0.7996, 0.8073, 0.8062, 0.8018, 0.8139, 0.8062, 0.8183, 0.815, 0.8018, 0.8062, 0.7885, 0.8128, 0.804, 0.8084, 0.8139, 0.8084], [0.7735, 0.7707, 0.7762, 0.7707, 0.7618, 0.768, 0.7784, 0.7707, 0.7652, 0.7707, 0.7735, 0.7729, 0.7735, 0.7673, 0.779, 0.7624, 0.7762]]	
Results: 	[[0.8232, 0.8281, 0.8378, 0.816, 0.8232, 0.8277, 0.8402, 0.8305, 0.816, 0.8204, 0.8329, 0.8281, 0.8281, 0.8232, 0.8184, 0.8329, 0.8301, 0.8208], [0.8128, 0.7996, 0.8073, 0.8062, 0.8018, 0.8139, 0.8062, 0.8183, 0.815, 0.8018, 0.8062, 0.7885, 0.8128, 0.804, 0.8084, 0.8139, 0.8084, 0.8095], [0.7735, 0.7707, 0.7762, 0.7707, 0.7618, 0.768, 0.7784, 0.7707, 0.7652, 0.7707, 0.7735, 0.7729, 0.7735, 0.7673, 0.779, 0.7624, 0.7762, 0.7729]]	
Results: 	[[0.8232, 0.8281, 0.8378, 0.816, 0.8232, 0.8277, 0.8402, 0.8305, 0.816, 0.8204, 0.8329, 0.8281, 0.8281, 0.8232, 0.8184, 0.8329, 0.8301, 0.8208, 0.8354], [0.8128, 0.7996, 0.8073, 0.8062, 0.8018, 0.8139, 0.8062, 0.8183, 0.815, 0.8018, 0.8062, 0.7885, 0.8128, 0.804, 0.8084, 0.8139, 0.8084, 0.8095, 0.7885], [0.7735, 0.7707, 0.7762, 0.7707, 0.7618, 0.768, 0.7784, 0.7707, 0.7652, 0.7707, 0.7735, 0.7729, 0.7735, 0.7673, 0.779, 0.7624, 0.7762, 0.7729, 0.7624]]	
Results: 	[[0.8232, 0.8281, 0.8378, 0.816, 0.8232, 0.8277, 0.8402, 0.8305, 0.816, 0.8204, 0.8329, 0.8281, 0.8281, 0.8232, 0.8184, 0.8329, 0.8301, 0.8208, 0.8354, 0.818], [0.8128, 0.7996, 0.8073, 0.8062, 0.8018, 0.8139, 0.8062, 0.8183, 0.815, 0.8018, 0.8062, 0.7885, 0.8128, 0.804, 0.8084, 0.8139, 0.8084, 0.8095, 0.7885, 0.7941], [0.7735, 0.7707, 0.7762, 0.7707, 0.7618, 0.768, 0.7784, 0.7707, 0.7652, 0.7707, 0.7735, 0.7729, 0.7735, 0.7673, 0.779, 0.7624, 0.7762, 0.7729, 0.7624, 0.768]]	
Results: 	[[0.8232, 0.8281, 0.8378, 0.816, 0.8232, 0.8277, 0.8402, 0.8305, 0.816, 0.8204, 0.8329, 0.8281, 0.8281, 0.8232, 0.8184, 0.8329, 0.8301, 0.8208, 0.8354, 0.818, 0.8155], [0.8128, 0.7996, 0.8073, 0.8062, 0.8018, 0.8139, 0.8062, 0.8183, 0.815, 0.8018, 0.8062, 0.7885, 0.8128, 0.804, 0.8084, 0.8139, 0.8084, 0.8095, 0.7885, 0.7941, 0.7996], [0.7735, 0.7707, 0.7762, 0.7707, 0.7618, 0.768, 0.7784, 0.7707, 0.7652, 0.7707, 0.7735, 0.7729, 0.7735, 0.7673, 0.779, 0.7624, 0.7762, 0.7729, 0.7624, 0.768, 0.768]]	
Results: 	[[0.8232, 0.8281, 0.8378, 0.816, 0.8232, 0.8277, 0.8402, 0.8305, 0.816, 0.8204, 0.8329, 0.8281, 0.8281, 0.8232, 0.8184, 0.8329, 0.8301, 0.8208, 0.8354, 0.818, 0.8155, 0.8184], [0.8128, 0.7996, 0.8073, 0.8062, 0.8018, 0.8139, 0.8062, 0.8183, 0.815, 0.8018, 0.8062, 0.7885, 0.8128, 0.804, 0.8084, 0.8139, 0.8084, 0.8095, 0.7885, 0.7941, 0.7996, 0.8062], [0.7735, 0.7707, 0.7762, 0.7707, 0.7618, 0.768, 0.7784, 0.7707, 0.7652, 0.7707, 0.7735, 0.7729, 0.7735, 0.7673, 0.779, 0.7624, 0.7762, 0.7729, 0.7624, 0.768, 0.768, 0.7597]]	
Results: 	[[0.8232, 0.8281, 0.8378, 0.816, 0.8232, 0.8277, 0.8402, 0.8305, 0.816, 0.8204, 0.8329, 0.8281, 0.8281, 0.8232, 0.8184, 0.8329, 0.8301, 0.8208, 0.8354, 0.818, 0.8155, 0.8184, 0.8329], [0.8128, 0.7996, 0.8073, 0.8062, 0.8018, 0.8139, 0.8062, 0.8183, 0.815, 0.8018, 0.8062, 0.7885, 0.8128, 0.804, 0.8084, 0.8139, 0.8084, 0.8095, 0.7885, 0.7941, 0.7996, 0.8062, 0.7874], [0.7735, 0.7707, 0.7762, 0.7707, 0.7618, 0.768, 0.7784, 0.7707, 0.7652, 0.7707, 0.7735, 0.7729, 0.7735, 0.7673, 0.779, 0.7624, 0.7762, 0.7729, 0.7624, 0.768, 0.768, 0.7597, 0.7735]]	
Results: 	[[0.8232, 0.8281, 0.8378, 0.816, 0.8232, 0.8277, 0.8402, 0.8305, 0.816, 0.8204, 0.8329, 0.8281, 0.8281, 0.8232, 0.8184, 0.8329, 0.8301, 0.8208, 0.8354, 0.818, 0.8155, 0.8184, 0.8329, 0.8281], [0.8128, 0.7996, 0.8073, 0.8062, 0.8018, 0.8139, 0.8062, 0.8183, 0.815, 0.8018, 0.8062, 0.7885, 0.8128, 0.804, 0.8084, 0.8139, 0.8084, 0.8095, 0.7885, 0.7941, 0.7996, 0.8062, 0.7874, 0.8139], [0.7735, 0.7707, 0.7762, 0.7707, 0.7618, 0.768, 0.7784, 0.7707, 0.7652, 0.7707, 0.7735, 0.7729, 0.7735, 0.7673, 0.779, 0.7624, 0.7762, 0.7729, 0.7624, 0.768, 0.768, 0.7597, 0.7735, 0.7632]]	
Results: 	[[0.8232, 0.8281, 0.8378, 0.816, 0.8232, 0.8277, 0.8402, 0.8305, 0.816, 0.8204, 0.8329, 0.8281, 0.8281, 0.8232, 0.8184, 0.8329, 0.8301, 0.8208, 0.8354, 0.818, 0.8155, 0.8184, 0.8329, 0.8281, 0.8184], [0.8128, 0.7996, 0.8073, 0.8062, 0.8018, 0.8139, 0.8062, 0.8183, 0.815, 0.8018, 0.8062, 0.7885, 0.8128, 0.804, 0.8084, 0.8139, 0.8084, 0.8095, 0.7885, 0.7941, 0.7996, 0.8062, 0.7874, 0.8139, 0.793], [0.7735, 0.7707, 0.7762, 0.7707, 0.7618, 0.768, 0.7784, 0.7707, 0.7652, 0.7707, 0.7735, 0.7729, 0.7735, 0.7673, 0.779, 0.7624, 0.7762, 0.7729, 0.7624, 0.768, 0.768, 0.7597, 0.7735, 0.7632, 0.7756]]	
Results: 	[[0.8232, 0.8281, 0.8378, 0.816, 0.8232, 0.8277, 0.8402, 0.8305, 0.816, 0.8204, 0.8329, 0.8281, 0.8281, 0.8232, 0.8184, 0.8329, 0.8301, 0.8208, 0.8354, 0.818, 0.8155, 0.8184, 0.8329, 0.8281, 0.8184, 0.8232], [0.8128, 0.7996, 0.8073, 0.8062, 0.8018, 0.8139, 0.8062, 0.8183, 0.815, 0.8018, 0.8062, 0.7885, 0.8128, 0.804, 0.8084, 0.8139, 0.8084, 0.8095, 0.7885, 0.7941, 0.7996, 0.8062, 0.7874, 0.8139, 0.793, 0.8051], [0.7735, 0.7707, 0.7762, 0.7707, 0.7618, 0.768, 0.7784, 0.7707, 0.7652, 0.7707, 0.7735, 0.7729, 0.7735, 0.7673, 0.779, 0.7624, 0.7762, 0.7729, 0.7624, 0.768, 0.768, 0.7597, 0.7735, 0.7632, 0.7756, 0.7701]]	
Results: 	[[0.8232, 0.8281, 0.8378, 0.816, 0.8232, 0.8277, 0.8402, 0.8305, 0.816, 0.8204, 0.8329, 0.8281, 0.8281, 0.8232, 0.8184, 0.8329, 0.8301, 0.8208, 0.8354, 0.818, 0.8155, 0.8184, 0.8329, 0.8281, 0.8184, 0.8232, 0.8131], [0.8128, 0.7996, 0.8073, 0.8062, 0.8018, 0.8139, 0.8062, 0.8183, 0.815, 0.8018, 0.8062, 0.7885, 0.8128, 0.804, 0.8084, 0.8139, 0.8084, 0.8095, 0.7885, 0.7941, 0.7996, 0.8062, 0.7874, 0.8139, 0.793, 0.8051, 0.8073], [0.7735, 0.7707, 0.7762, 0.7707, 0.7618, 0.768, 0.7784, 0.7707, 0.7652, 0.7707, 0.7735, 0.7729, 0.7735, 0.7673, 0.779, 0.7624, 0.7762, 0.7729, 0.7624, 0.768, 0.768, 0.7597, 0.7735, 0.7632, 0.7756, 0.7701, 0.768]]	
Results: 	[[0.8232, 0.8281, 0.8378, 0.816, 0.8232, 0.8277, 0.8402, 0.8305, 0.816, 0.8204, 0.8329, 0.8281, 0.8281, 0.8232, 0.8184, 0.8329, 0.8301, 0.8208, 0.8354, 0.818, 0.8155, 0.8184, 0.8329, 0.8281, 0.8184, 0.8232, 0.8131, 0.8228], [0.8128, 0.7996, 0.8073, 0.8062, 0.8018, 0.8139, 0.8062, 0.8183, 0.815, 0.8018, 0.8062, 0.7885, 0.8128, 0.804, 0.8084, 0.8139, 0.8084, 0.8095, 0.7885, 0.7941, 0.7996, 0.8062, 0.7874, 0.8139, 0.793, 0.8051, 0.8073, 0.8051], [0.7735, 0.7707, 0.7762, 0.7707, 0.7618, 0.768, 0.7784, 0.7707, 0.7652, 0.7707, 0.7735, 0.7729, 0.7735, 0.7673, 0.779, 0.7624, 0.7762, 0.7729, 0.7624, 0.768, 0.768, 0.7597, 0.7735, 0.7632, 0.7756, 0.7701, 0.768, 0.768]]	
Results: 	[[0.8232, 0.8281, 0.8378, 0.816, 0.8232, 0.8277, 0.8402, 0.8305, 0.816, 0.8204, 0.8329, 0.8281, 0.8281, 0.8232, 0.8184, 0.8329, 0.8301, 0.8208, 0.8354, 0.818, 0.8155, 0.8184, 0.8329, 0.8281, 0.8184, 0.8232, 0.8131, 0.8228, 0.8378], [0.8128, 0.7996, 0.8073, 0.8062, 0.8018, 0.8139, 0.8062, 0.8183, 0.815, 0.8018, 0.8062, 0.7885, 0.8128, 0.804, 0.8084, 0.8139, 0.8084, 0.8095, 0.7885, 0.7941, 0.7996, 0.8062, 0.7874, 0.8139, 0.793, 0.8051, 0.8073, 0.8051, 0.793], [0.7735, 0.7707, 0.7762, 0.7707, 0.7618, 0.768, 0.7784, 0.7707, 0.7652, 0.7707, 0.7735, 0.7729, 0.7735, 0.7673, 0.779, 0.7624, 0.7762, 0.7729, 0.7624, 0.768, 0.768, 0.7597, 0.7735, 0.7632, 0.7756, 0.7701, 0.768, 0.768, 0.7652]]	
Results: 	[[0.8232, 0.8281, 0.8378, 0.816, 0.8232, 0.8277, 0.8402, 0.8305, 0.816, 0.8204, 0.8329, 0.8281, 0.8281, 0.8232, 0.8184, 0.8329, 0.8301, 0.8208, 0.8354, 0.818, 0.8155, 0.8184, 0.8329, 0.8281, 0.8184, 0.8232, 0.8131, 0.8228, 0.8378, 0.8329], [0.8128, 0.7996, 0.8073, 0.8062, 0.8018, 0.8139, 0.8062, 0.8183, 0.815, 0.8018, 0.8062, 0.7885, 0.8128, 0.804, 0.8084, 0.8139, 0.8084, 0.8095, 0.7885, 0.7941, 0.7996, 0.8062, 0.7874, 0.8139, 0.793, 0.8051, 0.8073, 0.8051, 0.793, 0.8062], [0.7735, 0.7707, 0.7762, 0.7707, 0.7618, 0.768, 0.7784, 0.7707, 0.7652, 0.7707, 0.7735, 0.7729, 0.7735, 0.7673, 0.779, 0.7624, 0.7762, 0.7729, 0.7624, 0.768, 0.768, 0.7597, 0.7735, 0.7632, 0.7756, 0.7701, 0.768, 0.768, 0.7652, 0.7735]]
Support Sets: (Mean:0.8258033333333333, SD:0.007495492131865021) | 	Support Sets: (Mean:0.8044666666666667, SD:0.008365995760067727) | 	Support Sets: (Mean:0.76996, SD:0.005079546545061699) | 	
