Results: 	[[0.6115], [0.5586], [0.1671]]	
Results: 	[[0.6115, 0.247], [0.5586, 0.7032], [0.1671, 0.5014]]	
Results: 	[[0.6115, 0.247, 0.4737], [0.5586, 0.7032, 0.4315], [0.1671, 0.5014, 0.3052]]	
Results: 	[[0.6115, 0.247, 0.4737, 0.799], [0.5586, 0.7032, 0.4315, 0.3571], [0.1671, 0.5014, 0.3052, 0.6158]]	
Results: 	[[0.6115, 0.247, 0.4737, 0.799, 0.2206], [0.5586, 0.7032, 0.4315, 0.3571, 0.6188], [0.1671, 0.5014, 0.3052, 0.6158, 0.5831]]	
Results: 	[[0.6115, 0.247, 0.4737, 0.799, 0.2206, 0.3621], [0.5586, 0.7032, 0.4315, 0.3571, 0.6188, 0.6101], [0.1671, 0.5014, 0.3052, 0.6158, 0.5831, 0.1945]]	
Results: 	[[0.6115, 0.247, 0.4737, 0.799, 0.2206, 0.3621, 0.3077], [0.5586, 0.7032, 0.4315, 0.3571, 0.6188, 0.6101, 0.5531], [0.1671, 0.5014, 0.3052, 0.6158, 0.5831, 0.1945, 0.218]]	
Results: 	[[0.6115, 0.247, 0.4737, 0.799, 0.2206, 0.3621, 0.3077, 0.3278], [0.5586, 0.7032, 0.4315, 0.3571, 0.6188, 0.6101, 0.5531, 0.5553], [0.1671, 0.5014, 0.3052, 0.6158, 0.5831, 0.1945, 0.218, 0.2098]]	
Results: 	[[0.6115, 0.247, 0.4737, 0.799, 0.2206, 0.3621, 0.3077, 0.3278, 0.5779], [0.5586, 0.7032, 0.4315, 0.3571, 0.6188, 0.6101, 0.5531, 0.5553, 0.6528], [0.1671, 0.5014, 0.3052, 0.6158, 0.5831, 0.1945, 0.218, 0.2098, 0.1199]]	
Results: 	[[0.6115, 0.247, 0.4737, 0.799, 0.2206, 0.3621, 0.3077, 0.3278, 0.5779, 0.5455], [0.5586, 0.7032, 0.4315, 0.3571, 0.6188, 0.6101, 0.5531, 0.5553, 0.6528, 0.3855], [0.1671, 0.5014, 0.3052, 0.6158, 0.5831, 0.1945, 0.218, 0.2098, 0.1199, 0.158]]	
Results: 	[[0.6115, 0.247, 0.4737, 0.799, 0.2206, 0.3621, 0.3077, 0.3278, 0.5779, 0.5455, 0.3254], [0.5586, 0.7032, 0.4315, 0.3571, 0.6188, 0.6101, 0.5531, 0.5553, 0.6528, 0.3855, 0.4009], [0.1671, 0.5014, 0.3052, 0.6158, 0.5831, 0.1945, 0.218, 0.2098, 0.1199, 0.158, 0.4932]]	
Results: 	[[0.6115, 0.247, 0.4737, 0.799, 0.2206, 0.3621, 0.3077, 0.3278, 0.5779, 0.5455, 0.3254, 0.5478], [0.5586, 0.7032, 0.4315, 0.3571, 0.6188, 0.6101, 0.5531, 0.5553, 0.6528, 0.3855, 0.4009, 0.5783], [0.1671, 0.5014, 0.3052, 0.6158, 0.5831, 0.1945, 0.218, 0.2098, 0.1199, 0.158, 0.4932, 0.5123]]	
Results: 	[[0.6115, 0.247, 0.4737, 0.799, 0.2206, 0.3621, 0.3077, 0.3278, 0.5779, 0.5455, 0.3254, 0.5478, 0.2967], [0.5586, 0.7032, 0.4315, 0.3571, 0.6188, 0.6101, 0.5531, 0.5553, 0.6528, 0.3855, 0.4009, 0.5783, 0.2979], [0.1671, 0.5014, 0.3052, 0.6158, 0.5831, 0.1945, 0.218, 0.2098, 0.1199, 0.158, 0.4932, 0.5123, 0.1662]]	
Results: 	[[0.6115, 0.247, 0.4737, 0.799, 0.2206, 0.3621, 0.3077, 0.3278, 0.5779, 0.5455, 0.3254, 0.5478, 0.2967, 0.8345], [0.5586, 0.7032, 0.4315, 0.3571, 0.6188, 0.6101, 0.5531, 0.5553, 0.6528, 0.3855, 0.4009, 0.5783, 0.2979, 0.4447], [0.1671, 0.5014, 0.3052, 0.6158, 0.5831, 0.1945, 0.218, 0.2098, 0.1199, 0.158, 0.4932, 0.5123, 0.1662, 0.4823]]	
Results: 	[[0.6115, 0.247, 0.4737, 0.799, 0.2206, 0.3621, 0.3077, 0.3278, 0.5779, 0.5455, 0.3254, 0.5478, 0.2967, 0.8345, 0.2919], [0.5586, 0.7032, 0.4315, 0.3571, 0.6188, 0.6101, 0.5531, 0.5553, 0.6528, 0.3855, 0.4009, 0.5783, 0.2979, 0.4447, 0.1993], [0.1671, 0.5014, 0.3052, 0.6158, 0.5831, 0.1945, 0.218, 0.2098, 0.1199, 0.158, 0.4932, 0.5123, 0.1662, 0.4823, 0.2371]]	
Results: 	[[0.6115, 0.247, 0.4737, 0.799, 0.2206, 0.3621, 0.3077, 0.3278, 0.5779, 0.5455, 0.3254, 0.5478, 0.2967, 0.8345, 0.2919, 0.3732], [0.5586, 0.7032, 0.4315, 0.3571, 0.6188, 0.6101, 0.5531, 0.5553, 0.6528, 0.3855, 0.4009, 0.5783, 0.2979, 0.4447, 0.1993, 0.4009], [0.1671, 0.5014, 0.3052, 0.6158, 0.5831, 0.1945, 0.218, 0.2098, 0.1199, 0.158, 0.4932, 0.5123, 0.1662, 0.4823, 0.2371, 0.1499]]	
Results: 	[[0.6115, 0.247, 0.4737, 0.799, 0.2206, 0.3621, 0.3077, 0.3278, 0.5779, 0.5455, 0.3254, 0.5478, 0.2967, 0.8345, 0.2919, 0.3732, 0.5], [0.5586, 0.7032, 0.4315, 0.3571, 0.6188, 0.6101, 0.5531, 0.5553, 0.6528, 0.3855, 0.4009, 0.5783, 0.2979, 0.4447, 0.1993, 0.4009, 0.6911], [0.1671, 0.5014, 0.3052, 0.6158, 0.5831, 0.1945, 0.218, 0.2098, 0.1199, 0.158, 0.4932, 0.5123, 0.1662, 0.4823, 0.2371, 0.1499, 0.2596]]	
Results: 	[[0.6115, 0.247, 0.4737, 0.799, 0.2206, 0.3621, 0.3077, 0.3278, 0.5779, 0.5455, 0.3254, 0.5478, 0.2967, 0.8345, 0.2919, 0.3732, 0.5, 0.5012], [0.5586, 0.7032, 0.4315, 0.3571, 0.6188, 0.6101, 0.5531, 0.5553, 0.6528, 0.3855, 0.4009, 0.5783, 0.2979, 0.4447, 0.1993, 0.4009, 0.6911, 0.3319], [0.1671, 0.5014, 0.3052, 0.6158, 0.5831, 0.1945, 0.218, 0.2098, 0.1199, 0.158, 0.4932, 0.5123, 0.1662, 0.4823, 0.2371, 0.1499, 0.2596, 0.2295]]	
Results: 	[[0.6115, 0.247, 0.4737, 0.799, 0.2206, 0.3621, 0.3077, 0.3278, 0.5779, 0.5455, 0.3254, 0.5478, 0.2967, 0.8345, 0.2919, 0.3732, 0.5, 0.5012, 0.2614], [0.5586, 0.7032, 0.4315, 0.3571, 0.6188, 0.6101, 0.5531, 0.5553, 0.6528, 0.3855, 0.4009, 0.5783, 0.2979, 0.4447, 0.1993, 0.4009, 0.6911, 0.3319, 0.3647], [0.1671, 0.5014, 0.3052, 0.6158, 0.5831, 0.1945, 0.218, 0.2098, 0.1199, 0.158, 0.4932, 0.5123, 0.1662, 0.4823, 0.2371, 0.1499, 0.2596, 0.2295, 0.3306]]	
Results: 	[[0.6115, 0.247, 0.4737, 0.799, 0.2206, 0.3621, 0.3077, 0.3278, 0.5779, 0.5455, 0.3254, 0.5478, 0.2967, 0.8345, 0.2919, 0.3732, 0.5, 0.5012, 0.2614, 0.2512], [0.5586, 0.7032, 0.4315, 0.3571, 0.6188, 0.6101, 0.5531, 0.5553, 0.6528, 0.3855, 0.4009, 0.5783, 0.2979, 0.4447, 0.1993, 0.4009, 0.6911, 0.3319, 0.3647, 0.4294], [0.1671, 0.5014, 0.3052, 0.6158, 0.5831, 0.1945, 0.218, 0.2098, 0.1199, 0.158, 0.4932, 0.5123, 0.1662, 0.4823, 0.2371, 0.1499, 0.2596, 0.2295, 0.3306, 0.2589]]	
Results: 	[[0.6115, 0.247, 0.4737, 0.799, 0.2206, 0.3621, 0.3077, 0.3278, 0.5779, 0.5455, 0.3254, 0.5478, 0.2967, 0.8345, 0.2919, 0.3732, 0.5, 0.5012, 0.2614, 0.2512, 0.3636], [0.5586, 0.7032, 0.4315, 0.3571, 0.6188, 0.6101, 0.5531, 0.5553, 0.6528, 0.3855, 0.4009, 0.5783, 0.2979, 0.4447, 0.1993, 0.4009, 0.6911, 0.3319, 0.3647, 0.4294, 0.5958], [0.1671, 0.5014, 0.3052, 0.6158, 0.5831, 0.1945, 0.218, 0.2098, 0.1199, 0.158, 0.4932, 0.5123, 0.1662, 0.4823, 0.2371, 0.1499, 0.2596, 0.2295, 0.3306, 0.2589, 0.3962]]	
Results: 	[[0.6115, 0.247, 0.4737, 0.799, 0.2206, 0.3621, 0.3077, 0.3278, 0.5779, 0.5455, 0.3254, 0.5478, 0.2967, 0.8345, 0.2919, 0.3732, 0.5, 0.5012, 0.2614, 0.2512, 0.3636, 0.7703], [0.5586, 0.7032, 0.4315, 0.3571, 0.6188, 0.6101, 0.5531, 0.5553, 0.6528, 0.3855, 0.4009, 0.5783, 0.2979, 0.4447, 0.1993, 0.4009, 0.6911, 0.3319, 0.3647, 0.4294, 0.5958, 0.632], [0.1671, 0.5014, 0.3052, 0.6158, 0.5831, 0.1945, 0.218, 0.2098, 0.1199, 0.158, 0.4932, 0.5123, 0.1662, 0.4823, 0.2371, 0.1499, 0.2596, 0.2295, 0.3306, 0.2589, 0.3962, 0.5777]]	
Results: 	[[0.6115, 0.247, 0.4737, 0.799, 0.2206, 0.3621, 0.3077, 0.3278, 0.5779, 0.5455, 0.3254, 0.5478, 0.2967, 0.8345, 0.2919, 0.3732, 0.5, 0.5012, 0.2614, 0.2512, 0.3636, 0.7703, 0.3086], [0.5586, 0.7032, 0.4315, 0.3571, 0.6188, 0.6101, 0.5531, 0.5553, 0.6528, 0.3855, 0.4009, 0.5783, 0.2979, 0.4447, 0.1993, 0.4009, 0.6911, 0.3319, 0.3647, 0.4294, 0.5958, 0.632, 0.2202], [0.1671, 0.5014, 0.3052, 0.6158, 0.5831, 0.1945, 0.218, 0.2098, 0.1199, 0.158, 0.4932, 0.5123, 0.1662, 0.4823, 0.2371, 0.1499, 0.2596, 0.2295, 0.3306, 0.2589, 0.3962, 0.5777, 0.346]]	
Results: 	[[0.6115, 0.247, 0.4737, 0.799, 0.2206, 0.3621, 0.3077, 0.3278, 0.5779, 0.5455, 0.3254, 0.5478, 0.2967, 0.8345, 0.2919, 0.3732, 0.5, 0.5012, 0.2614, 0.2512, 0.3636, 0.7703, 0.3086, 0.3206], [0.5586, 0.7032, 0.4315, 0.3571, 0.6188, 0.6101, 0.5531, 0.5553, 0.6528, 0.3855, 0.4009, 0.5783, 0.2979, 0.4447, 0.1993, 0.4009, 0.6911, 0.3319, 0.3647, 0.4294, 0.5958, 0.632, 0.2202, 0.3417], [0.1671, 0.5014, 0.3052, 0.6158, 0.5831, 0.1945, 0.218, 0.2098, 0.1199, 0.158, 0.4932, 0.5123, 0.1662, 0.4823, 0.2371, 0.1499, 0.2596, 0.2295, 0.3306, 0.2589, 0.3962, 0.5777, 0.346, 0.3651]]	
Results: 	[[0.6115, 0.247, 0.4737, 0.799, 0.2206, 0.3621, 0.3077, 0.3278, 0.5779, 0.5455, 0.3254, 0.5478, 0.2967, 0.8345, 0.2919, 0.3732, 0.5, 0.5012, 0.2614, 0.2512, 0.3636, 0.7703, 0.3086, 0.3206, 0.6531], [0.5586, 0.7032, 0.4315, 0.3571, 0.6188, 0.6101, 0.5531, 0.5553, 0.6528, 0.3855, 0.4009, 0.5783, 0.2979, 0.4447, 0.1993, 0.4009, 0.6911, 0.3319, 0.3647, 0.4294, 0.5958, 0.632, 0.2202, 0.3417, 0.7864], [0.1671, 0.5014, 0.3052, 0.6158, 0.5831, 0.1945, 0.218, 0.2098, 0.1199, 0.158, 0.4932, 0.5123, 0.1662, 0.4823, 0.2371, 0.1499, 0.2596, 0.2295, 0.3306, 0.2589, 0.3962, 0.5777, 0.346, 0.3651, 0.7711]]	
Results: 	[[0.6115, 0.247, 0.4737, 0.799, 0.2206, 0.3621, 0.3077, 0.3278, 0.5779, 0.5455, 0.3254, 0.5478, 0.2967, 0.8345, 0.2919, 0.3732, 0.5, 0.5012, 0.2614, 0.2512, 0.3636, 0.7703, 0.3086, 0.3206, 0.6531, 0.4498], [0.5586, 0.7032, 0.4315, 0.3571, 0.6188, 0.6101, 0.5531, 0.5553, 0.6528, 0.3855, 0.4009, 0.5783, 0.2979, 0.4447, 0.1993, 0.4009, 0.6911, 0.3319, 0.3647, 0.4294, 0.5958, 0.632, 0.2202, 0.3417, 0.7864, 0.8302], [0.1671, 0.5014, 0.3052, 0.6158, 0.5831, 0.1945, 0.218, 0.2098, 0.1199, 0.158, 0.4932, 0.5123, 0.1662, 0.4823, 0.2371, 0.1499, 0.2596, 0.2295, 0.3306, 0.2589, 0.3962, 0.5777, 0.346, 0.3651, 0.7711, 0.6376]]	
Results: 	[[0.6115, 0.247, 0.4737, 0.799, 0.2206, 0.3621, 0.3077, 0.3278, 0.5779, 0.5455, 0.3254, 0.5478, 0.2967, 0.8345, 0.2919, 0.3732, 0.5, 0.5012, 0.2614, 0.2512, 0.3636, 0.7703, 0.3086, 0.3206, 0.6531, 0.4498, 0.1699], [0.5586, 0.7032, 0.4315, 0.3571, 0.6188, 0.6101, 0.5531, 0.5553, 0.6528, 0.3855, 0.4009, 0.5783, 0.2979, 0.4447, 0.1993, 0.4009, 0.6911, 0.3319, 0.3647, 0.4294, 0.5958, 0.632, 0.2202, 0.3417, 0.7864, 0.8302, 0.2278], [0.1671, 0.5014, 0.3052, 0.6158, 0.5831, 0.1945, 0.218, 0.2098, 0.1199, 0.158, 0.4932, 0.5123, 0.1662, 0.4823, 0.2371, 0.1499, 0.2596, 0.2295, 0.3306, 0.2589, 0.3962, 0.5777, 0.346, 0.3651, 0.7711, 0.6376, 0.2725]]	
Results: 	[[0.6115, 0.247, 0.4737, 0.799, 0.2206, 0.3621, 0.3077, 0.3278, 0.5779, 0.5455, 0.3254, 0.5478, 0.2967, 0.8345, 0.2919, 0.3732, 0.5, 0.5012, 0.2614, 0.2512, 0.3636, 0.7703, 0.3086, 0.3206, 0.6531, 0.4498, 0.1699, 0.2919], [0.5586, 0.7032, 0.4315, 0.3571, 0.6188, 0.6101, 0.5531, 0.5553, 0.6528, 0.3855, 0.4009, 0.5783, 0.2979, 0.4447, 0.1993, 0.4009, 0.6911, 0.3319, 0.3647, 0.4294, 0.5958, 0.632, 0.2202, 0.3417, 0.7864, 0.8302, 0.2278, 0.4535], [0.1671, 0.5014, 0.3052, 0.6158, 0.5831, 0.1945, 0.218, 0.2098, 0.1199, 0.158, 0.4932, 0.5123, 0.1662, 0.4823, 0.2371, 0.1499, 0.2596, 0.2295, 0.3306, 0.2589, 0.3962, 0.5777, 0.346, 0.3651, 0.7711, 0.6376, 0.2725, 0.2104]]	
Results: 	[[0.6115, 0.247, 0.4737, 0.799, 0.2206, 0.3621, 0.3077, 0.3278, 0.5779, 0.5455, 0.3254, 0.5478, 0.2967, 0.8345, 0.2919, 0.3732, 0.5, 0.5012, 0.2614, 0.2512, 0.3636, 0.7703, 0.3086, 0.3206, 0.6531, 0.4498, 0.1699, 0.2919, 0.4067], [0.5586, 0.7032, 0.4315, 0.3571, 0.6188, 0.6101, 0.5531, 0.5553, 0.6528, 0.3855, 0.4009, 0.5783, 0.2979, 0.4447, 0.1993, 0.4009, 0.6911, 0.3319, 0.3647, 0.4294, 0.5958, 0.632, 0.2202, 0.3417, 0.7864, 0.8302, 0.2278, 0.4535, 0.2158], [0.1671, 0.5014, 0.3052, 0.6158, 0.5831, 0.1945, 0.218, 0.2098, 0.1199, 0.158, 0.4932, 0.5123, 0.1662, 0.4823, 0.2371, 0.1499, 0.2596, 0.2295, 0.3306, 0.2589, 0.3962, 0.5777, 0.346, 0.3651, 0.7711, 0.6376, 0.2725, 0.2104, 0.2016]]	
Results: 	[[0.6115, 0.247, 0.4737, 0.799, 0.2206, 0.3621, 0.3077, 0.3278, 0.5779, 0.5455, 0.3254, 0.5478, 0.2967, 0.8345, 0.2919, 0.3732, 0.5, 0.5012, 0.2614, 0.2512, 0.3636, 0.7703, 0.3086, 0.3206, 0.6531, 0.4498, 0.1699, 0.2919, 0.4067, 0.1459], [0.5586, 0.7032, 0.4315, 0.3571, 0.6188, 0.6101, 0.5531, 0.5553, 0.6528, 0.3855, 0.4009, 0.5783, 0.2979, 0.4447, 0.1993, 0.4009, 0.6911, 0.3319, 0.3647, 0.4294, 0.5958, 0.632, 0.2202, 0.3417, 0.7864, 0.8302, 0.2278, 0.4535, 0.2158, 0.529], [0.1671, 0.5014, 0.3052, 0.6158, 0.5831, 0.1945, 0.218, 0.2098, 0.1199, 0.158, 0.4932, 0.5123, 0.1662, 0.4823, 0.2371, 0.1499, 0.2596, 0.2295, 0.3306, 0.2589, 0.3962, 0.5777, 0.346, 0.3651, 0.7711, 0.6376, 0.2725, 0.2104, 0.2016, 0.2016]]
Support Sets: (Mean:0.41788333333333333, SD:0.1831813932038185) | 	Support Sets: (Mean:0.47991666666666666, SD:0.1715388728103851) | 	Support Sets: (Mean:0.33907333333333334, SD:0.17586702447829886) | 	
