Results: 	[[0.3584], [0.2467], [0.3398]]	
Results: 	[[0.3584, 0.3341], [0.2467, 0.2985], [0.3398, 0.2928]]	
Results: 	[[0.3584, 0.3341, 0.3447], [0.2467, 0.2985, 0.293], [0.3398, 0.2928, 0.3306]]	
Results: 	[[0.3584, 0.3341, 0.3447, 0.3584], [0.2467, 0.2985, 0.293, 0.2874], [0.3398, 0.2928, 0.3306, 0.3343]]	
Results: 	[[0.3584, 0.3341, 0.3447, 0.3584, 0.3826], [0.2467, 0.2985, 0.293, 0.2874, 0.2742], [0.3398, 0.2928, 0.3306, 0.3343, 0.3287]]	
Results: 	[[0.3584, 0.3341, 0.3447, 0.3584, 0.3826, 0.3511], [0.2467, 0.2985, 0.293, 0.2874, 0.2742, 0.3018], [0.3398, 0.2928, 0.3306, 0.3343, 0.3287, 0.3019]]	
Results: 	[[0.3584, 0.3341, 0.3447, 0.3584, 0.3826, 0.3511, 0.3341], [0.2467, 0.2985, 0.293, 0.2874, 0.2742, 0.3018, 0.2632], [0.3398, 0.2928, 0.3306, 0.3343, 0.3287, 0.3019, 0.232]]	
Results: 	[[0.3584, 0.3341, 0.3447, 0.3584, 0.3826, 0.3511, 0.3341, 0.3826], [0.2467, 0.2985, 0.293, 0.2874, 0.2742, 0.3018, 0.2632, 0.2511], [0.3398, 0.2928, 0.3306, 0.3343, 0.3287, 0.3019, 0.232, 0.326]]	
Results: 	[[0.3584, 0.3341, 0.3447, 0.3584, 0.3826, 0.3511, 0.3341, 0.3826, 0.3705], [0.2467, 0.2985, 0.293, 0.2874, 0.2742, 0.3018, 0.2632, 0.2511, 0.2511], [0.3398, 0.2928, 0.3306, 0.3343, 0.3287, 0.3019, 0.232, 0.326, 0.2909]]	
Results: 	[[0.3584, 0.3341, 0.3447, 0.3584, 0.3826, 0.3511, 0.3341, 0.3826, 0.3705, 0.3971], [0.2467, 0.2985, 0.293, 0.2874, 0.2742, 0.3018, 0.2632, 0.2511, 0.2511, 0.2941], [0.3398, 0.2928, 0.3306, 0.3343, 0.3287, 0.3019, 0.232, 0.326, 0.2909, 0.3094]]	
Results: 	[[0.3584, 0.3341, 0.3447, 0.3584, 0.3826, 0.3511, 0.3341, 0.3826, 0.3705, 0.3971, 0.3753], [0.2467, 0.2985, 0.293, 0.2874, 0.2742, 0.3018, 0.2632, 0.2511, 0.2511, 0.2941, 0.293], [0.3398, 0.2928, 0.3306, 0.3343, 0.3287, 0.3019, 0.232, 0.326, 0.2909, 0.3094, 0.3204]]	
Results: 	[[0.3584, 0.3341, 0.3447, 0.3584, 0.3826, 0.3511, 0.3341, 0.3826, 0.3705, 0.3971, 0.3753, 0.2978], [0.2467, 0.2985, 0.293, 0.2874, 0.2742, 0.3018, 0.2632, 0.2511, 0.2511, 0.2941, 0.293, 0.3029], [0.3398, 0.2928, 0.3306, 0.3343, 0.3287, 0.3019, 0.232, 0.326, 0.2909, 0.3094, 0.3204, 0.2687]]	
Results: 	[[0.3584, 0.3341, 0.3447, 0.3584, 0.3826, 0.3511, 0.3341, 0.3826, 0.3705, 0.3971, 0.3753, 0.2978, 0.368], [0.2467, 0.2985, 0.293, 0.2874, 0.2742, 0.3018, 0.2632, 0.2511, 0.2511, 0.2941, 0.293, 0.3029, 0.3227], [0.3398, 0.2928, 0.3306, 0.3343, 0.3287, 0.3019, 0.232, 0.326, 0.2909, 0.3094, 0.3204, 0.2687, 0.2936]]	
Results: 	[[0.3584, 0.3341, 0.3447, 0.3584, 0.3826, 0.3511, 0.3341, 0.3826, 0.3705, 0.3971, 0.3753, 0.2978, 0.368, 0.4005], [0.2467, 0.2985, 0.293, 0.2874, 0.2742, 0.3018, 0.2632, 0.2511, 0.2511, 0.2941, 0.293, 0.3029, 0.3227, 0.2302], [0.3398, 0.2928, 0.3306, 0.3343, 0.3287, 0.3019, 0.232, 0.326, 0.2909, 0.3094, 0.3204, 0.2687, 0.2936, 0.2917]]	
Results: 	[[0.3584, 0.3341, 0.3447, 0.3584, 0.3826, 0.3511, 0.3341, 0.3826, 0.3705, 0.3971, 0.3753, 0.2978, 0.368, 0.4005, 0.3462], [0.2467, 0.2985, 0.293, 0.2874, 0.2742, 0.3018, 0.2632, 0.2511, 0.2511, 0.2941, 0.293, 0.3029, 0.3227, 0.2302, 0.2808], [0.3398, 0.2928, 0.3306, 0.3343, 0.3287, 0.3019, 0.232, 0.326, 0.2909, 0.3094, 0.3204, 0.2687, 0.2936, 0.2917, 0.3591]]	
Results: 	[[0.3584, 0.3341, 0.3447, 0.3584, 0.3826, 0.3511, 0.3341, 0.3826, 0.3705, 0.3971, 0.3753, 0.2978, 0.368, 0.4005, 0.3462, 0.3874], [0.2467, 0.2985, 0.293, 0.2874, 0.2742, 0.3018, 0.2632, 0.2511, 0.2511, 0.2941, 0.293, 0.3029, 0.3227, 0.2302, 0.2808, 0.315], [0.3398, 0.2928, 0.3306, 0.3343, 0.3287, 0.3019, 0.232, 0.326, 0.2909, 0.3094, 0.3204, 0.2687, 0.2936, 0.2917, 0.3591, 0.2597]]	
Results: 	[[0.3584, 0.3341, 0.3447, 0.3584, 0.3826, 0.3511, 0.3341, 0.3826, 0.3705, 0.3971, 0.3753, 0.2978, 0.368, 0.4005, 0.3462, 0.3874, 0.2736], [0.2467, 0.2985, 0.293, 0.2874, 0.2742, 0.3018, 0.2632, 0.2511, 0.2511, 0.2941, 0.293, 0.3029, 0.3227, 0.2302, 0.2808, 0.315, 0.3062], [0.3398, 0.2928, 0.3306, 0.3343, 0.3287, 0.3019, 0.232, 0.326, 0.2909, 0.3094, 0.3204, 0.2687, 0.2936, 0.2917, 0.3591, 0.2597, 0.3352]]	
Results: 	[[0.3584, 0.3341, 0.3447, 0.3584, 0.3826, 0.3511, 0.3341, 0.3826, 0.3705, 0.3971, 0.3753, 0.2978, 0.368, 0.4005, 0.3462, 0.3874, 0.2736, 0.3487], [0.2467, 0.2985, 0.293, 0.2874, 0.2742, 0.3018, 0.2632, 0.2511, 0.2511, 0.2941, 0.293, 0.3029, 0.3227, 0.2302, 0.2808, 0.315, 0.3062, 0.3623], [0.3398, 0.2928, 0.3306, 0.3343, 0.3287, 0.3019, 0.232, 0.326, 0.2909, 0.3094, 0.3204, 0.2687, 0.2936, 0.2917, 0.3591, 0.2597, 0.3352, 0.3039]]	
Results: 	[[0.3584, 0.3341, 0.3447, 0.3584, 0.3826, 0.3511, 0.3341, 0.3826, 0.3705, 0.3971, 0.3753, 0.2978, 0.368, 0.4005, 0.3462, 0.3874, 0.2736, 0.3487, 0.339], [0.2467, 0.2985, 0.293, 0.2874, 0.2742, 0.3018, 0.2632, 0.2511, 0.2511, 0.2941, 0.293, 0.3029, 0.3227, 0.2302, 0.2808, 0.315, 0.3062, 0.3623, 0.2896], [0.3398, 0.2928, 0.3306, 0.3343, 0.3287, 0.3019, 0.232, 0.326, 0.2909, 0.3094, 0.3204, 0.2687, 0.2936, 0.2917, 0.3591, 0.2597, 0.3352, 0.3039, 0.3287]]	
Results: 	[[0.3584, 0.3341, 0.3447, 0.3584, 0.3826, 0.3511, 0.3341, 0.3826, 0.3705, 0.3971, 0.3753, 0.2978, 0.368, 0.4005, 0.3462, 0.3874, 0.2736, 0.3487, 0.339, 0.339], [0.2467, 0.2985, 0.293, 0.2874, 0.2742, 0.3018, 0.2632, 0.2511, 0.2511, 0.2941, 0.293, 0.3029, 0.3227, 0.2302, 0.2808, 0.315, 0.3062, 0.3623, 0.2896, 0.293], [0.3398, 0.2928, 0.3306, 0.3343, 0.3287, 0.3019, 0.232, 0.326, 0.2909, 0.3094, 0.3204, 0.2687, 0.2936, 0.2917, 0.3591, 0.2597, 0.3352, 0.3039, 0.3287, 0.3646]]	
Results: 	[[0.3584, 0.3341, 0.3447, 0.3584, 0.3826, 0.3511, 0.3341, 0.3826, 0.3705, 0.3971, 0.3753, 0.2978, 0.368, 0.4005, 0.3462, 0.3874, 0.2736, 0.3487, 0.339, 0.339, 0.3883], [0.2467, 0.2985, 0.293, 0.2874, 0.2742, 0.3018, 0.2632, 0.2511, 0.2511, 0.2941, 0.293, 0.3029, 0.3227, 0.2302, 0.2808, 0.315, 0.3062, 0.3623, 0.2896, 0.293, 0.272], [0.3398, 0.2928, 0.3306, 0.3343, 0.3287, 0.3019, 0.232, 0.326, 0.2909, 0.3094, 0.3204, 0.2687, 0.2936, 0.2917, 0.3591, 0.2597, 0.3352, 0.3039, 0.3287, 0.3646, 0.3213]]	
Results: 	[[0.3584, 0.3341, 0.3447, 0.3584, 0.3826, 0.3511, 0.3341, 0.3826, 0.3705, 0.3971, 0.3753, 0.2978, 0.368, 0.4005, 0.3462, 0.3874, 0.2736, 0.3487, 0.339, 0.339, 0.3883, 0.3414], [0.2467, 0.2985, 0.293, 0.2874, 0.2742, 0.3018, 0.2632, 0.2511, 0.2511, 0.2941, 0.293, 0.3029, 0.3227, 0.2302, 0.2808, 0.315, 0.3062, 0.3623, 0.2896, 0.293, 0.272, 0.2952], [0.3398, 0.2928, 0.3306, 0.3343, 0.3287, 0.3019, 0.232, 0.326, 0.2909, 0.3094, 0.3204, 0.2687, 0.2936, 0.2917, 0.3591, 0.2597, 0.3352, 0.3039, 0.3287, 0.3646, 0.3213, 0.3122]]	
Results: 	[[0.3584, 0.3341, 0.3447, 0.3584, 0.3826, 0.3511, 0.3341, 0.3826, 0.3705, 0.3971, 0.3753, 0.2978, 0.368, 0.4005, 0.3462, 0.3874, 0.2736, 0.3487, 0.339, 0.339, 0.3883, 0.3414, 0.3844], [0.2467, 0.2985, 0.293, 0.2874, 0.2742, 0.3018, 0.2632, 0.2511, 0.2511, 0.2941, 0.293, 0.3029, 0.3227, 0.2302, 0.2808, 0.315, 0.3062, 0.3623, 0.2896, 0.293, 0.272, 0.2952, 0.2698], [0.3398, 0.2928, 0.3306, 0.3343, 0.3287, 0.3019, 0.232, 0.326, 0.2909, 0.3094, 0.3204, 0.2687, 0.2936, 0.2917, 0.3591, 0.2597, 0.3352, 0.3039, 0.3287, 0.3646, 0.3213, 0.3122, 0.2652]]	
Results: 	[[0.3584, 0.3341, 0.3447, 0.3584, 0.3826, 0.3511, 0.3341, 0.3826, 0.3705, 0.3971, 0.3753, 0.2978, 0.368, 0.4005, 0.3462, 0.3874, 0.2736, 0.3487, 0.339, 0.339, 0.3883, 0.3414, 0.3844, 0.3801], [0.2467, 0.2985, 0.293, 0.2874, 0.2742, 0.3018, 0.2632, 0.2511, 0.2511, 0.2941, 0.293, 0.3029, 0.3227, 0.2302, 0.2808, 0.315, 0.3062, 0.3623, 0.2896, 0.293, 0.272, 0.2952, 0.2698, 0.2907], [0.3398, 0.2928, 0.3306, 0.3343, 0.3287, 0.3019, 0.232, 0.326, 0.2909, 0.3094, 0.3204, 0.2687, 0.2936, 0.2917, 0.3591, 0.2597, 0.3352, 0.3039, 0.3287, 0.3646, 0.3213, 0.3122, 0.2652, 0.3343]]	
Results: 	[[0.3584, 0.3341, 0.3447, 0.3584, 0.3826, 0.3511, 0.3341, 0.3826, 0.3705, 0.3971, 0.3753, 0.2978, 0.368, 0.4005, 0.3462, 0.3874, 0.2736, 0.3487, 0.339, 0.339, 0.3883, 0.3414, 0.3844, 0.3801, 0.3632], [0.2467, 0.2985, 0.293, 0.2874, 0.2742, 0.3018, 0.2632, 0.2511, 0.2511, 0.2941, 0.293, 0.3029, 0.3227, 0.2302, 0.2808, 0.315, 0.3062, 0.3623, 0.2896, 0.293, 0.272, 0.2952, 0.2698, 0.2907, 0.2841], [0.3398, 0.2928, 0.3306, 0.3343, 0.3287, 0.3019, 0.232, 0.326, 0.2909, 0.3094, 0.3204, 0.2687, 0.2936, 0.2917, 0.3591, 0.2597, 0.3352, 0.3039, 0.3287, 0.3646, 0.3213, 0.3122, 0.2652, 0.3343, 0.3177]]	
Results: 	[[0.3584, 0.3341, 0.3447, 0.3584, 0.3826, 0.3511, 0.3341, 0.3826, 0.3705, 0.3971, 0.3753, 0.2978, 0.368, 0.4005, 0.3462, 0.3874, 0.2736, 0.3487, 0.339, 0.339, 0.3883, 0.3414, 0.3844, 0.3801, 0.3632, 0.3923], [0.2467, 0.2985, 0.293, 0.2874, 0.2742, 0.3018, 0.2632, 0.2511, 0.2511, 0.2941, 0.293, 0.3029, 0.3227, 0.2302, 0.2808, 0.315, 0.3062, 0.3623, 0.2896, 0.293, 0.272, 0.2952, 0.2698, 0.2907, 0.2841, 0.2599], [0.3398, 0.2928, 0.3306, 0.3343, 0.3287, 0.3019, 0.232, 0.326, 0.2909, 0.3094, 0.3204, 0.2687, 0.2936, 0.2917, 0.3591, 0.2597, 0.3352, 0.3039, 0.3287, 0.3646, 0.3213, 0.3122, 0.2652, 0.3343, 0.3177, 0.3536]]	
Results: 	[[0.3584, 0.3341, 0.3447, 0.3584, 0.3826, 0.3511, 0.3341, 0.3826, 0.3705, 0.3971, 0.3753, 0.2978, 0.368, 0.4005, 0.3462, 0.3874, 0.2736, 0.3487, 0.339, 0.339, 0.3883, 0.3414, 0.3844, 0.3801, 0.3632, 0.3923, 0.3172], [0.2467, 0.2985, 0.293, 0.2874, 0.2742, 0.3018, 0.2632, 0.2511, 0.2511, 0.2941, 0.293, 0.3029, 0.3227, 0.2302, 0.2808, 0.315, 0.3062, 0.3623, 0.2896, 0.293, 0.272, 0.2952, 0.2698, 0.2907, 0.2841, 0.2599, 0.2753], [0.3398, 0.2928, 0.3306, 0.3343, 0.3287, 0.3019, 0.232, 0.326, 0.2909, 0.3094, 0.3204, 0.2687, 0.2936, 0.2917, 0.3591, 0.2597, 0.3352, 0.3039, 0.3287, 0.3646, 0.3213, 0.3122, 0.2652, 0.3343, 0.3177, 0.3536, 0.3177]]	
Results: 	[[0.3584, 0.3341, 0.3447, 0.3584, 0.3826, 0.3511, 0.3341, 0.3826, 0.3705, 0.3971, 0.3753, 0.2978, 0.368, 0.4005, 0.3462, 0.3874, 0.2736, 0.3487, 0.339, 0.339, 0.3883, 0.3414, 0.3844, 0.3801, 0.3632, 0.3923, 0.3172, 0.3617], [0.2467, 0.2985, 0.293, 0.2874, 0.2742, 0.3018, 0.2632, 0.2511, 0.2511, 0.2941, 0.293, 0.3029, 0.3227, 0.2302, 0.2808, 0.315, 0.3062, 0.3623, 0.2896, 0.293, 0.272, 0.2952, 0.2698, 0.2907, 0.2841, 0.2599, 0.2753, 0.3018], [0.3398, 0.2928, 0.3306, 0.3343, 0.3287, 0.3019, 0.232, 0.326, 0.2909, 0.3094, 0.3204, 0.2687, 0.2936, 0.2917, 0.3591, 0.2597, 0.3352, 0.3039, 0.3287, 0.3646, 0.3213, 0.3122, 0.2652, 0.3343, 0.3177, 0.3536, 0.3177, 0.2909]]	
Results: 	[[0.3584, 0.3341, 0.3447, 0.3584, 0.3826, 0.3511, 0.3341, 0.3826, 0.3705, 0.3971, 0.3753, 0.2978, 0.368, 0.4005, 0.3462, 0.3874, 0.2736, 0.3487, 0.339, 0.339, 0.3883, 0.3414, 0.3844, 0.3801, 0.3632, 0.3923, 0.3172, 0.3617, 0.3462], [0.2467, 0.2985, 0.293, 0.2874, 0.2742, 0.3018, 0.2632, 0.2511, 0.2511, 0.2941, 0.293, 0.3029, 0.3227, 0.2302, 0.2808, 0.315, 0.3062, 0.3623, 0.2896, 0.293, 0.272, 0.2952, 0.2698, 0.2907, 0.2841, 0.2599, 0.2753, 0.3018, 0.3139], [0.3398, 0.2928, 0.3306, 0.3343, 0.3287, 0.3019, 0.232, 0.326, 0.2909, 0.3094, 0.3204, 0.2687, 0.2936, 0.2917, 0.3591, 0.2597, 0.3352, 0.3039, 0.3287, 0.3646, 0.3213, 0.3122, 0.2652, 0.3343, 0.3177, 0.3536, 0.3177, 0.2909, 0.3287]]	
Results: 	[[0.3584, 0.3341, 0.3447, 0.3584, 0.3826, 0.3511, 0.3341, 0.3826, 0.3705, 0.3971, 0.3753, 0.2978, 0.368, 0.4005, 0.3462, 0.3874, 0.2736, 0.3487, 0.339, 0.339, 0.3883, 0.3414, 0.3844, 0.3801, 0.3632, 0.3923, 0.3172, 0.3617, 0.3462, 0.318], [0.2467, 0.2985, 0.293, 0.2874, 0.2742, 0.3018, 0.2632, 0.2511, 0.2511, 0.2941, 0.293, 0.3029, 0.3227, 0.2302, 0.2808, 0.315, 0.3062, 0.3623, 0.2896, 0.293, 0.272, 0.2952, 0.2698, 0.2907, 0.2841, 0.2599, 0.2753, 0.3018, 0.3139, 0.2874], [0.3398, 0.2928, 0.3306, 0.3343, 0.3287, 0.3019, 0.232, 0.326, 0.2909, 0.3094, 0.3204, 0.2687, 0.2936, 0.2917, 0.3591, 0.2597, 0.3352, 0.3039, 0.3287, 0.3646, 0.3213, 0.3122, 0.2652, 0.3343, 0.3177, 0.3536, 0.3177, 0.2909, 0.3287, 0.337]]
Support Sets: (Mean:0.35606333333333334, SD:0.029893633082156052) | 	Support Sets: (Mean:0.2868966666666667, SD:0.0259224903461671) | 	Support Sets: (Mean:0.31302, SD:0.030286214002755274) | 	
