Results: 	[[0.4383], [0.5374], [0.6492]]	
Results: 	[[0.4383, 0.6295], [0.5374, 0.6685], [0.6492, 0.6022]]	
Results: 	[[0.4383, 0.6295, 0.6005], [0.5374, 0.6685, 0.8656], [0.6492, 0.6022, 0.4778]]	
Results: 	[[0.4383, 0.6295, 0.6005, 0.4504], [0.5374, 0.6685, 0.8656, 0.6564], [0.6492, 0.6022, 0.4778, 0.6436]]	
Results: 	[[0.4383, 0.6295, 0.6005, 0.4504, 0.6126], [0.5374, 0.6685, 0.8656, 0.6564, 0.2797], [0.6492, 0.6022, 0.4778, 0.6436, 0.6583]]	
Results: 	[[0.4383, 0.6295, 0.6005, 0.4504, 0.6126, 0.5351], [0.5374, 0.6685, 0.8656, 0.6564, 0.2797, 0.696], [0.6492, 0.6022, 0.4778, 0.6436, 0.6583, 0.7044]]	
Results: 	[[0.4383, 0.6295, 0.6005, 0.4504, 0.6126, 0.5351, 0.4334], [0.5374, 0.6685, 0.8656, 0.6564, 0.2797, 0.696, 0.6883], [0.6492, 0.6022, 0.4778, 0.6436, 0.6583, 0.7044, 0.674]]	
Results: 	[[0.4383, 0.6295, 0.6005, 0.4504, 0.6126, 0.5351, 0.4334, 0.5981], [0.5374, 0.6685, 0.8656, 0.6564, 0.2797, 0.696, 0.6883, 0.6773], [0.6492, 0.6022, 0.4778, 0.6436, 0.6583, 0.7044, 0.674, 0.7341]]	
Results: 	[[0.4383, 0.6295, 0.6005, 0.4504, 0.6126, 0.5351, 0.4334, 0.5981, 0.7676], [0.5374, 0.6685, 0.8656, 0.6564, 0.2797, 0.696, 0.6883, 0.6773, 0.4317], [0.6492, 0.6022, 0.4778, 0.6436, 0.6583, 0.7044, 0.674, 0.7341, 0.7403]]	
Results: 	[[0.4383, 0.6295, 0.6005, 0.4504, 0.6126, 0.5351, 0.4334, 0.5981, 0.7676, 0.6562], [0.5374, 0.6685, 0.8656, 0.6564, 0.2797, 0.696, 0.6883, 0.6773, 0.4317, 0.6751], [0.6492, 0.6022, 0.4778, 0.6436, 0.6583, 0.7044, 0.674, 0.7341, 0.7403, 0.6851]]	
Results: 	[[0.4383, 0.6295, 0.6005, 0.4504, 0.6126, 0.5351, 0.4334, 0.5981, 0.7676, 0.6562, 0.5922], [0.5374, 0.6685, 0.8656, 0.6564, 0.2797, 0.696, 0.6883, 0.6773, 0.4317, 0.6751, 0.4438], [0.6492, 0.6022, 0.4778, 0.6436, 0.6583, 0.7044, 0.674, 0.7341, 0.7403, 0.6851, 0.7673]]	
Results: 	[[0.4383, 0.6295, 0.6005, 0.4504, 0.6126, 0.5351, 0.4334, 0.5981, 0.7676, 0.6562, 0.5922, 0.615], [0.5374, 0.6685, 0.8656, 0.6564, 0.2797, 0.696, 0.6883, 0.6773, 0.4317, 0.6751, 0.4438, 0.6035], [0.6492, 0.6022, 0.4778, 0.6436, 0.6583, 0.7044, 0.674, 0.7341, 0.7403, 0.6851, 0.7673, 0.7812]]	
Results: 	[[0.4383, 0.6295, 0.6005, 0.4504, 0.6126, 0.5351, 0.4334, 0.5981, 0.7676, 0.6562, 0.5922, 0.615, 0.799], [0.5374, 0.6685, 0.8656, 0.6564, 0.2797, 0.696, 0.6883, 0.6773, 0.4317, 0.6751, 0.4438, 0.6035, 0.4769], [0.6492, 0.6022, 0.4778, 0.6436, 0.6583, 0.7044, 0.674, 0.7341, 0.7403, 0.6851, 0.7673, 0.7812, 0.7293]]	
Results: 	[[0.4383, 0.6295, 0.6005, 0.4504, 0.6126, 0.5351, 0.4334, 0.5981, 0.7676, 0.6562, 0.5922, 0.615, 0.799, 0.7046], [0.5374, 0.6685, 0.8656, 0.6564, 0.2797, 0.696, 0.6883, 0.6773, 0.4317, 0.6751, 0.4438, 0.6035, 0.4769, 0.6134], [0.6492, 0.6022, 0.4778, 0.6436, 0.6583, 0.7044, 0.674, 0.7341, 0.7403, 0.6851, 0.7673, 0.7812, 0.7293, 0.6022]]	
Results: 	[[0.4383, 0.6295, 0.6005, 0.4504, 0.6126, 0.5351, 0.4334, 0.5981, 0.7676, 0.6562, 0.5922, 0.615, 0.799, 0.7046, 0.7603], [0.5374, 0.6685, 0.8656, 0.6564, 0.2797, 0.696, 0.6883, 0.6773, 0.4317, 0.6751, 0.4438, 0.6035, 0.4769, 0.6134, 0.7588], [0.6492, 0.6022, 0.4778, 0.6436, 0.6583, 0.7044, 0.674, 0.7341, 0.7403, 0.6851, 0.7673, 0.7812, 0.7293, 0.6022, 0.6878]]	
Results: 	[[0.4383, 0.6295, 0.6005, 0.4504, 0.6126, 0.5351, 0.4334, 0.5981, 0.7676, 0.6562, 0.5922, 0.615, 0.799, 0.7046, 0.7603, 0.6731], [0.5374, 0.6685, 0.8656, 0.6564, 0.2797, 0.696, 0.6883, 0.6773, 0.4317, 0.6751, 0.4438, 0.6035, 0.4769, 0.6134, 0.7588, 0.6575], [0.6492, 0.6022, 0.4778, 0.6436, 0.6583, 0.7044, 0.674, 0.7341, 0.7403, 0.6851, 0.7673, 0.7812, 0.7293, 0.6022, 0.6878, 0.4724]]	
Results: 	[[0.4383, 0.6295, 0.6005, 0.4504, 0.6126, 0.5351, 0.4334, 0.5981, 0.7676, 0.6562, 0.5922, 0.615, 0.799, 0.7046, 0.7603, 0.6731, 0.4964], [0.5374, 0.6685, 0.8656, 0.6564, 0.2797, 0.696, 0.6883, 0.6773, 0.4317, 0.6751, 0.4438, 0.6035, 0.4769, 0.6134, 0.7588, 0.6575, 0.4626], [0.6492, 0.6022, 0.4778, 0.6436, 0.6583, 0.7044, 0.674, 0.7341, 0.7403, 0.6851, 0.7673, 0.7812, 0.7293, 0.6022, 0.6878, 0.4724, 0.5457]]	
Results: 	[[0.4383, 0.6295, 0.6005, 0.4504, 0.6126, 0.5351, 0.4334, 0.5981, 0.7676, 0.6562, 0.5922, 0.615, 0.799, 0.7046, 0.7603, 0.6731, 0.4964, 0.6925], [0.5374, 0.6685, 0.8656, 0.6564, 0.2797, 0.696, 0.6883, 0.6773, 0.4317, 0.6751, 0.4438, 0.6035, 0.4769, 0.6134, 0.7588, 0.6575, 0.4626, 0.7709], [0.6492, 0.6022, 0.4778, 0.6436, 0.6583, 0.7044, 0.674, 0.7341, 0.7403, 0.6851, 0.7673, 0.7812, 0.7293, 0.6022, 0.6878, 0.4724, 0.5457, 0.5956]]	
Results: 	[[0.4383, 0.6295, 0.6005, 0.4504, 0.6126, 0.5351, 0.4334, 0.5981, 0.7676, 0.6562, 0.5922, 0.615, 0.799, 0.7046, 0.7603, 0.6731, 0.4964, 0.6925, 0.5607], [0.5374, 0.6685, 0.8656, 0.6564, 0.2797, 0.696, 0.6883, 0.6773, 0.4317, 0.6751, 0.4438, 0.6035, 0.4769, 0.6134, 0.7588, 0.6575, 0.4626, 0.7709, 0.6608], [0.6492, 0.6022, 0.4778, 0.6436, 0.6583, 0.7044, 0.674, 0.7341, 0.7403, 0.6851, 0.7673, 0.7812, 0.7293, 0.6022, 0.6878, 0.4724, 0.5457, 0.5956, 0.446]]	
Results: 	[[0.4383, 0.6295, 0.6005, 0.4504, 0.6126, 0.5351, 0.4334, 0.5981, 0.7676, 0.6562, 0.5922, 0.615, 0.799, 0.7046, 0.7603, 0.6731, 0.4964, 0.6925, 0.5607, 0.7167], [0.5374, 0.6685, 0.8656, 0.6564, 0.2797, 0.696, 0.6883, 0.6773, 0.4317, 0.6751, 0.4438, 0.6035, 0.4769, 0.6134, 0.7588, 0.6575, 0.4626, 0.7709, 0.6608, 0.5606], [0.6492, 0.6022, 0.4778, 0.6436, 0.6583, 0.7044, 0.674, 0.7341, 0.7403, 0.6851, 0.7673, 0.7812, 0.7293, 0.6022, 0.6878, 0.4724, 0.5457, 0.5956, 0.446, 0.4227]]	
Results: 	[[0.4383, 0.6295, 0.6005, 0.4504, 0.6126, 0.5351, 0.4334, 0.5981, 0.7676, 0.6562, 0.5922, 0.615, 0.799, 0.7046, 0.7603, 0.6731, 0.4964, 0.6925, 0.5607, 0.7167, 0.8741], [0.5374, 0.6685, 0.8656, 0.6564, 0.2797, 0.696, 0.6883, 0.6773, 0.4317, 0.6751, 0.4438, 0.6035, 0.4769, 0.6134, 0.7588, 0.6575, 0.4626, 0.7709, 0.6608, 0.5606, 0.7148], [0.6492, 0.6022, 0.4778, 0.6436, 0.6583, 0.7044, 0.674, 0.7341, 0.7403, 0.6851, 0.7673, 0.7812, 0.7293, 0.6022, 0.6878, 0.4724, 0.5457, 0.5956, 0.446, 0.4227, 0.5552]]	
Results: 	[[0.4383, 0.6295, 0.6005, 0.4504, 0.6126, 0.5351, 0.4334, 0.5981, 0.7676, 0.6562, 0.5922, 0.615, 0.799, 0.7046, 0.7603, 0.6731, 0.4964, 0.6925, 0.5607, 0.7167, 0.8741, 0.7385], [0.5374, 0.6685, 0.8656, 0.6564, 0.2797, 0.696, 0.6883, 0.6773, 0.4317, 0.6751, 0.4438, 0.6035, 0.4769, 0.6134, 0.7588, 0.6575, 0.4626, 0.7709, 0.6608, 0.5606, 0.7148, 0.5848], [0.6492, 0.6022, 0.4778, 0.6436, 0.6583, 0.7044, 0.674, 0.7341, 0.7403, 0.6851, 0.7673, 0.7812, 0.7293, 0.6022, 0.6878, 0.4724, 0.5457, 0.5956, 0.446, 0.4227, 0.5552, 0.4238]]	
Results: 	[[0.4383, 0.6295, 0.6005, 0.4504, 0.6126, 0.5351, 0.4334, 0.5981, 0.7676, 0.6562, 0.5922, 0.615, 0.799, 0.7046, 0.7603, 0.6731, 0.4964, 0.6925, 0.5607, 0.7167, 0.8741, 0.7385, 0.5801], [0.5374, 0.6685, 0.8656, 0.6564, 0.2797, 0.696, 0.6883, 0.6773, 0.4317, 0.6751, 0.4438, 0.6035, 0.4769, 0.6134, 0.7588, 0.6575, 0.4626, 0.7709, 0.6608, 0.5606, 0.7148, 0.5848, 0.63], [0.6492, 0.6022, 0.4778, 0.6436, 0.6583, 0.7044, 0.674, 0.7341, 0.7403, 0.6851, 0.7673, 0.7812, 0.7293, 0.6022, 0.6878, 0.4724, 0.5457, 0.5956, 0.446, 0.4227, 0.5552, 0.4238, 0.5263]]	
Results: 	[[0.4383, 0.6295, 0.6005, 0.4504, 0.6126, 0.5351, 0.4334, 0.5981, 0.7676, 0.6562, 0.5922, 0.615, 0.799, 0.7046, 0.7603, 0.6731, 0.4964, 0.6925, 0.5607, 0.7167, 0.8741, 0.7385, 0.5801, 0.7597], [0.5374, 0.6685, 0.8656, 0.6564, 0.2797, 0.696, 0.6883, 0.6773, 0.4317, 0.6751, 0.4438, 0.6035, 0.4769, 0.6134, 0.7588, 0.6575, 0.4626, 0.7709, 0.6608, 0.5606, 0.7148, 0.5848, 0.63, 0.565], [0.6492, 0.6022, 0.4778, 0.6436, 0.6583, 0.7044, 0.674, 0.7341, 0.7403, 0.6851, 0.7673, 0.7812, 0.7293, 0.6022, 0.6878, 0.4724, 0.5457, 0.5956, 0.446, 0.4227, 0.5552, 0.4238, 0.5263, 0.453]]	
Results: 	[[0.4383, 0.6295, 0.6005, 0.4504, 0.6126, 0.5351, 0.4334, 0.5981, 0.7676, 0.6562, 0.5922, 0.615, 0.799, 0.7046, 0.7603, 0.6731, 0.4964, 0.6925, 0.5607, 0.7167, 0.8741, 0.7385, 0.5801, 0.7597, 0.5583], [0.5374, 0.6685, 0.8656, 0.6564, 0.2797, 0.696, 0.6883, 0.6773, 0.4317, 0.6751, 0.4438, 0.6035, 0.4769, 0.6134, 0.7588, 0.6575, 0.4626, 0.7709, 0.6608, 0.5606, 0.7148, 0.5848, 0.63, 0.565, 0.5749], [0.6492, 0.6022, 0.4778, 0.6436, 0.6583, 0.7044, 0.674, 0.7341, 0.7403, 0.6851, 0.7673, 0.7812, 0.7293, 0.6022, 0.6878, 0.4724, 0.5457, 0.5956, 0.446, 0.4227, 0.5552, 0.4238, 0.5263, 0.453, 0.8066]]	
Results: 	[[0.4383, 0.6295, 0.6005, 0.4504, 0.6126, 0.5351, 0.4334, 0.5981, 0.7676, 0.6562, 0.5922, 0.615, 0.799, 0.7046, 0.7603, 0.6731, 0.4964, 0.6925, 0.5607, 0.7167, 0.8741, 0.7385, 0.5801, 0.7597, 0.5583, 0.6489], [0.5374, 0.6685, 0.8656, 0.6564, 0.2797, 0.696, 0.6883, 0.6773, 0.4317, 0.6751, 0.4438, 0.6035, 0.4769, 0.6134, 0.7588, 0.6575, 0.4626, 0.7709, 0.6608, 0.5606, 0.7148, 0.5848, 0.63, 0.565, 0.5749, 0.6267], [0.6492, 0.6022, 0.4778, 0.6436, 0.6583, 0.7044, 0.674, 0.7341, 0.7403, 0.6851, 0.7673, 0.7812, 0.7293, 0.6022, 0.6878, 0.4724, 0.5457, 0.5956, 0.446, 0.4227, 0.5552, 0.4238, 0.5263, 0.453, 0.8066, 0.5166]]	
Results: 	[[0.4383, 0.6295, 0.6005, 0.4504, 0.6126, 0.5351, 0.4334, 0.5981, 0.7676, 0.6562, 0.5922, 0.615, 0.799, 0.7046, 0.7603, 0.6731, 0.4964, 0.6925, 0.5607, 0.7167, 0.8741, 0.7385, 0.5801, 0.7597, 0.5583, 0.6489, 0.4358], [0.5374, 0.6685, 0.8656, 0.6564, 0.2797, 0.696, 0.6883, 0.6773, 0.4317, 0.6751, 0.4438, 0.6035, 0.4769, 0.6134, 0.7588, 0.6575, 0.4626, 0.7709, 0.6608, 0.5606, 0.7148, 0.5848, 0.63, 0.565, 0.5749, 0.6267, 0.6751], [0.6492, 0.6022, 0.4778, 0.6436, 0.6583, 0.7044, 0.674, 0.7341, 0.7403, 0.6851, 0.7673, 0.7812, 0.7293, 0.6022, 0.6878, 0.4724, 0.5457, 0.5956, 0.446, 0.4227, 0.5552, 0.4238, 0.5263, 0.453, 0.8066, 0.5166, 0.5221]]	
Results: 	[[0.4383, 0.6295, 0.6005, 0.4504, 0.6126, 0.5351, 0.4334, 0.5981, 0.7676, 0.6562, 0.5922, 0.615, 0.799, 0.7046, 0.7603, 0.6731, 0.4964, 0.6925, 0.5607, 0.7167, 0.8741, 0.7385, 0.5801, 0.7597, 0.5583, 0.6489, 0.4358, 0.5884], [0.5374, 0.6685, 0.8656, 0.6564, 0.2797, 0.696, 0.6883, 0.6773, 0.4317, 0.6751, 0.4438, 0.6035, 0.4769, 0.6134, 0.7588, 0.6575, 0.4626, 0.7709, 0.6608, 0.5606, 0.7148, 0.5848, 0.63, 0.565, 0.5749, 0.6267, 0.6751, 0.4868], [0.6492, 0.6022, 0.4778, 0.6436, 0.6583, 0.7044, 0.674, 0.7341, 0.7403, 0.6851, 0.7673, 0.7812, 0.7293, 0.6022, 0.6878, 0.4724, 0.5457, 0.5956, 0.446, 0.4227, 0.5552, 0.4238, 0.5263, 0.453, 0.8066, 0.5166, 0.5221, 0.4613]]	
Results: 	[[0.4383, 0.6295, 0.6005, 0.4504, 0.6126, 0.5351, 0.4334, 0.5981, 0.7676, 0.6562, 0.5922, 0.615, 0.799, 0.7046, 0.7603, 0.6731, 0.4964, 0.6925, 0.5607, 0.7167, 0.8741, 0.7385, 0.5801, 0.7597, 0.5583, 0.6489, 0.4358, 0.5884, 0.6102], [0.5374, 0.6685, 0.8656, 0.6564, 0.2797, 0.696, 0.6883, 0.6773, 0.4317, 0.6751, 0.4438, 0.6035, 0.4769, 0.6134, 0.7588, 0.6575, 0.4626, 0.7709, 0.6608, 0.5606, 0.7148, 0.5848, 0.63, 0.565, 0.5749, 0.6267, 0.6751, 0.4868, 0.7731], [0.6492, 0.6022, 0.4778, 0.6436, 0.6583, 0.7044, 0.674, 0.7341, 0.7403, 0.6851, 0.7673, 0.7812, 0.7293, 0.6022, 0.6878, 0.4724, 0.5457, 0.5956, 0.446, 0.4227, 0.5552, 0.4238, 0.5263, 0.453, 0.8066, 0.5166, 0.5221, 0.4613, 0.5442]]	
Results: 	[[0.4383, 0.6295, 0.6005, 0.4504, 0.6126, 0.5351, 0.4334, 0.5981, 0.7676, 0.6562, 0.5922, 0.615, 0.799, 0.7046, 0.7603, 0.6731, 0.4964, 0.6925, 0.5607, 0.7167, 0.8741, 0.7385, 0.5801, 0.7597, 0.5583, 0.6489, 0.4358, 0.5884, 0.6102, 0.7361], [0.5374, 0.6685, 0.8656, 0.6564, 0.2797, 0.696, 0.6883, 0.6773, 0.4317, 0.6751, 0.4438, 0.6035, 0.4769, 0.6134, 0.7588, 0.6575, 0.4626, 0.7709, 0.6608, 0.5606, 0.7148, 0.5848, 0.63, 0.565, 0.5749, 0.6267, 0.6751, 0.4868, 0.7731, 0.6156], [0.6492, 0.6022, 0.4778, 0.6436, 0.6583, 0.7044, 0.674, 0.7341, 0.7403, 0.6851, 0.7673, 0.7812, 0.7293, 0.6022, 0.6878, 0.4724, 0.5457, 0.5956, 0.446, 0.4227, 0.5552, 0.4238, 0.5263, 0.453, 0.8066, 0.5166, 0.5221, 0.4613, 0.5442, 0.5623]]
Support Sets: (Mean:0.6287433333333333, SD:0.11362025585356637) | 	Support Sets: (Mean:0.6143866666666666, SD:0.12074660481650258) | 	Support Sets: (Mean:0.5996866666666667, SD:0.11494670649189273) | 	
