Results: 	[[0.2751], [0.1961], [0.194]]	
Results: 	[[0.2751, 0.2823], [0.1961, 0.2004], [0.194, 0.2404]]	
Results: 	[[0.2751, 0.2823, 0.283], [0.1961, 0.2004, 0.1501], [0.194, 0.2404, 0.2234]]	
Results: 	[[0.2751, 0.2823, 0.283, 0.2416], [0.1961, 0.2004, 0.1501, 0.1961], [0.194, 0.2404, 0.2234, 0.2425]]	
Results: 	[[0.2751, 0.2823, 0.283, 0.2416, 0.2751], [0.1961, 0.2004, 0.1501, 0.1961, 0.2004], [0.194, 0.2404, 0.2234, 0.2425, 0.2486]]	
Results: 	[[0.2751, 0.2823, 0.283, 0.2416, 0.2751, 0.2494], [0.1961, 0.2004, 0.1501, 0.1961, 0.2004, 0.1774], [0.194, 0.2404, 0.2234, 0.2425, 0.2486, 0.2125]]	
Results: 	[[0.2751, 0.2823, 0.283, 0.2416, 0.2751, 0.2494, 0.2584], [0.1961, 0.2004, 0.1501, 0.1961, 0.2004, 0.1774, 0.1829], [0.194, 0.2404, 0.2234, 0.2425, 0.2486, 0.2125, 0.1962]]	
Results: 	[[0.2751, 0.2823, 0.283, 0.2416, 0.2751, 0.2494, 0.2584, 0.2416], [0.1961, 0.2004, 0.1501, 0.1961, 0.2004, 0.1774, 0.1829, 0.1895], [0.194, 0.2404, 0.2234, 0.2425, 0.2486, 0.2125, 0.1962, 0.2561]]	
Results: 	[[0.2751, 0.2823, 0.283, 0.2416, 0.2751, 0.2494, 0.2584, 0.2416, 0.2536], [0.1961, 0.2004, 0.1501, 0.1961, 0.2004, 0.1774, 0.1829, 0.1895, 0.1665], [0.194, 0.2404, 0.2234, 0.2425, 0.2486, 0.2125, 0.1962, 0.2561, 0.2071]]	
Results: 	[[0.2751, 0.2823, 0.283, 0.2416, 0.2751, 0.2494, 0.2584, 0.2416, 0.2536, 0.2512], [0.1961, 0.2004, 0.1501, 0.1961, 0.2004, 0.1774, 0.1829, 0.1895, 0.1665, 0.2256], [0.194, 0.2404, 0.2234, 0.2425, 0.2486, 0.2125, 0.1962, 0.2561, 0.2071, 0.2398]]	
Results: 	[[0.2751, 0.2823, 0.283, 0.2416, 0.2751, 0.2494, 0.2584, 0.2416, 0.2536, 0.2512, 0.2662], [0.1961, 0.2004, 0.1501, 0.1961, 0.2004, 0.1774, 0.1829, 0.1895, 0.1665, 0.2256, 0.2048], [0.194, 0.2404, 0.2234, 0.2425, 0.2486, 0.2125, 0.1962, 0.2561, 0.2071, 0.2398, 0.1694]]	
Results: 	[[0.2751, 0.2823, 0.283, 0.2416, 0.2751, 0.2494, 0.2584, 0.2416, 0.2536, 0.2512, 0.2662, 0.2734], [0.1961, 0.2004, 0.1501, 0.1961, 0.2004, 0.1774, 0.1829, 0.1895, 0.1665, 0.2256, 0.2048, 0.1895], [0.194, 0.2404, 0.2234, 0.2425, 0.2486, 0.2125, 0.1962, 0.2561, 0.2071, 0.2398, 0.1694, 0.2322]]	
Results: 	[[0.2751, 0.2823, 0.283, 0.2416, 0.2751, 0.2494, 0.2584, 0.2416, 0.2536, 0.2512, 0.2662, 0.2734, 0.2321], [0.1961, 0.2004, 0.1501, 0.1961, 0.2004, 0.1774, 0.1829, 0.1895, 0.1665, 0.2256, 0.2048, 0.1895, 0.2125], [0.194, 0.2404, 0.2234, 0.2425, 0.2486, 0.2125, 0.1962, 0.2561, 0.2071, 0.2398, 0.1694, 0.2322, 0.2077]]	
Results: 	[[0.2751, 0.2823, 0.283, 0.2416, 0.2751, 0.2494, 0.2584, 0.2416, 0.2536, 0.2512, 0.2662, 0.2734, 0.2321, 0.2512], [0.1961, 0.2004, 0.1501, 0.1961, 0.2004, 0.1774, 0.1829, 0.1895, 0.1665, 0.2256, 0.2048, 0.1895, 0.2125, 0.1829], [0.194, 0.2404, 0.2234, 0.2425, 0.2486, 0.2125, 0.1962, 0.2561, 0.2071, 0.2398, 0.1694, 0.2322, 0.2077, 0.235]]	
Results: 	[[0.2751, 0.2823, 0.283, 0.2416, 0.2751, 0.2494, 0.2584, 0.2416, 0.2536, 0.2512, 0.2662, 0.2734, 0.2321, 0.2512, 0.2464], [0.1961, 0.2004, 0.1501, 0.1961, 0.2004, 0.1774, 0.1829, 0.1895, 0.1665, 0.2256, 0.2048, 0.1895, 0.2125, 0.1829, 0.1873], [0.194, 0.2404, 0.2234, 0.2425, 0.2486, 0.2125, 0.1962, 0.2561, 0.2071, 0.2398, 0.1694, 0.2322, 0.2077, 0.235, 0.2425]]	
Results: 	[[0.2751, 0.2823, 0.283, 0.2416, 0.2751, 0.2494, 0.2584, 0.2416, 0.2536, 0.2512, 0.2662, 0.2734, 0.2321, 0.2512, 0.2464, 0.3182], [0.1961, 0.2004, 0.1501, 0.1961, 0.2004, 0.1774, 0.1829, 0.1895, 0.1665, 0.2256, 0.2048, 0.1895, 0.2125, 0.1829, 0.1873, 0.1851], [0.194, 0.2404, 0.2234, 0.2425, 0.2486, 0.2125, 0.1962, 0.2561, 0.2071, 0.2398, 0.1694, 0.2322, 0.2077, 0.235, 0.2425, 0.1781]]	
Results: 	[[0.2751, 0.2823, 0.283, 0.2416, 0.2751, 0.2494, 0.2584, 0.2416, 0.2536, 0.2512, 0.2662, 0.2734, 0.2321, 0.2512, 0.2464, 0.3182, 0.2775], [0.1961, 0.2004, 0.1501, 0.1961, 0.2004, 0.1774, 0.1829, 0.1895, 0.1665, 0.2256, 0.2048, 0.1895, 0.2125, 0.1829, 0.1873, 0.1851, 0.1731], [0.194, 0.2404, 0.2234, 0.2425, 0.2486, 0.2125, 0.1962, 0.2561, 0.2071, 0.2398, 0.1694, 0.2322, 0.2077, 0.235, 0.2425, 0.1781, 0.1967]]	
Results: 	[[0.2751, 0.2823, 0.283, 0.2416, 0.2751, 0.2494, 0.2584, 0.2416, 0.2536, 0.2512, 0.2662, 0.2734, 0.2321, 0.2512, 0.2464, 0.3182, 0.2775, 0.2727], [0.1961, 0.2004, 0.1501, 0.1961, 0.2004, 0.1774, 0.1829, 0.1895, 0.1665, 0.2256, 0.2048, 0.1895, 0.2125, 0.1829, 0.1873, 0.1851, 0.1731, 0.1873], [0.194, 0.2404, 0.2234, 0.2425, 0.2486, 0.2125, 0.1962, 0.2561, 0.2071, 0.2398, 0.1694, 0.2322, 0.2077, 0.235, 0.2425, 0.1781, 0.1967, 0.1662]]	
Results: 	[[0.2751, 0.2823, 0.283, 0.2416, 0.2751, 0.2494, 0.2584, 0.2416, 0.2536, 0.2512, 0.2662, 0.2734, 0.2321, 0.2512, 0.2464, 0.3182, 0.2775, 0.2727, 0.2823], [0.1961, 0.2004, 0.1501, 0.1961, 0.2004, 0.1774, 0.1829, 0.1895, 0.1665, 0.2256, 0.2048, 0.1895, 0.2125, 0.1829, 0.1873, 0.1851, 0.1731, 0.1873, 0.1676], [0.194, 0.2404, 0.2234, 0.2425, 0.2486, 0.2125, 0.1962, 0.2561, 0.2071, 0.2398, 0.1694, 0.2322, 0.2077, 0.235, 0.2425, 0.1781, 0.1967, 0.1662, 0.2486]]	
Results: 	[[0.2751, 0.2823, 0.283, 0.2416, 0.2751, 0.2494, 0.2584, 0.2416, 0.2536, 0.2512, 0.2662, 0.2734, 0.2321, 0.2512, 0.2464, 0.3182, 0.2775, 0.2727, 0.2823, 0.2614], [0.1961, 0.2004, 0.1501, 0.1961, 0.2004, 0.1774, 0.1829, 0.1895, 0.1665, 0.2256, 0.2048, 0.1895, 0.2125, 0.1829, 0.1873, 0.1851, 0.1731, 0.1873, 0.1676, 0.1961], [0.194, 0.2404, 0.2234, 0.2425, 0.2486, 0.2125, 0.1962, 0.2561, 0.2071, 0.2398, 0.1694, 0.2322, 0.2077, 0.235, 0.2425, 0.1781, 0.1967, 0.1662, 0.2486, 0.1863]]	
Results: 	[[0.2751, 0.2823, 0.283, 0.2416, 0.2751, 0.2494, 0.2584, 0.2416, 0.2536, 0.2512, 0.2662, 0.2734, 0.2321, 0.2512, 0.2464, 0.3182, 0.2775, 0.2727, 0.2823, 0.2614, 0.2823], [0.1961, 0.2004, 0.1501, 0.1961, 0.2004, 0.1774, 0.1829, 0.1895, 0.1665, 0.2256, 0.2048, 0.1895, 0.2125, 0.1829, 0.1873, 0.1851, 0.1731, 0.1873, 0.1676, 0.1961, 0.2103], [0.194, 0.2404, 0.2234, 0.2425, 0.2486, 0.2125, 0.1962, 0.2561, 0.2071, 0.2398, 0.1694, 0.2322, 0.2077, 0.235, 0.2425, 0.1781, 0.1967, 0.1662, 0.2486, 0.1863, 0.2016]]	
Results: 	[[0.2751, 0.2823, 0.283, 0.2416, 0.2751, 0.2494, 0.2584, 0.2416, 0.2536, 0.2512, 0.2662, 0.2734, 0.2321, 0.2512, 0.2464, 0.3182, 0.2775, 0.2727, 0.2823, 0.2614, 0.2823, 0.2656], [0.1961, 0.2004, 0.1501, 0.1961, 0.2004, 0.1774, 0.1829, 0.1895, 0.1665, 0.2256, 0.2048, 0.1895, 0.2125, 0.1829, 0.1873, 0.1851, 0.1731, 0.1873, 0.1676, 0.1961, 0.2103, 0.2015], [0.194, 0.2404, 0.2234, 0.2425, 0.2486, 0.2125, 0.1962, 0.2561, 0.2071, 0.2398, 0.1694, 0.2322, 0.2077, 0.235, 0.2425, 0.1781, 0.1967, 0.1662, 0.2486, 0.1863, 0.2016, 0.2643]]	
Results: 	[[0.2751, 0.2823, 0.283, 0.2416, 0.2751, 0.2494, 0.2584, 0.2416, 0.2536, 0.2512, 0.2662, 0.2734, 0.2321, 0.2512, 0.2464, 0.3182, 0.2775, 0.2727, 0.2823, 0.2614, 0.2823, 0.2656, 0.2751], [0.1961, 0.2004, 0.1501, 0.1961, 0.2004, 0.1774, 0.1829, 0.1895, 0.1665, 0.2256, 0.2048, 0.1895, 0.2125, 0.1829, 0.1873, 0.1851, 0.1731, 0.1873, 0.1676, 0.1961, 0.2103, 0.2015, 0.1982], [0.194, 0.2404, 0.2234, 0.2425, 0.2486, 0.2125, 0.1962, 0.2561, 0.2071, 0.2398, 0.1694, 0.2322, 0.2077, 0.235, 0.2425, 0.1781, 0.1967, 0.1662, 0.2486, 0.1863, 0.2016, 0.2643, 0.2507]]	
Results: 	[[0.2751, 0.2823, 0.283, 0.2416, 0.2751, 0.2494, 0.2584, 0.2416, 0.2536, 0.2512, 0.2662, 0.2734, 0.2321, 0.2512, 0.2464, 0.3182, 0.2775, 0.2727, 0.2823, 0.2614, 0.2823, 0.2656, 0.2751, 0.2584], [0.1961, 0.2004, 0.1501, 0.1961, 0.2004, 0.1774, 0.1829, 0.1895, 0.1665, 0.2256, 0.2048, 0.1895, 0.2125, 0.1829, 0.1873, 0.1851, 0.1731, 0.1873, 0.1676, 0.1961, 0.2103, 0.2015, 0.1982, 0.1643], [0.194, 0.2404, 0.2234, 0.2425, 0.2486, 0.2125, 0.1962, 0.2561, 0.2071, 0.2398, 0.1694, 0.2322, 0.2077, 0.235, 0.2425, 0.1781, 0.1967, 0.1662, 0.2486, 0.1863, 0.2016, 0.2643, 0.2507, 0.2316]]	
Results: 	[[0.2751, 0.2823, 0.283, 0.2416, 0.2751, 0.2494, 0.2584, 0.2416, 0.2536, 0.2512, 0.2662, 0.2734, 0.2321, 0.2512, 0.2464, 0.3182, 0.2775, 0.2727, 0.2823, 0.2614, 0.2823, 0.2656, 0.2751, 0.2584, 0.2632], [0.1961, 0.2004, 0.1501, 0.1961, 0.2004, 0.1774, 0.1829, 0.1895, 0.1665, 0.2256, 0.2048, 0.1895, 0.2125, 0.1829, 0.1873, 0.1851, 0.1731, 0.1873, 0.1676, 0.1961, 0.2103, 0.2015, 0.1982, 0.1643, 0.1632], [0.194, 0.2404, 0.2234, 0.2425, 0.2486, 0.2125, 0.1962, 0.2561, 0.2071, 0.2398, 0.1694, 0.2322, 0.2077, 0.235, 0.2425, 0.1781, 0.1967, 0.1662, 0.2486, 0.1863, 0.2016, 0.2643, 0.2507, 0.2316, 0.2153]]	
Results: 	[[0.2751, 0.2823, 0.283, 0.2416, 0.2751, 0.2494, 0.2584, 0.2416, 0.2536, 0.2512, 0.2662, 0.2734, 0.2321, 0.2512, 0.2464, 0.3182, 0.2775, 0.2727, 0.2823, 0.2614, 0.2823, 0.2656, 0.2751, 0.2584, 0.2632, 0.2608], [0.1961, 0.2004, 0.1501, 0.1961, 0.2004, 0.1774, 0.1829, 0.1895, 0.1665, 0.2256, 0.2048, 0.1895, 0.2125, 0.1829, 0.1873, 0.1851, 0.1731, 0.1873, 0.1676, 0.1961, 0.2103, 0.2015, 0.1982, 0.1643, 0.1632, 0.1763], [0.194, 0.2404, 0.2234, 0.2425, 0.2486, 0.2125, 0.1962, 0.2561, 0.2071, 0.2398, 0.1694, 0.2322, 0.2077, 0.235, 0.2425, 0.1781, 0.1967, 0.1662, 0.2486, 0.1863, 0.2016, 0.2643, 0.2507, 0.2316, 0.2153, 0.2541]]	
Results: 	[[0.2751, 0.2823, 0.283, 0.2416, 0.2751, 0.2494, 0.2584, 0.2416, 0.2536, 0.2512, 0.2662, 0.2734, 0.2321, 0.2512, 0.2464, 0.3182, 0.2775, 0.2727, 0.2823, 0.2614, 0.2823, 0.2656, 0.2751, 0.2584, 0.2632, 0.2608, 0.2871], [0.1961, 0.2004, 0.1501, 0.1961, 0.2004, 0.1774, 0.1829, 0.1895, 0.1665, 0.2256, 0.2048, 0.1895, 0.2125, 0.1829, 0.1873, 0.1851, 0.1731, 0.1873, 0.1676, 0.1961, 0.2103, 0.2015, 0.1982, 0.1643, 0.1632, 0.1763, 0.1862], [0.194, 0.2404, 0.2234, 0.2425, 0.2486, 0.2125, 0.1962, 0.2561, 0.2071, 0.2398, 0.1694, 0.2322, 0.2077, 0.235, 0.2425, 0.1781, 0.1967, 0.1662, 0.2486, 0.1863, 0.2016, 0.2643, 0.2507, 0.2316, 0.2153, 0.2541, 0.2098]]	
Results: 	[[0.2751, 0.2823, 0.283, 0.2416, 0.2751, 0.2494, 0.2584, 0.2416, 0.2536, 0.2512, 0.2662, 0.2734, 0.2321, 0.2512, 0.2464, 0.3182, 0.2775, 0.2727, 0.2823, 0.2614, 0.2823, 0.2656, 0.2751, 0.2584, 0.2632, 0.2608, 0.2871, 0.2751], [0.1961, 0.2004, 0.1501, 0.1961, 0.2004, 0.1774, 0.1829, 0.1895, 0.1665, 0.2256, 0.2048, 0.1895, 0.2125, 0.1829, 0.1873, 0.1851, 0.1731, 0.1873, 0.1676, 0.1961, 0.2103, 0.2015, 0.1982, 0.1643, 0.1632, 0.1763, 0.1862, 0.1752], [0.194, 0.2404, 0.2234, 0.2425, 0.2486, 0.2125, 0.1962, 0.2561, 0.2071, 0.2398, 0.1694, 0.2322, 0.2077, 0.235, 0.2425, 0.1781, 0.1967, 0.1662, 0.2486, 0.1863, 0.2016, 0.2643, 0.2507, 0.2316, 0.2153, 0.2541, 0.2098, 0.2077]]	
Results: 	[[0.2751, 0.2823, 0.283, 0.2416, 0.2751, 0.2494, 0.2584, 0.2416, 0.2536, 0.2512, 0.2662, 0.2734, 0.2321, 0.2512, 0.2464, 0.3182, 0.2775, 0.2727, 0.2823, 0.2614, 0.2823, 0.2656, 0.2751, 0.2584, 0.2632, 0.2608, 0.2871, 0.2751, 0.2464], [0.1961, 0.2004, 0.1501, 0.1961, 0.2004, 0.1774, 0.1829, 0.1895, 0.1665, 0.2256, 0.2048, 0.1895, 0.2125, 0.1829, 0.1873, 0.1851, 0.1731, 0.1873, 0.1676, 0.1961, 0.2103, 0.2015, 0.1982, 0.1643, 0.1632, 0.1763, 0.1862, 0.1752, 0.1961], [0.194, 0.2404, 0.2234, 0.2425, 0.2486, 0.2125, 0.1962, 0.2561, 0.2071, 0.2398, 0.1694, 0.2322, 0.2077, 0.235, 0.2425, 0.1781, 0.1967, 0.1662, 0.2486, 0.1863, 0.2016, 0.2643, 0.2507, 0.2316, 0.2153, 0.2541, 0.2098, 0.2077, 0.2371]]	
Results: 	[[0.2751, 0.2823, 0.283, 0.2416, 0.2751, 0.2494, 0.2584, 0.2416, 0.2536, 0.2512, 0.2662, 0.2734, 0.2321, 0.2512, 0.2464, 0.3182, 0.2775, 0.2727, 0.2823, 0.2614, 0.2823, 0.2656, 0.2751, 0.2584, 0.2632, 0.2608, 0.2871, 0.2751, 0.2464, 0.256], [0.1961, 0.2004, 0.1501, 0.1961, 0.2004, 0.1774, 0.1829, 0.1895, 0.1665, 0.2256, 0.2048, 0.1895, 0.2125, 0.1829, 0.1873, 0.1851, 0.1731, 0.1873, 0.1676, 0.1961, 0.2103, 0.2015, 0.1982, 0.1643, 0.1632, 0.1763, 0.1862, 0.1752, 0.1961, 0.1928], [0.194, 0.2404, 0.2234, 0.2425, 0.2486, 0.2125, 0.1962, 0.2561, 0.2071, 0.2398, 0.1694, 0.2322, 0.2077, 0.235, 0.2425, 0.1781, 0.1967, 0.1662, 0.2486, 0.1863, 0.2016, 0.2643, 0.2507, 0.2316, 0.2153, 0.2541, 0.2098, 0.2077, 0.2371, 0.2016]]
Support Sets: (Mean:0.26542333333333334, SD:0.017672005591024335) | 	Support Sets: (Mean:0.18784333333333333, SD:0.016471389685175912) | 	Support Sets: (Mean:0.21990333333333334, SD:0.026973569225847902) | 	
