Results: 	[[0.8463], [0.8738], [0.7045], [0.7908], [0.85], [0.7162]]	
Results: 	[[0.8463, 0.7882], [0.8738, 0.8747], [0.7045, 0.8086], [0.7908, 0.7538], [0.85, 0.9167], [0.7162, 0.8278]]	
Results: 	[[0.8463, 0.7882, 0.6884], [0.8738, 0.8747, 0.8724], [0.7045, 0.8086, 0.8551], [0.7908, 0.7538, 0.9034], [0.85, 0.9167, 0.9], [0.7162, 0.8278, 0.7664]]	
Results: 	[[0.8463, 0.7882, 0.6884, 0.8761], [0.8738, 0.8747, 0.8724, 0.8119], [0.7045, 0.8086, 0.8551, 0.8221], [0.7908, 0.7538, 0.9034, 0.8233], [0.85, 0.9167, 0.9, 0.8487], [0.7162, 0.8278, 0.7664, 0.8075]]	
Results: 	[[0.8463, 0.7882, 0.6884, 0.8761, 0.6261], [0.8738, 0.8747, 0.8724, 0.8119, 0.7546], [0.7045, 0.8086, 0.8551, 0.8221, 0.8112], [0.7908, 0.7538, 0.9034, 0.8233, 0.8274], [0.85, 0.9167, 0.9, 0.8487, 0.8917], [0.7162, 0.8278, 0.7664, 0.8075, 0.9457]]	
Results: 	[[0.8463, 0.7882, 0.6884, 0.8761, 0.6261, 0.4722], [0.8738, 0.8747, 0.8724, 0.8119, 0.7546, 0.8677], [0.7045, 0.8086, 0.8551, 0.8221, 0.8112, 0.8514], [0.7908, 0.7538, 0.9034, 0.8233, 0.8274, 0.7], [0.85, 0.9167, 0.9, 0.8487, 0.8917, 0.8167], [0.7162, 0.8278, 0.7664, 0.8075, 0.9457, 0.8433]]	
Results: 	[[0.8463, 0.7882, 0.6884, 0.8761, 0.6261, 0.4722, 0.8699], [0.8738, 0.8747, 0.8724, 0.8119, 0.7546, 0.8677, 0.768], [0.7045, 0.8086, 0.8551, 0.8221, 0.8112, 0.8514, 0.7267], [0.7908, 0.7538, 0.9034, 0.8233, 0.8274, 0.7, 0.8615], [0.85, 0.9167, 0.9, 0.8487, 0.8917, 0.8167, 0.7417], [0.7162, 0.8278, 0.7664, 0.8075, 0.9457, 0.8433, 0.845]]	
Results: 	[[0.8463, 0.7882, 0.6884, 0.8761, 0.6261, 0.4722, 0.8699, 0.7396], [0.8738, 0.8747, 0.8724, 0.8119, 0.7546, 0.8677, 0.768, 0.8391], [0.7045, 0.8086, 0.8551, 0.8221, 0.8112, 0.8514, 0.7267, 0.8369], [0.7908, 0.7538, 0.9034, 0.8233, 0.8274, 0.7, 0.8615, 0.8259], [0.85, 0.9167, 0.9, 0.8487, 0.8917, 0.8167, 0.7417, 0.9153], [0.7162, 0.8278, 0.7664, 0.8075, 0.9457, 0.8433, 0.845, 0.8131]]	
Results: 	[[0.8463, 0.7882, 0.6884, 0.8761, 0.6261, 0.4722, 0.8699, 0.7396, 0.7799], [0.8738, 0.8747, 0.8724, 0.8119, 0.7546, 0.8677, 0.768, 0.8391, 0.7957], [0.7045, 0.8086, 0.8551, 0.8221, 0.8112, 0.8514, 0.7267, 0.8369, 0.8506], [0.7908, 0.7538, 0.9034, 0.8233, 0.8274, 0.7, 0.8615, 0.8259, 0.768], [0.85, 0.9167, 0.9, 0.8487, 0.8917, 0.8167, 0.7417, 0.9153, 0.8487], [0.7162, 0.8278, 0.7664, 0.8075, 0.9457, 0.8433, 0.845, 0.8131, 0.7816]]	
Results: 	[[0.8463, 0.7882, 0.6884, 0.8761, 0.6261, 0.4722, 0.8699, 0.7396, 0.7799, 0.8483], [0.8738, 0.8747, 0.8724, 0.8119, 0.7546, 0.8677, 0.768, 0.8391, 0.7957, 0.9257], [0.7045, 0.8086, 0.8551, 0.8221, 0.8112, 0.8514, 0.7267, 0.8369, 0.8506, 0.8456], [0.7908, 0.7538, 0.9034, 0.8233, 0.8274, 0.7, 0.8615, 0.8259, 0.768, 0.9183], [0.85, 0.9167, 0.9, 0.8487, 0.8917, 0.8167, 0.7417, 0.9153, 0.8487, 0.8487], [0.7162, 0.8278, 0.7664, 0.8075, 0.9457, 0.8433, 0.845, 0.8131, 0.7816, 0.8768]]	
Results: 	[[0.8463, 0.7882, 0.6884, 0.8761, 0.6261, 0.4722, 0.8699, 0.7396, 0.7799, 0.8483, 0.8291], [0.8738, 0.8747, 0.8724, 0.8119, 0.7546, 0.8677, 0.768, 0.8391, 0.7957, 0.9257, 0.7949], [0.7045, 0.8086, 0.8551, 0.8221, 0.8112, 0.8514, 0.7267, 0.8369, 0.8506, 0.8456, 0.8516], [0.7908, 0.7538, 0.9034, 0.8233, 0.8274, 0.7, 0.8615, 0.8259, 0.768, 0.9183, 0.8911], [0.85, 0.9167, 0.9, 0.8487, 0.8917, 0.8167, 0.7417, 0.9153, 0.8487, 0.8487, 0.9167], [0.7162, 0.8278, 0.7664, 0.8075, 0.9457, 0.8433, 0.845, 0.8131, 0.7816, 0.8768, 0.8725]]	
Results: 	[[0.8463, 0.7882, 0.6884, 0.8761, 0.6261, 0.4722, 0.8699, 0.7396, 0.7799, 0.8483, 0.8291, 0.879], [0.8738, 0.8747, 0.8724, 0.8119, 0.7546, 0.8677, 0.768, 0.8391, 0.7957, 0.9257, 0.7949, 0.7933], [0.7045, 0.8086, 0.8551, 0.8221, 0.8112, 0.8514, 0.7267, 0.8369, 0.8506, 0.8456, 0.8516, 0.8352], [0.7908, 0.7538, 0.9034, 0.8233, 0.8274, 0.7, 0.8615, 0.8259, 0.768, 0.9183, 0.8911, 0.828], [0.85, 0.9167, 0.9, 0.8487, 0.8917, 0.8167, 0.7417, 0.9153, 0.8487, 0.8487, 0.9167, 0.7917], [0.7162, 0.8278, 0.7664, 0.8075, 0.9457, 0.8433, 0.845, 0.8131, 0.7816, 0.8768, 0.8725, 0.8803]]	
Results: 	[[0.8463, 0.7882, 0.6884, 0.8761, 0.6261, 0.4722, 0.8699, 0.7396, 0.7799, 0.8483, 0.8291, 0.879, 0.7372], [0.8738, 0.8747, 0.8724, 0.8119, 0.7546, 0.8677, 0.768, 0.8391, 0.7957, 0.9257, 0.7949, 0.7933, 0.774], [0.7045, 0.8086, 0.8551, 0.8221, 0.8112, 0.8514, 0.7267, 0.8369, 0.8506, 0.8456, 0.8516, 0.8352, 0.8384], [0.7908, 0.7538, 0.9034, 0.8233, 0.8274, 0.7, 0.8615, 0.8259, 0.768, 0.9183, 0.8911, 0.828, 0.808], [0.85, 0.9167, 0.9, 0.8487, 0.8917, 0.8167, 0.7417, 0.9153, 0.8487, 0.8487, 0.9167, 0.7917, 0.7815], [0.7162, 0.8278, 0.7664, 0.8075, 0.9457, 0.8433, 0.845, 0.8131, 0.7816, 0.8768, 0.8725, 0.8803, 0.8846]]	
Results: 	[[0.8463, 0.7882, 0.6884, 0.8761, 0.6261, 0.4722, 0.8699, 0.7396, 0.7799, 0.8483, 0.8291, 0.879, 0.7372, 0.6681], [0.8738, 0.8747, 0.8724, 0.8119, 0.7546, 0.8677, 0.768, 0.8391, 0.7957, 0.9257, 0.7949, 0.7933, 0.774, 0.8057], [0.7045, 0.8086, 0.8551, 0.8221, 0.8112, 0.8514, 0.7267, 0.8369, 0.8506, 0.8456, 0.8516, 0.8352, 0.8384, 0.8887], [0.7908, 0.7538, 0.9034, 0.8233, 0.8274, 0.7, 0.8615, 0.8259, 0.768, 0.9183, 0.8911, 0.828, 0.808, 0.773], [0.85, 0.9167, 0.9, 0.8487, 0.8917, 0.8167, 0.7417, 0.9153, 0.8487, 0.8487, 0.9167, 0.7917, 0.7815, 0.8151], [0.7162, 0.8278, 0.7664, 0.8075, 0.9457, 0.8433, 0.845, 0.8131, 0.7816, 0.8768, 0.8725, 0.8803, 0.8846, 0.8598]]	
Results: 	[[0.8463, 0.7882, 0.6884, 0.8761, 0.6261, 0.4722, 0.8699, 0.7396, 0.7799, 0.8483, 0.8291, 0.879, 0.7372, 0.6681, 0.7786], [0.8738, 0.8747, 0.8724, 0.8119, 0.7546, 0.8677, 0.768, 0.8391, 0.7957, 0.9257, 0.7949, 0.7933, 0.774, 0.8057, 0.8246], [0.7045, 0.8086, 0.8551, 0.8221, 0.8112, 0.8514, 0.7267, 0.8369, 0.8506, 0.8456, 0.8516, 0.8352, 0.8384, 0.8887, 0.7996], [0.7908, 0.7538, 0.9034, 0.8233, 0.8274, 0.7, 0.8615, 0.8259, 0.768, 0.9183, 0.8911, 0.828, 0.808, 0.773, 0.8512], [0.85, 0.9167, 0.9, 0.8487, 0.8917, 0.8167, 0.7417, 0.9153, 0.8487, 0.8487, 0.9167, 0.7917, 0.7815, 0.8151, 0.8908], [0.7162, 0.8278, 0.7664, 0.8075, 0.9457, 0.8433, 0.845, 0.8131, 0.7816, 0.8768, 0.8725, 0.8803, 0.8846, 0.8598, 0.8378]]	
Results: 	[[0.8463, 0.7882, 0.6884, 0.8761, 0.6261, 0.4722, 0.8699, 0.7396, 0.7799, 0.8483, 0.8291, 0.879, 0.7372, 0.6681, 0.7786, 0.8561], [0.8738, 0.8747, 0.8724, 0.8119, 0.7546, 0.8677, 0.768, 0.8391, 0.7957, 0.9257, 0.7949, 0.7933, 0.774, 0.8057, 0.8246, 0.8731], [0.7045, 0.8086, 0.8551, 0.8221, 0.8112, 0.8514, 0.7267, 0.8369, 0.8506, 0.8456, 0.8516, 0.8352, 0.8384, 0.8887, 0.7996, 0.8558], [0.7908, 0.7538, 0.9034, 0.8233, 0.8274, 0.7, 0.8615, 0.8259, 0.768, 0.9183, 0.8911, 0.828, 0.808, 0.773, 0.8512, 0.8313], [0.85, 0.9167, 0.9, 0.8487, 0.8917, 0.8167, 0.7417, 0.9153, 0.8487, 0.8487, 0.9167, 0.7917, 0.7815, 0.8151, 0.8908, 0.8571], [0.7162, 0.8278, 0.7664, 0.8075, 0.9457, 0.8433, 0.845, 0.8131, 0.7816, 0.8768, 0.8725, 0.8803, 0.8846, 0.8598, 0.8378, 0.8905]]	
Results: 	[[0.8463, 0.7882, 0.6884, 0.8761, 0.6261, 0.4722, 0.8699, 0.7396, 0.7799, 0.8483, 0.8291, 0.879, 0.7372, 0.6681, 0.7786, 0.8561, 0.8845], [0.8738, 0.8747, 0.8724, 0.8119, 0.7546, 0.8677, 0.768, 0.8391, 0.7957, 0.9257, 0.7949, 0.7933, 0.774, 0.8057, 0.8246, 0.8731, 0.8367], [0.7045, 0.8086, 0.8551, 0.8221, 0.8112, 0.8514, 0.7267, 0.8369, 0.8506, 0.8456, 0.8516, 0.8352, 0.8384, 0.8887, 0.7996, 0.8558, 0.8596], [0.7908, 0.7538, 0.9034, 0.8233, 0.8274, 0.7, 0.8615, 0.8259, 0.768, 0.9183, 0.8911, 0.828, 0.808, 0.773, 0.8512, 0.8313, 0.871], [0.85, 0.9167, 0.9, 0.8487, 0.8917, 0.8167, 0.7417, 0.9153, 0.8487, 0.8487, 0.9167, 0.7917, 0.7815, 0.8151, 0.8908, 0.8571, 0.5966], [0.7162, 0.8278, 0.7664, 0.8075, 0.9457, 0.8433, 0.845, 0.8131, 0.7816, 0.8768, 0.8725, 0.8803, 0.8846, 0.8598, 0.8378, 0.8905, 0.8289]]	
Results: 	[[0.8463, 0.7882, 0.6884, 0.8761, 0.6261, 0.4722, 0.8699, 0.7396, 0.7799, 0.8483, 0.8291, 0.879, 0.7372, 0.6681, 0.7786, 0.8561, 0.8845, 0.8526], [0.8738, 0.8747, 0.8724, 0.8119, 0.7546, 0.8677, 0.768, 0.8391, 0.7957, 0.9257, 0.7949, 0.7933, 0.774, 0.8057, 0.8246, 0.8731, 0.8367, 0.8368], [0.7045, 0.8086, 0.8551, 0.8221, 0.8112, 0.8514, 0.7267, 0.8369, 0.8506, 0.8456, 0.8516, 0.8352, 0.8384, 0.8887, 0.7996, 0.8558, 0.8596, 0.8214], [0.7908, 0.7538, 0.9034, 0.8233, 0.8274, 0.7, 0.8615, 0.8259, 0.768, 0.9183, 0.8911, 0.828, 0.808, 0.773, 0.8512, 0.8313, 0.871, 0.8172], [0.85, 0.9167, 0.9, 0.8487, 0.8917, 0.8167, 0.7417, 0.9153, 0.8487, 0.8487, 0.9167, 0.7917, 0.7815, 0.8151, 0.8908, 0.8571, 0.5966, 0.8739], [0.7162, 0.8278, 0.7664, 0.8075, 0.9457, 0.8433, 0.845, 0.8131, 0.7816, 0.8768, 0.8725, 0.8803, 0.8846, 0.8598, 0.8378, 0.8905, 0.8289, 0.8668]]	
Results: 	[[0.8463, 0.7882, 0.6884, 0.8761, 0.6261, 0.4722, 0.8699, 0.7396, 0.7799, 0.8483, 0.8291, 0.879, 0.7372, 0.6681, 0.7786, 0.8561, 0.8845, 0.8526, 0.7831], [0.8738, 0.8747, 0.8724, 0.8119, 0.7546, 0.8677, 0.768, 0.8391, 0.7957, 0.9257, 0.7949, 0.7933, 0.774, 0.8057, 0.8246, 0.8731, 0.8367, 0.8368, 0.8274], [0.7045, 0.8086, 0.8551, 0.8221, 0.8112, 0.8514, 0.7267, 0.8369, 0.8506, 0.8456, 0.8516, 0.8352, 0.8384, 0.8887, 0.7996, 0.8558, 0.8596, 0.8214, 0.6384], [0.7908, 0.7538, 0.9034, 0.8233, 0.8274, 0.7, 0.8615, 0.8259, 0.768, 0.9183, 0.8911, 0.828, 0.808, 0.773, 0.8512, 0.8313, 0.871, 0.8172, 0.7062], [0.85, 0.9167, 0.9, 0.8487, 0.8917, 0.8167, 0.7417, 0.9153, 0.8487, 0.8487, 0.9167, 0.7917, 0.7815, 0.8151, 0.8908, 0.8571, 0.5966, 0.8739, 0.9083], [0.7162, 0.8278, 0.7664, 0.8075, 0.9457, 0.8433, 0.845, 0.8131, 0.7816, 0.8768, 0.8725, 0.8803, 0.8846, 0.8598, 0.8378, 0.8905, 0.8289, 0.8668, 0.7827]]	
Results: 	[[0.8463, 0.7882, 0.6884, 0.8761, 0.6261, 0.4722, 0.8699, 0.7396, 0.7799, 0.8483, 0.8291, 0.879, 0.7372, 0.6681, 0.7786, 0.8561, 0.8845, 0.8526, 0.7831, 0.7521], [0.8738, 0.8747, 0.8724, 0.8119, 0.7546, 0.8677, 0.768, 0.8391, 0.7957, 0.9257, 0.7949, 0.7933, 0.774, 0.8057, 0.8246, 0.8731, 0.8367, 0.8368, 0.8274, 0.8328], [0.7045, 0.8086, 0.8551, 0.8221, 0.8112, 0.8514, 0.7267, 0.8369, 0.8506, 0.8456, 0.8516, 0.8352, 0.8384, 0.8887, 0.7996, 0.8558, 0.8596, 0.8214, 0.6384, 0.8188], [0.7908, 0.7538, 0.9034, 0.8233, 0.8274, 0.7, 0.8615, 0.8259, 0.768, 0.9183, 0.8911, 0.828, 0.808, 0.773, 0.8512, 0.8313, 0.871, 0.8172, 0.7062, 0.8589], [0.85, 0.9167, 0.9, 0.8487, 0.8917, 0.8167, 0.7417, 0.9153, 0.8487, 0.8487, 0.9167, 0.7917, 0.7815, 0.8151, 0.8908, 0.8571, 0.5966, 0.8739, 0.9083, 0.8583], [0.7162, 0.8278, 0.7664, 0.8075, 0.9457, 0.8433, 0.845, 0.8131, 0.7816, 0.8768, 0.8725, 0.8803, 0.8846, 0.8598, 0.8378, 0.8905, 0.8289, 0.8668, 0.7827, 0.7367]]	
Results: 	[[0.8463, 0.7882, 0.6884, 0.8761, 0.6261, 0.4722, 0.8699, 0.7396, 0.7799, 0.8483, 0.8291, 0.879, 0.7372, 0.6681, 0.7786, 0.8561, 0.8845, 0.8526, 0.7831, 0.7521, 0.8494], [0.8738, 0.8747, 0.8724, 0.8119, 0.7546, 0.8677, 0.768, 0.8391, 0.7957, 0.9257, 0.7949, 0.7933, 0.774, 0.8057, 0.8246, 0.8731, 0.8367, 0.8368, 0.8274, 0.8328, 0.7991], [0.7045, 0.8086, 0.8551, 0.8221, 0.8112, 0.8514, 0.7267, 0.8369, 0.8506, 0.8456, 0.8516, 0.8352, 0.8384, 0.8887, 0.7996, 0.8558, 0.8596, 0.8214, 0.6384, 0.8188, 0.8127], [0.7908, 0.7538, 0.9034, 0.8233, 0.8274, 0.7, 0.8615, 0.8259, 0.768, 0.9183, 0.8911, 0.828, 0.808, 0.773, 0.8512, 0.8313, 0.871, 0.8172, 0.7062, 0.8589, 0.8233], [0.85, 0.9167, 0.9, 0.8487, 0.8917, 0.8167, 0.7417, 0.9153, 0.8487, 0.8487, 0.9167, 0.7917, 0.7815, 0.8151, 0.8908, 0.8571, 0.5966, 0.8739, 0.9083, 0.8583, 0.9], [0.7162, 0.8278, 0.7664, 0.8075, 0.9457, 0.8433, 0.845, 0.8131, 0.7816, 0.8768, 0.8725, 0.8803, 0.8846, 0.8598, 0.8378, 0.8905, 0.8289, 0.8668, 0.7827, 0.7367, 0.898]]	
Results: 	[[0.8463, 0.7882, 0.6884, 0.8761, 0.6261, 0.4722, 0.8699, 0.7396, 0.7799, 0.8483, 0.8291, 0.879, 0.7372, 0.6681, 0.7786, 0.8561, 0.8845, 0.8526, 0.7831, 0.7521, 0.8494, 0.8552], [0.8738, 0.8747, 0.8724, 0.8119, 0.7546, 0.8677, 0.768, 0.8391, 0.7957, 0.9257, 0.7949, 0.7933, 0.774, 0.8057, 0.8246, 0.8731, 0.8367, 0.8368, 0.8274, 0.8328, 0.7991, 0.8189], [0.7045, 0.8086, 0.8551, 0.8221, 0.8112, 0.8514, 0.7267, 0.8369, 0.8506, 0.8456, 0.8516, 0.8352, 0.8384, 0.8887, 0.7996, 0.8558, 0.8596, 0.8214, 0.6384, 0.8188, 0.8127, 0.7779], [0.7908, 0.7538, 0.9034, 0.8233, 0.8274, 0.7, 0.8615, 0.8259, 0.768, 0.9183, 0.8911, 0.828, 0.808, 0.773, 0.8512, 0.8313, 0.871, 0.8172, 0.7062, 0.8589, 0.8233, 0.9098], [0.85, 0.9167, 0.9, 0.8487, 0.8917, 0.8167, 0.7417, 0.9153, 0.8487, 0.8487, 0.9167, 0.7917, 0.7815, 0.8151, 0.8908, 0.8571, 0.5966, 0.8739, 0.9083, 0.8583, 0.9, 0.8583], [0.7162, 0.8278, 0.7664, 0.8075, 0.9457, 0.8433, 0.845, 0.8131, 0.7816, 0.8768, 0.8725, 0.8803, 0.8846, 0.8598, 0.8378, 0.8905, 0.8289, 0.8668, 0.7827, 0.7367, 0.898, 0.8838]]	
Results: 	[[0.8463, 0.7882, 0.6884, 0.8761, 0.6261, 0.4722, 0.8699, 0.7396, 0.7799, 0.8483, 0.8291, 0.879, 0.7372, 0.6681, 0.7786, 0.8561, 0.8845, 0.8526, 0.7831, 0.7521, 0.8494, 0.8552, 0.7976], [0.8738, 0.8747, 0.8724, 0.8119, 0.7546, 0.8677, 0.768, 0.8391, 0.7957, 0.9257, 0.7949, 0.7933, 0.774, 0.8057, 0.8246, 0.8731, 0.8367, 0.8368, 0.8274, 0.8328, 0.7991, 0.8189, 0.8506], [0.7045, 0.8086, 0.8551, 0.8221, 0.8112, 0.8514, 0.7267, 0.8369, 0.8506, 0.8456, 0.8516, 0.8352, 0.8384, 0.8887, 0.7996, 0.8558, 0.8596, 0.8214, 0.6384, 0.8188, 0.8127, 0.7779, 0.8802], [0.7908, 0.7538, 0.9034, 0.8233, 0.8274, 0.7, 0.8615, 0.8259, 0.768, 0.9183, 0.8911, 0.828, 0.808, 0.773, 0.8512, 0.8313, 0.871, 0.8172, 0.7062, 0.8589, 0.8233, 0.9098, 0.86], [0.85, 0.9167, 0.9, 0.8487, 0.8917, 0.8167, 0.7417, 0.9153, 0.8487, 0.8487, 0.9167, 0.7917, 0.7815, 0.8151, 0.8908, 0.8571, 0.5966, 0.8739, 0.9083, 0.8583, 0.9, 0.8583, 0.8824], [0.7162, 0.8278, 0.7664, 0.8075, 0.9457, 0.8433, 0.845, 0.8131, 0.7816, 0.8768, 0.8725, 0.8803, 0.8846, 0.8598, 0.8378, 0.8905, 0.8289, 0.8668, 0.7827, 0.7367, 0.898, 0.8838, 0.7192]]	
Results: 	[[0.8463, 0.7882, 0.6884, 0.8761, 0.6261, 0.4722, 0.8699, 0.7396, 0.7799, 0.8483, 0.8291, 0.879, 0.7372, 0.6681, 0.7786, 0.8561, 0.8845, 0.8526, 0.7831, 0.7521, 0.8494, 0.8552, 0.7976, 0.7949], [0.8738, 0.8747, 0.8724, 0.8119, 0.7546, 0.8677, 0.768, 0.8391, 0.7957, 0.9257, 0.7949, 0.7933, 0.774, 0.8057, 0.8246, 0.8731, 0.8367, 0.8368, 0.8274, 0.8328, 0.7991, 0.8189, 0.8506, 0.826], [0.7045, 0.8086, 0.8551, 0.8221, 0.8112, 0.8514, 0.7267, 0.8369, 0.8506, 0.8456, 0.8516, 0.8352, 0.8384, 0.8887, 0.7996, 0.8558, 0.8596, 0.8214, 0.6384, 0.8188, 0.8127, 0.7779, 0.8802, 0.8133], [0.7908, 0.7538, 0.9034, 0.8233, 0.8274, 0.7, 0.8615, 0.8259, 0.768, 0.9183, 0.8911, 0.828, 0.808, 0.773, 0.8512, 0.8313, 0.871, 0.8172, 0.7062, 0.8589, 0.8233, 0.9098, 0.86, 0.7874], [0.85, 0.9167, 0.9, 0.8487, 0.8917, 0.8167, 0.7417, 0.9153, 0.8487, 0.8487, 0.9167, 0.7917, 0.7815, 0.8151, 0.8908, 0.8571, 0.5966, 0.8739, 0.9083, 0.8583, 0.9, 0.8583, 0.8824, 0.5083], [0.7162, 0.8278, 0.7664, 0.8075, 0.9457, 0.8433, 0.845, 0.8131, 0.7816, 0.8768, 0.8725, 0.8803, 0.8846, 0.8598, 0.8378, 0.8905, 0.8289, 0.8668, 0.7827, 0.7367, 0.898, 0.8838, 0.7192, 0.8779]]	
Results: 	[[0.8463, 0.7882, 0.6884, 0.8761, 0.6261, 0.4722, 0.8699, 0.7396, 0.7799, 0.8483, 0.8291, 0.879, 0.7372, 0.6681, 0.7786, 0.8561, 0.8845, 0.8526, 0.7831, 0.7521, 0.8494, 0.8552, 0.7976, 0.7949, 0.8015], [0.8738, 0.8747, 0.8724, 0.8119, 0.7546, 0.8677, 0.768, 0.8391, 0.7957, 0.9257, 0.7949, 0.7933, 0.774, 0.8057, 0.8246, 0.8731, 0.8367, 0.8368, 0.8274, 0.8328, 0.7991, 0.8189, 0.8506, 0.826, 0.8885], [0.7045, 0.8086, 0.8551, 0.8221, 0.8112, 0.8514, 0.7267, 0.8369, 0.8506, 0.8456, 0.8516, 0.8352, 0.8384, 0.8887, 0.7996, 0.8558, 0.8596, 0.8214, 0.6384, 0.8188, 0.8127, 0.7779, 0.8802, 0.8133, 0.7086], [0.7908, 0.7538, 0.9034, 0.8233, 0.8274, 0.7, 0.8615, 0.8259, 0.768, 0.9183, 0.8911, 0.828, 0.808, 0.773, 0.8512, 0.8313, 0.871, 0.8172, 0.7062, 0.8589, 0.8233, 0.9098, 0.86, 0.7874, 0.8203], [0.85, 0.9167, 0.9, 0.8487, 0.8917, 0.8167, 0.7417, 0.9153, 0.8487, 0.8487, 0.9167, 0.7917, 0.7815, 0.8151, 0.8908, 0.8571, 0.5966, 0.8739, 0.9083, 0.8583, 0.9, 0.8583, 0.8824, 0.5083, 0.7983], [0.7162, 0.8278, 0.7664, 0.8075, 0.9457, 0.8433, 0.845, 0.8131, 0.7816, 0.8768, 0.8725, 0.8803, 0.8846, 0.8598, 0.8378, 0.8905, 0.8289, 0.8668, 0.7827, 0.7367, 0.898, 0.8838, 0.7192, 0.8779, 0.6559]]	
Results: 	[[0.8463, 0.7882, 0.6884, 0.8761, 0.6261, 0.4722, 0.8699, 0.7396, 0.7799, 0.8483, 0.8291, 0.879, 0.7372, 0.6681, 0.7786, 0.8561, 0.8845, 0.8526, 0.7831, 0.7521, 0.8494, 0.8552, 0.7976, 0.7949, 0.8015, 0.8727], [0.8738, 0.8747, 0.8724, 0.8119, 0.7546, 0.8677, 0.768, 0.8391, 0.7957, 0.9257, 0.7949, 0.7933, 0.774, 0.8057, 0.8246, 0.8731, 0.8367, 0.8368, 0.8274, 0.8328, 0.7991, 0.8189, 0.8506, 0.826, 0.8885, 0.8336], [0.7045, 0.8086, 0.8551, 0.8221, 0.8112, 0.8514, 0.7267, 0.8369, 0.8506, 0.8456, 0.8516, 0.8352, 0.8384, 0.8887, 0.7996, 0.8558, 0.8596, 0.8214, 0.6384, 0.8188, 0.8127, 0.7779, 0.8802, 0.8133, 0.7086, 0.808], [0.7908, 0.7538, 0.9034, 0.8233, 0.8274, 0.7, 0.8615, 0.8259, 0.768, 0.9183, 0.8911, 0.828, 0.808, 0.773, 0.8512, 0.8313, 0.871, 0.8172, 0.7062, 0.8589, 0.8233, 0.9098, 0.86, 0.7874, 0.8203, 0.7742], [0.85, 0.9167, 0.9, 0.8487, 0.8917, 0.8167, 0.7417, 0.9153, 0.8487, 0.8487, 0.9167, 0.7917, 0.7815, 0.8151, 0.8908, 0.8571, 0.5966, 0.8739, 0.9083, 0.8583, 0.9, 0.8583, 0.8824, 0.5083, 0.7983, 0.9407], [0.7162, 0.8278, 0.7664, 0.8075, 0.9457, 0.8433, 0.845, 0.8131, 0.7816, 0.8768, 0.8725, 0.8803, 0.8846, 0.8598, 0.8378, 0.8905, 0.8289, 0.8668, 0.7827, 0.7367, 0.898, 0.8838, 0.7192, 0.8779, 0.6559, 0.8581]]	
Results: 	[[0.8463, 0.7882, 0.6884, 0.8761, 0.6261, 0.4722, 0.8699, 0.7396, 0.7799, 0.8483, 0.8291, 0.879, 0.7372, 0.6681, 0.7786, 0.8561, 0.8845, 0.8526, 0.7831, 0.7521, 0.8494, 0.8552, 0.7976, 0.7949, 0.8015, 0.8727, 0.8494], [0.8738, 0.8747, 0.8724, 0.8119, 0.7546, 0.8677, 0.768, 0.8391, 0.7957, 0.9257, 0.7949, 0.7933, 0.774, 0.8057, 0.8246, 0.8731, 0.8367, 0.8368, 0.8274, 0.8328, 0.7991, 0.8189, 0.8506, 0.826, 0.8885, 0.8336, 0.8754], [0.7045, 0.8086, 0.8551, 0.8221, 0.8112, 0.8514, 0.7267, 0.8369, 0.8506, 0.8456, 0.8516, 0.8352, 0.8384, 0.8887, 0.7996, 0.8558, 0.8596, 0.8214, 0.6384, 0.8188, 0.8127, 0.7779, 0.8802, 0.8133, 0.7086, 0.808, 0.8905], [0.7908, 0.7538, 0.9034, 0.8233, 0.8274, 0.7, 0.8615, 0.8259, 0.768, 0.9183, 0.8911, 0.828, 0.808, 0.773, 0.8512, 0.8313, 0.871, 0.8172, 0.7062, 0.8589, 0.8233, 0.9098, 0.86, 0.7874, 0.8203, 0.7742, 0.8574], [0.85, 0.9167, 0.9, 0.8487, 0.8917, 0.8167, 0.7417, 0.9153, 0.8487, 0.8487, 0.9167, 0.7917, 0.7815, 0.8151, 0.8908, 0.8571, 0.5966, 0.8739, 0.9083, 0.8583, 0.9, 0.8583, 0.8824, 0.5083, 0.7983, 0.9407, 0.8655], [0.7162, 0.8278, 0.7664, 0.8075, 0.9457, 0.8433, 0.845, 0.8131, 0.7816, 0.8768, 0.8725, 0.8803, 0.8846, 0.8598, 0.8378, 0.8905, 0.8289, 0.8668, 0.7827, 0.7367, 0.898, 0.8838, 0.7192, 0.8779, 0.6559, 0.8581, 0.6246]]	
Results: 	[[0.8463, 0.7882, 0.6884, 0.8761, 0.6261, 0.4722, 0.8699, 0.7396, 0.7799, 0.8483, 0.8291, 0.879, 0.7372, 0.6681, 0.7786, 0.8561, 0.8845, 0.8526, 0.7831, 0.7521, 0.8494, 0.8552, 0.7976, 0.7949, 0.8015, 0.8727, 0.8494, 0.6741], [0.8738, 0.8747, 0.8724, 0.8119, 0.7546, 0.8677, 0.768, 0.8391, 0.7957, 0.9257, 0.7949, 0.7933, 0.774, 0.8057, 0.8246, 0.8731, 0.8367, 0.8368, 0.8274, 0.8328, 0.7991, 0.8189, 0.8506, 0.826, 0.8885, 0.8336, 0.8754, 0.8322], [0.7045, 0.8086, 0.8551, 0.8221, 0.8112, 0.8514, 0.7267, 0.8369, 0.8506, 0.8456, 0.8516, 0.8352, 0.8384, 0.8887, 0.7996, 0.8558, 0.8596, 0.8214, 0.6384, 0.8188, 0.8127, 0.7779, 0.8802, 0.8133, 0.7086, 0.808, 0.8905, 0.8694], [0.7908, 0.7538, 0.9034, 0.8233, 0.8274, 0.7, 0.8615, 0.8259, 0.768, 0.9183, 0.8911, 0.828, 0.808, 0.773, 0.8512, 0.8313, 0.871, 0.8172, 0.7062, 0.8589, 0.8233, 0.9098, 0.86, 0.7874, 0.8203, 0.7742, 0.8574, 0.8508], [0.85, 0.9167, 0.9, 0.8487, 0.8917, 0.8167, 0.7417, 0.9153, 0.8487, 0.8487, 0.9167, 0.7917, 0.7815, 0.8151, 0.8908, 0.8571, 0.5966, 0.8739, 0.9083, 0.8583, 0.9, 0.8583, 0.8824, 0.5083, 0.7983, 0.9407, 0.8655, 0.675], [0.7162, 0.8278, 0.7664, 0.8075, 0.9457, 0.8433, 0.845, 0.8131, 0.7816, 0.8768, 0.8725, 0.8803, 0.8846, 0.8598, 0.8378, 0.8905, 0.8289, 0.8668, 0.7827, 0.7367, 0.898, 0.8838, 0.7192, 0.8779, 0.6559, 0.8581, 0.6246, 0.8935]]	
Results: 	[[0.8463, 0.7882, 0.6884, 0.8761, 0.6261, 0.4722, 0.8699, 0.7396, 0.7799, 0.8483, 0.8291, 0.879, 0.7372, 0.6681, 0.7786, 0.8561, 0.8845, 0.8526, 0.7831, 0.7521, 0.8494, 0.8552, 0.7976, 0.7949, 0.8015, 0.8727, 0.8494, 0.6741, 0.7086], [0.8738, 0.8747, 0.8724, 0.8119, 0.7546, 0.8677, 0.768, 0.8391, 0.7957, 0.9257, 0.7949, 0.7933, 0.774, 0.8057, 0.8246, 0.8731, 0.8367, 0.8368, 0.8274, 0.8328, 0.7991, 0.8189, 0.8506, 0.826, 0.8885, 0.8336, 0.8754, 0.8322, 0.8198], [0.7045, 0.8086, 0.8551, 0.8221, 0.8112, 0.8514, 0.7267, 0.8369, 0.8506, 0.8456, 0.8516, 0.8352, 0.8384, 0.8887, 0.7996, 0.8558, 0.8596, 0.8214, 0.6384, 0.8188, 0.8127, 0.7779, 0.8802, 0.8133, 0.7086, 0.808, 0.8905, 0.8694, 0.7953], [0.7908, 0.7538, 0.9034, 0.8233, 0.8274, 0.7, 0.8615, 0.8259, 0.768, 0.9183, 0.8911, 0.828, 0.808, 0.773, 0.8512, 0.8313, 0.871, 0.8172, 0.7062, 0.8589, 0.8233, 0.9098, 0.86, 0.7874, 0.8203, 0.7742, 0.8574, 0.8508, 0.6231], [0.85, 0.9167, 0.9, 0.8487, 0.8917, 0.8167, 0.7417, 0.9153, 0.8487, 0.8487, 0.9167, 0.7917, 0.7815, 0.8151, 0.8908, 0.8571, 0.5966, 0.8739, 0.9083, 0.8583, 0.9, 0.8583, 0.8824, 0.5083, 0.7983, 0.9407, 0.8655, 0.675, 0.7815], [0.7162, 0.8278, 0.7664, 0.8075, 0.9457, 0.8433, 0.845, 0.8131, 0.7816, 0.8768, 0.8725, 0.8803, 0.8846, 0.8598, 0.8378, 0.8905, 0.8289, 0.8668, 0.7827, 0.7367, 0.898, 0.8838, 0.7192, 0.8779, 0.6559, 0.8581, 0.6246, 0.8935, 0.7603]]	
Results: 	[[0.8463, 0.7882, 0.6884, 0.8761, 0.6261, 0.4722, 0.8699, 0.7396, 0.7799, 0.8483, 0.8291, 0.879, 0.7372, 0.6681, 0.7786, 0.8561, 0.8845, 0.8526, 0.7831, 0.7521, 0.8494, 0.8552, 0.7976, 0.7949, 0.8015, 0.8727, 0.8494, 0.6741, 0.7086, 0.4882], [0.8738, 0.8747, 0.8724, 0.8119, 0.7546, 0.8677, 0.768, 0.8391, 0.7957, 0.9257, 0.7949, 0.7933, 0.774, 0.8057, 0.8246, 0.8731, 0.8367, 0.8368, 0.8274, 0.8328, 0.7991, 0.8189, 0.8506, 0.826, 0.8885, 0.8336, 0.8754, 0.8322, 0.8198, 0.8576], [0.7045, 0.8086, 0.8551, 0.8221, 0.8112, 0.8514, 0.7267, 0.8369, 0.8506, 0.8456, 0.8516, 0.8352, 0.8384, 0.8887, 0.7996, 0.8558, 0.8596, 0.8214, 0.6384, 0.8188, 0.8127, 0.7779, 0.8802, 0.8133, 0.7086, 0.808, 0.8905, 0.8694, 0.7953, 0.8893], [0.7908, 0.7538, 0.9034, 0.8233, 0.8274, 0.7, 0.8615, 0.8259, 0.768, 0.9183, 0.8911, 0.828, 0.808, 0.773, 0.8512, 0.8313, 0.871, 0.8172, 0.7062, 0.8589, 0.8233, 0.9098, 0.86, 0.7874, 0.8203, 0.7742, 0.8574, 0.8508, 0.6231, 0.8817], [0.85, 0.9167, 0.9, 0.8487, 0.8917, 0.8167, 0.7417, 0.9153, 0.8487, 0.8487, 0.9167, 0.7917, 0.7815, 0.8151, 0.8908, 0.8571, 0.5966, 0.8739, 0.9083, 0.8583, 0.9, 0.8583, 0.8824, 0.5083, 0.7983, 0.9407, 0.8655, 0.675, 0.7815, 0.8083], [0.7162, 0.8278, 0.7664, 0.8075, 0.9457, 0.8433, 0.845, 0.8131, 0.7816, 0.8768, 0.8725, 0.8803, 0.8846, 0.8598, 0.8378, 0.8905, 0.8289, 0.8668, 0.7827, 0.7367, 0.898, 0.8838, 0.7192, 0.8779, 0.6559, 0.8581, 0.6246, 0.8935, 0.7603, 0.7805]]
Support Sets: (Mean:0.7749, SD:0.1066392662364491) | 	Support Sets: (Mean:0.83282, SD:0.038665162079327804) | 	Support Sets: (Mean:0.8188466666666667, SD:0.05863972252212032) | 	Support Sets: (Mean:0.8198766666666667, SD:0.06543881945721533) | 	Support Sets: (Mean:0.82955, SD:0.09569088073151179) | 	Support Sets: (Mean:0.8205266666666666, SD:0.0752844900147541) | 	
