Results: 	[[0.742], [0.7989], [0.6922], [0.7619], [0.8067], [0.818]]	
Results: 	[[0.742, 0.7425], [0.7989, 0.7748], [0.6922, 0.8252], [0.7619, 0.7954], [0.8067, 0.8667], [0.818, 0.7761]]	
Results: 	[[0.742, 0.7425, 0.7657], [0.7989, 0.7748, 0.7624], [0.6922, 0.8252, 0.6881], [0.7619, 0.7954, 0.7588], [0.8067, 0.8667, 0.825], [0.818, 0.7761, 0.7947]]	
Results: 	[[0.742, 0.7425, 0.7657, 0.7756], [0.7989, 0.7748, 0.7624, 0.8161], [0.6922, 0.8252, 0.6881, 0.7695], [0.7619, 0.7954, 0.7588, 0.8338], [0.8067, 0.8667, 0.825, 0.8417], [0.818, 0.7761, 0.7947, 0.7674]]	
Results: 	[[0.742, 0.7425, 0.7657, 0.7756, 0.8403], [0.7989, 0.7748, 0.7624, 0.8161, 0.8111], [0.6922, 0.8252, 0.6881, 0.7695, 0.6691], [0.7619, 0.7954, 0.7588, 0.8338, 0.8428], [0.8067, 0.8667, 0.825, 0.8417, 0.875], [0.818, 0.7761, 0.7947, 0.7674, 0.859]]	
Results: 	[[0.742, 0.7425, 0.7657, 0.7756, 0.8403, 0.8053], [0.7989, 0.7748, 0.7624, 0.8161, 0.8111, 0.7533], [0.6922, 0.8252, 0.6881, 0.7695, 0.6691, 0.8086], [0.7619, 0.7954, 0.7588, 0.8338, 0.8428, 0.7827], [0.8067, 0.8667, 0.825, 0.8417, 0.875, 0.8667], [0.818, 0.7761, 0.7947, 0.7674, 0.859, 0.8521]]	
Results: 	[[0.742, 0.7425, 0.7657, 0.7756, 0.8403, 0.8053, 0.7949], [0.7989, 0.7748, 0.7624, 0.8161, 0.8111, 0.7533, 0.7686], [0.6922, 0.8252, 0.6881, 0.7695, 0.6691, 0.8086, 0.8396], [0.7619, 0.7954, 0.7588, 0.8338, 0.8428, 0.7827, 0.8613], [0.8067, 0.8667, 0.825, 0.8417, 0.875, 0.8667, 0.8487], [0.818, 0.7761, 0.7947, 0.7674, 0.859, 0.8521, 0.8368]]	
Results: 	[[0.742, 0.7425, 0.7657, 0.7756, 0.8403, 0.8053, 0.7949, 0.7484], [0.7989, 0.7748, 0.7624, 0.8161, 0.8111, 0.7533, 0.7686, 0.7624], [0.6922, 0.8252, 0.6881, 0.7695, 0.6691, 0.8086, 0.8396, 0.7704], [0.7619, 0.7954, 0.7588, 0.8338, 0.8428, 0.7827, 0.8613, 0.8328], [0.8067, 0.8667, 0.825, 0.8417, 0.875, 0.8667, 0.8487, 0.8824], [0.818, 0.7761, 0.7947, 0.7674, 0.859, 0.8521, 0.8368, 0.8478]]	
Results: 	[[0.742, 0.7425, 0.7657, 0.7756, 0.8403, 0.8053, 0.7949, 0.7484, 0.7364], [0.7989, 0.7748, 0.7624, 0.8161, 0.8111, 0.7533, 0.7686, 0.7624, 0.7703], [0.6922, 0.8252, 0.6881, 0.7695, 0.6691, 0.8086, 0.8396, 0.7704, 0.7878], [0.7619, 0.7954, 0.7588, 0.8338, 0.8428, 0.7827, 0.8613, 0.8328, 0.7692], [0.8067, 0.8667, 0.825, 0.8417, 0.875, 0.8667, 0.8487, 0.8824, 0.8167], [0.818, 0.7761, 0.7947, 0.7674, 0.859, 0.8521, 0.8368, 0.8478, 0.8224]]	
Results: 	[[0.742, 0.7425, 0.7657, 0.7756, 0.8403, 0.8053, 0.7949, 0.7484, 0.7364, 0.8021], [0.7989, 0.7748, 0.7624, 0.8161, 0.8111, 0.7533, 0.7686, 0.7624, 0.7703, 0.8105], [0.6922, 0.8252, 0.6881, 0.7695, 0.6691, 0.8086, 0.8396, 0.7704, 0.7878, 0.8333], [0.7619, 0.7954, 0.7588, 0.8338, 0.8428, 0.7827, 0.8613, 0.8328, 0.7692, 0.755], [0.8067, 0.8667, 0.825, 0.8417, 0.875, 0.8667, 0.8487, 0.8824, 0.8167, 0.9328], [0.818, 0.7761, 0.7947, 0.7674, 0.859, 0.8521, 0.8368, 0.8478, 0.8224, 0.8891]]	
Results: 	[[0.742, 0.7425, 0.7657, 0.7756, 0.8403, 0.8053, 0.7949, 0.7484, 0.7364, 0.8021, 0.7388], [0.7989, 0.7748, 0.7624, 0.8161, 0.8111, 0.7533, 0.7686, 0.7624, 0.7703, 0.8105, 0.7748], [0.6922, 0.8252, 0.6881, 0.7695, 0.6691, 0.8086, 0.8396, 0.7704, 0.7878, 0.8333, 0.8589], [0.7619, 0.7954, 0.7588, 0.8338, 0.8428, 0.7827, 0.8613, 0.8328, 0.7692, 0.755, 0.8679], [0.8067, 0.8667, 0.825, 0.8417, 0.875, 0.8667, 0.8487, 0.8824, 0.8167, 0.9328, 0.7479], [0.818, 0.7761, 0.7947, 0.7674, 0.859, 0.8521, 0.8368, 0.8478, 0.8224, 0.8891, 0.8193]]	
Results: 	[[0.742, 0.7425, 0.7657, 0.7756, 0.8403, 0.8053, 0.7949, 0.7484, 0.7364, 0.8021, 0.7388, 0.809], [0.7989, 0.7748, 0.7624, 0.8161, 0.8111, 0.7533, 0.7686, 0.7624, 0.7703, 0.8105, 0.7748, 0.7657], [0.6922, 0.8252, 0.6881, 0.7695, 0.6691, 0.8086, 0.8396, 0.7704, 0.7878, 0.8333, 0.8589, 0.7794], [0.7619, 0.7954, 0.7588, 0.8338, 0.8428, 0.7827, 0.8613, 0.8328, 0.7692, 0.755, 0.8679, 0.8372], [0.8067, 0.8667, 0.825, 0.8417, 0.875, 0.8667, 0.8487, 0.8824, 0.8167, 0.9328, 0.7479, 0.8462], [0.818, 0.7761, 0.7947, 0.7674, 0.859, 0.8521, 0.8368, 0.8478, 0.8224, 0.8891, 0.8193, 0.7938]]	
Results: 	[[0.742, 0.7425, 0.7657, 0.7756, 0.8403, 0.8053, 0.7949, 0.7484, 0.7364, 0.8021, 0.7388, 0.809, 0.7404], [0.7989, 0.7748, 0.7624, 0.8161, 0.8111, 0.7533, 0.7686, 0.7624, 0.7703, 0.8105, 0.7748, 0.7657, 0.8184], [0.6922, 0.8252, 0.6881, 0.7695, 0.6691, 0.8086, 0.8396, 0.7704, 0.7878, 0.8333, 0.8589, 0.7794, 0.7597], [0.7619, 0.7954, 0.7588, 0.8338, 0.8428, 0.7827, 0.8613, 0.8328, 0.7692, 0.755, 0.8679, 0.8372, 0.871], [0.8067, 0.8667, 0.825, 0.8417, 0.875, 0.8667, 0.8487, 0.8824, 0.8167, 0.9328, 0.7479, 0.8462, 0.7395], [0.818, 0.7761, 0.7947, 0.7674, 0.859, 0.8521, 0.8368, 0.8478, 0.8224, 0.8891, 0.8193, 0.7938, 0.8448]]	
Results: 	[[0.742, 0.7425, 0.7657, 0.7756, 0.8403, 0.8053, 0.7949, 0.7484, 0.7364, 0.8021, 0.7388, 0.809, 0.7404, 0.758], [0.7989, 0.7748, 0.7624, 0.8161, 0.8111, 0.7533, 0.7686, 0.7624, 0.7703, 0.8105, 0.7748, 0.7657, 0.8184, 0.8538], [0.6922, 0.8252, 0.6881, 0.7695, 0.6691, 0.8086, 0.8396, 0.7704, 0.7878, 0.8333, 0.8589, 0.7794, 0.7597, 0.7211], [0.7619, 0.7954, 0.7588, 0.8338, 0.8428, 0.7827, 0.8613, 0.8328, 0.7692, 0.755, 0.8679, 0.8372, 0.871, 0.8021], [0.8067, 0.8667, 0.825, 0.8417, 0.875, 0.8667, 0.8487, 0.8824, 0.8167, 0.9328, 0.7479, 0.8462, 0.7395, 0.875], [0.818, 0.7761, 0.7947, 0.7674, 0.859, 0.8521, 0.8368, 0.8478, 0.8224, 0.8891, 0.8193, 0.7938, 0.8448, 0.7852]]	
Results: 	[[0.742, 0.7425, 0.7657, 0.7756, 0.8403, 0.8053, 0.7949, 0.7484, 0.7364, 0.8021, 0.7388, 0.809, 0.7404, 0.758, 0.7925], [0.7989, 0.7748, 0.7624, 0.8161, 0.8111, 0.7533, 0.7686, 0.7624, 0.7703, 0.8105, 0.7748, 0.7657, 0.8184, 0.8538, 0.7063], [0.6922, 0.8252, 0.6881, 0.7695, 0.6691, 0.8086, 0.8396, 0.7704, 0.7878, 0.8333, 0.8589, 0.7794, 0.7597, 0.7211, 0.8376], [0.7619, 0.7954, 0.7588, 0.8338, 0.8428, 0.7827, 0.8613, 0.8328, 0.7692, 0.755, 0.8679, 0.8372, 0.871, 0.8021, 0.8426], [0.8067, 0.8667, 0.825, 0.8417, 0.875, 0.8667, 0.8487, 0.8824, 0.8167, 0.9328, 0.7479, 0.8462, 0.7395, 0.875, 0.675], [0.818, 0.7761, 0.7947, 0.7674, 0.859, 0.8521, 0.8368, 0.8478, 0.8224, 0.8891, 0.8193, 0.7938, 0.8448, 0.7852, 0.7811]]	
Results: 	[[0.742, 0.7425, 0.7657, 0.7756, 0.8403, 0.8053, 0.7949, 0.7484, 0.7364, 0.8021, 0.7388, 0.809, 0.7404, 0.758, 0.7925, 0.7382], [0.7989, 0.7748, 0.7624, 0.8161, 0.8111, 0.7533, 0.7686, 0.7624, 0.7703, 0.8105, 0.7748, 0.7657, 0.8184, 0.8538, 0.7063, 0.7517], [0.6922, 0.8252, 0.6881, 0.7695, 0.6691, 0.8086, 0.8396, 0.7704, 0.7878, 0.8333, 0.8589, 0.7794, 0.7597, 0.7211, 0.8376, 0.8006], [0.7619, 0.7954, 0.7588, 0.8338, 0.8428, 0.7827, 0.8613, 0.8328, 0.7692, 0.755, 0.8679, 0.8372, 0.871, 0.8021, 0.8426, 0.8382], [0.8067, 0.8667, 0.825, 0.8417, 0.875, 0.8667, 0.8487, 0.8824, 0.8167, 0.9328, 0.7479, 0.8462, 0.7395, 0.875, 0.675, 0.7667], [0.818, 0.7761, 0.7947, 0.7674, 0.859, 0.8521, 0.8368, 0.8478, 0.8224, 0.8891, 0.8193, 0.7938, 0.8448, 0.7852, 0.7811, 0.8356]]	
Results: 	[[0.742, 0.7425, 0.7657, 0.7756, 0.8403, 0.8053, 0.7949, 0.7484, 0.7364, 0.8021, 0.7388, 0.809, 0.7404, 0.758, 0.7925, 0.7382, 0.7855], [0.7989, 0.7748, 0.7624, 0.8161, 0.8111, 0.7533, 0.7686, 0.7624, 0.7703, 0.8105, 0.7748, 0.7657, 0.8184, 0.8538, 0.7063, 0.7517, 0.8139], [0.6922, 0.8252, 0.6881, 0.7695, 0.6691, 0.8086, 0.8396, 0.7704, 0.7878, 0.8333, 0.8589, 0.7794, 0.7597, 0.7211, 0.8376, 0.8006, 0.8671], [0.7619, 0.7954, 0.7588, 0.8338, 0.8428, 0.7827, 0.8613, 0.8328, 0.7692, 0.755, 0.8679, 0.8372, 0.871, 0.8021, 0.8426, 0.8382, 0.8848], [0.8067, 0.8667, 0.825, 0.8417, 0.875, 0.8667, 0.8487, 0.8824, 0.8167, 0.9328, 0.7479, 0.8462, 0.7395, 0.875, 0.675, 0.7667, 0.8655], [0.818, 0.7761, 0.7947, 0.7674, 0.859, 0.8521, 0.8368, 0.8478, 0.8224, 0.8891, 0.8193, 0.7938, 0.8448, 0.7852, 0.7811, 0.8356, 0.8036]]	
Results: 	[[0.742, 0.7425, 0.7657, 0.7756, 0.8403, 0.8053, 0.7949, 0.7484, 0.7364, 0.8021, 0.7388, 0.809, 0.7404, 0.758, 0.7925, 0.7382, 0.7855, 0.7583], [0.7989, 0.7748, 0.7624, 0.8161, 0.8111, 0.7533, 0.7686, 0.7624, 0.7703, 0.8105, 0.7748, 0.7657, 0.8184, 0.8538, 0.7063, 0.7517, 0.8139, 0.726], [0.6922, 0.8252, 0.6881, 0.7695, 0.6691, 0.8086, 0.8396, 0.7704, 0.7878, 0.8333, 0.8589, 0.7794, 0.7597, 0.7211, 0.8376, 0.8006, 0.8671, 0.7955], [0.7619, 0.7954, 0.7588, 0.8338, 0.8428, 0.7827, 0.8613, 0.8328, 0.7692, 0.755, 0.8679, 0.8372, 0.871, 0.8021, 0.8426, 0.8382, 0.8848, 0.8451], [0.8067, 0.8667, 0.825, 0.8417, 0.875, 0.8667, 0.8487, 0.8824, 0.8167, 0.9328, 0.7479, 0.8462, 0.7395, 0.875, 0.675, 0.7667, 0.8655, 0.8067], [0.818, 0.7761, 0.7947, 0.7674, 0.859, 0.8521, 0.8368, 0.8478, 0.8224, 0.8891, 0.8193, 0.7938, 0.8448, 0.7852, 0.7811, 0.8356, 0.8036, 0.8337]]	
Results: 	[[0.742, 0.7425, 0.7657, 0.7756, 0.8403, 0.8053, 0.7949, 0.7484, 0.7364, 0.8021, 0.7388, 0.809, 0.7404, 0.758, 0.7925, 0.7382, 0.7855, 0.7583, 0.7818], [0.7989, 0.7748, 0.7624, 0.8161, 0.8111, 0.7533, 0.7686, 0.7624, 0.7703, 0.8105, 0.7748, 0.7657, 0.8184, 0.8538, 0.7063, 0.7517, 0.8139, 0.726, 0.8793], [0.6922, 0.8252, 0.6881, 0.7695, 0.6691, 0.8086, 0.8396, 0.7704, 0.7878, 0.8333, 0.8589, 0.7794, 0.7597, 0.7211, 0.8376, 0.8006, 0.8671, 0.7955, 0.7354], [0.7619, 0.7954, 0.7588, 0.8338, 0.8428, 0.7827, 0.8613, 0.8328, 0.7692, 0.755, 0.8679, 0.8372, 0.871, 0.8021, 0.8426, 0.8382, 0.8848, 0.8451, 0.7754], [0.8067, 0.8667, 0.825, 0.8417, 0.875, 0.8667, 0.8487, 0.8824, 0.8167, 0.9328, 0.7479, 0.8462, 0.7395, 0.875, 0.675, 0.7667, 0.8655, 0.8067, 0.8655], [0.818, 0.7761, 0.7947, 0.7674, 0.859, 0.8521, 0.8368, 0.8478, 0.8224, 0.8891, 0.8193, 0.7938, 0.8448, 0.7852, 0.7811, 0.8356, 0.8036, 0.8337, 0.8703]]	
Results: 	[[0.742, 0.7425, 0.7657, 0.7756, 0.8403, 0.8053, 0.7949, 0.7484, 0.7364, 0.8021, 0.7388, 0.809, 0.7404, 0.758, 0.7925, 0.7382, 0.7855, 0.7583, 0.7818, 0.8355], [0.7989, 0.7748, 0.7624, 0.8161, 0.8111, 0.7533, 0.7686, 0.7624, 0.7703, 0.8105, 0.7748, 0.7657, 0.8184, 0.8538, 0.7063, 0.7517, 0.8139, 0.726, 0.8793, 0.8406], [0.6922, 0.8252, 0.6881, 0.7695, 0.6691, 0.8086, 0.8396, 0.7704, 0.7878, 0.8333, 0.8589, 0.7794, 0.7597, 0.7211, 0.8376, 0.8006, 0.8671, 0.7955, 0.7354, 0.8476], [0.7619, 0.7954, 0.7588, 0.8338, 0.8428, 0.7827, 0.8613, 0.8328, 0.7692, 0.755, 0.8679, 0.8372, 0.871, 0.8021, 0.8426, 0.8382, 0.8848, 0.8451, 0.7754, 0.7377], [0.8067, 0.8667, 0.825, 0.8417, 0.875, 0.8667, 0.8487, 0.8824, 0.8167, 0.9328, 0.7479, 0.8462, 0.7395, 0.875, 0.675, 0.7667, 0.8655, 0.8067, 0.8655, 0.85], [0.818, 0.7761, 0.7947, 0.7674, 0.859, 0.8521, 0.8368, 0.8478, 0.8224, 0.8891, 0.8193, 0.7938, 0.8448, 0.7852, 0.7811, 0.8356, 0.8036, 0.8337, 0.8703, 0.8291]]	
Results: 	[[0.742, 0.7425, 0.7657, 0.7756, 0.8403, 0.8053, 0.7949, 0.7484, 0.7364, 0.8021, 0.7388, 0.809, 0.7404, 0.758, 0.7925, 0.7382, 0.7855, 0.7583, 0.7818, 0.8355, 0.8077], [0.7989, 0.7748, 0.7624, 0.8161, 0.8111, 0.7533, 0.7686, 0.7624, 0.7703, 0.8105, 0.7748, 0.7657, 0.8184, 0.8538, 0.7063, 0.7517, 0.8139, 0.726, 0.8793, 0.8406, 0.7842], [0.6922, 0.8252, 0.6881, 0.7695, 0.6691, 0.8086, 0.8396, 0.7704, 0.7878, 0.8333, 0.8589, 0.7794, 0.7597, 0.7211, 0.8376, 0.8006, 0.8671, 0.7955, 0.7354, 0.8476, 0.6994], [0.7619, 0.7954, 0.7588, 0.8338, 0.8428, 0.7827, 0.8613, 0.8328, 0.7692, 0.755, 0.8679, 0.8372, 0.871, 0.8021, 0.8426, 0.8382, 0.8848, 0.8451, 0.7754, 0.7377, 0.8197], [0.8067, 0.8667, 0.825, 0.8417, 0.875, 0.8667, 0.8487, 0.8824, 0.8167, 0.9328, 0.7479, 0.8462, 0.7395, 0.875, 0.675, 0.7667, 0.8655, 0.8067, 0.8655, 0.85, 0.7815], [0.818, 0.7761, 0.7947, 0.7674, 0.859, 0.8521, 0.8368, 0.8478, 0.8224, 0.8891, 0.8193, 0.7938, 0.8448, 0.7852, 0.7811, 0.8356, 0.8036, 0.8337, 0.8703, 0.8291, 0.8291]]	
Results: 	[[0.742, 0.7425, 0.7657, 0.7756, 0.8403, 0.8053, 0.7949, 0.7484, 0.7364, 0.8021, 0.7388, 0.809, 0.7404, 0.758, 0.7925, 0.7382, 0.7855, 0.7583, 0.7818, 0.8355, 0.8077, 0.8406], [0.7989, 0.7748, 0.7624, 0.8161, 0.8111, 0.7533, 0.7686, 0.7624, 0.7703, 0.8105, 0.7748, 0.7657, 0.8184, 0.8538, 0.7063, 0.7517, 0.8139, 0.726, 0.8793, 0.8406, 0.7842, 0.8568], [0.6922, 0.8252, 0.6881, 0.7695, 0.6691, 0.8086, 0.8396, 0.7704, 0.7878, 0.8333, 0.8589, 0.7794, 0.7597, 0.7211, 0.8376, 0.8006, 0.8671, 0.7955, 0.7354, 0.8476, 0.6994, 0.7265], [0.7619, 0.7954, 0.7588, 0.8338, 0.8428, 0.7827, 0.8613, 0.8328, 0.7692, 0.755, 0.8679, 0.8372, 0.871, 0.8021, 0.8426, 0.8382, 0.8848, 0.8451, 0.7754, 0.7377, 0.8197, 0.8615], [0.8067, 0.8667, 0.825, 0.8417, 0.875, 0.8667, 0.8487, 0.8824, 0.8167, 0.9328, 0.7479, 0.8462, 0.7395, 0.875, 0.675, 0.7667, 0.8655, 0.8067, 0.8655, 0.85, 0.7815, 0.825], [0.818, 0.7761, 0.7947, 0.7674, 0.859, 0.8521, 0.8368, 0.8478, 0.8224, 0.8891, 0.8193, 0.7938, 0.8448, 0.7852, 0.7811, 0.8356, 0.8036, 0.8337, 0.8703, 0.8291, 0.8291, 0.8459]]	
Results: 	[[0.742, 0.7425, 0.7657, 0.7756, 0.8403, 0.8053, 0.7949, 0.7484, 0.7364, 0.8021, 0.7388, 0.809, 0.7404, 0.758, 0.7925, 0.7382, 0.7855, 0.7583, 0.7818, 0.8355, 0.8077, 0.8406, 0.8024], [0.7989, 0.7748, 0.7624, 0.8161, 0.8111, 0.7533, 0.7686, 0.7624, 0.7703, 0.8105, 0.7748, 0.7657, 0.8184, 0.8538, 0.7063, 0.7517, 0.8139, 0.726, 0.8793, 0.8406, 0.7842, 0.8568, 0.781], [0.6922, 0.8252, 0.6881, 0.7695, 0.6691, 0.8086, 0.8396, 0.7704, 0.7878, 0.8333, 0.8589, 0.7794, 0.7597, 0.7211, 0.8376, 0.8006, 0.8671, 0.7955, 0.7354, 0.8476, 0.6994, 0.7265, 0.7814], [0.7619, 0.7954, 0.7588, 0.8338, 0.8428, 0.7827, 0.8613, 0.8328, 0.7692, 0.755, 0.8679, 0.8372, 0.871, 0.8021, 0.8426, 0.8382, 0.8848, 0.8451, 0.7754, 0.7377, 0.8197, 0.8615, 0.8282], [0.8067, 0.8667, 0.825, 0.8417, 0.875, 0.8667, 0.8487, 0.8824, 0.8167, 0.9328, 0.7479, 0.8462, 0.7395, 0.875, 0.675, 0.7667, 0.8655, 0.8067, 0.8655, 0.85, 0.7815, 0.825, 0.7983], [0.818, 0.7761, 0.7947, 0.7674, 0.859, 0.8521, 0.8368, 0.8478, 0.8224, 0.8891, 0.8193, 0.7938, 0.8448, 0.7852, 0.7811, 0.8356, 0.8036, 0.8337, 0.8703, 0.8291, 0.8291, 0.8459, 0.8269]]	
Results: 	[[0.742, 0.7425, 0.7657, 0.7756, 0.8403, 0.8053, 0.7949, 0.7484, 0.7364, 0.8021, 0.7388, 0.809, 0.7404, 0.758, 0.7925, 0.7382, 0.7855, 0.7583, 0.7818, 0.8355, 0.8077, 0.8406, 0.8024, 0.7807], [0.7989, 0.7748, 0.7624, 0.8161, 0.8111, 0.7533, 0.7686, 0.7624, 0.7703, 0.8105, 0.7748, 0.7657, 0.8184, 0.8538, 0.7063, 0.7517, 0.8139, 0.726, 0.8793, 0.8406, 0.7842, 0.8568, 0.781, 0.7262], [0.6922, 0.8252, 0.6881, 0.7695, 0.6691, 0.8086, 0.8396, 0.7704, 0.7878, 0.8333, 0.8589, 0.7794, 0.7597, 0.7211, 0.8376, 0.8006, 0.8671, 0.7955, 0.7354, 0.8476, 0.6994, 0.7265, 0.7814, 0.827], [0.7619, 0.7954, 0.7588, 0.8338, 0.8428, 0.7827, 0.8613, 0.8328, 0.7692, 0.755, 0.8679, 0.8372, 0.871, 0.8021, 0.8426, 0.8382, 0.8848, 0.8451, 0.7754, 0.7377, 0.8197, 0.8615, 0.8282, 0.7834], [0.8067, 0.8667, 0.825, 0.8417, 0.875, 0.8667, 0.8487, 0.8824, 0.8167, 0.9328, 0.7479, 0.8462, 0.7395, 0.875, 0.675, 0.7667, 0.8655, 0.8067, 0.8655, 0.85, 0.7815, 0.825, 0.7983, 0.775], [0.818, 0.7761, 0.7947, 0.7674, 0.859, 0.8521, 0.8368, 0.8478, 0.8224, 0.8891, 0.8193, 0.7938, 0.8448, 0.7852, 0.7811, 0.8356, 0.8036, 0.8337, 0.8703, 0.8291, 0.8291, 0.8459, 0.8269, 0.8468]]	
Results: 	[[0.742, 0.7425, 0.7657, 0.7756, 0.8403, 0.8053, 0.7949, 0.7484, 0.7364, 0.8021, 0.7388, 0.809, 0.7404, 0.758, 0.7925, 0.7382, 0.7855, 0.7583, 0.7818, 0.8355, 0.8077, 0.8406, 0.8024, 0.7807, 0.8109], [0.7989, 0.7748, 0.7624, 0.8161, 0.8111, 0.7533, 0.7686, 0.7624, 0.7703, 0.8105, 0.7748, 0.7657, 0.8184, 0.8538, 0.7063, 0.7517, 0.8139, 0.726, 0.8793, 0.8406, 0.7842, 0.8568, 0.781, 0.7262, 0.7167], [0.6922, 0.8252, 0.6881, 0.7695, 0.6691, 0.8086, 0.8396, 0.7704, 0.7878, 0.8333, 0.8589, 0.7794, 0.7597, 0.7211, 0.8376, 0.8006, 0.8671, 0.7955, 0.7354, 0.8476, 0.6994, 0.7265, 0.7814, 0.827, 0.8618], [0.7619, 0.7954, 0.7588, 0.8338, 0.8428, 0.7827, 0.8613, 0.8328, 0.7692, 0.755, 0.8679, 0.8372, 0.871, 0.8021, 0.8426, 0.8382, 0.8848, 0.8451, 0.7754, 0.7377, 0.8197, 0.8615, 0.8282, 0.7834, 0.8295], [0.8067, 0.8667, 0.825, 0.8417, 0.875, 0.8667, 0.8487, 0.8824, 0.8167, 0.9328, 0.7479, 0.8462, 0.7395, 0.875, 0.675, 0.7667, 0.8655, 0.8067, 0.8655, 0.85, 0.7815, 0.825, 0.7983, 0.775, 0.822], [0.818, 0.7761, 0.7947, 0.7674, 0.859, 0.8521, 0.8368, 0.8478, 0.8224, 0.8891, 0.8193, 0.7938, 0.8448, 0.7852, 0.7811, 0.8356, 0.8036, 0.8337, 0.8703, 0.8291, 0.8291, 0.8459, 0.8269, 0.8468, 0.8104]]	
Results: 	[[0.742, 0.7425, 0.7657, 0.7756, 0.8403, 0.8053, 0.7949, 0.7484, 0.7364, 0.8021, 0.7388, 0.809, 0.7404, 0.758, 0.7925, 0.7382, 0.7855, 0.7583, 0.7818, 0.8355, 0.8077, 0.8406, 0.8024, 0.7807, 0.8109, 0.7305], [0.7989, 0.7748, 0.7624, 0.8161, 0.8111, 0.7533, 0.7686, 0.7624, 0.7703, 0.8105, 0.7748, 0.7657, 0.8184, 0.8538, 0.7063, 0.7517, 0.8139, 0.726, 0.8793, 0.8406, 0.7842, 0.8568, 0.781, 0.7262, 0.7167, 0.7337], [0.6922, 0.8252, 0.6881, 0.7695, 0.6691, 0.8086, 0.8396, 0.7704, 0.7878, 0.8333, 0.8589, 0.7794, 0.7597, 0.7211, 0.8376, 0.8006, 0.8671, 0.7955, 0.7354, 0.8476, 0.6994, 0.7265, 0.7814, 0.827, 0.8618, 0.7791], [0.7619, 0.7954, 0.7588, 0.8338, 0.8428, 0.7827, 0.8613, 0.8328, 0.7692, 0.755, 0.8679, 0.8372, 0.871, 0.8021, 0.8426, 0.8382, 0.8848, 0.8451, 0.7754, 0.7377, 0.8197, 0.8615, 0.8282, 0.7834, 0.8295, 0.7393], [0.8067, 0.8667, 0.825, 0.8417, 0.875, 0.8667, 0.8487, 0.8824, 0.8167, 0.9328, 0.7479, 0.8462, 0.7395, 0.875, 0.675, 0.7667, 0.8655, 0.8067, 0.8655, 0.85, 0.7815, 0.825, 0.7983, 0.775, 0.822, 0.8917], [0.818, 0.7761, 0.7947, 0.7674, 0.859, 0.8521, 0.8368, 0.8478, 0.8224, 0.8891, 0.8193, 0.7938, 0.8448, 0.7852, 0.7811, 0.8356, 0.8036, 0.8337, 0.8703, 0.8291, 0.8291, 0.8459, 0.8269, 0.8468, 0.8104, 0.8011]]	
Results: 	[[0.742, 0.7425, 0.7657, 0.7756, 0.8403, 0.8053, 0.7949, 0.7484, 0.7364, 0.8021, 0.7388, 0.809, 0.7404, 0.758, 0.7925, 0.7382, 0.7855, 0.7583, 0.7818, 0.8355, 0.8077, 0.8406, 0.8024, 0.7807, 0.8109, 0.7305, 0.7286], [0.7989, 0.7748, 0.7624, 0.8161, 0.8111, 0.7533, 0.7686, 0.7624, 0.7703, 0.8105, 0.7748, 0.7657, 0.8184, 0.8538, 0.7063, 0.7517, 0.8139, 0.726, 0.8793, 0.8406, 0.7842, 0.8568, 0.781, 0.7262, 0.7167, 0.7337, 0.6927], [0.6922, 0.8252, 0.6881, 0.7695, 0.6691, 0.8086, 0.8396, 0.7704, 0.7878, 0.8333, 0.8589, 0.7794, 0.7597, 0.7211, 0.8376, 0.8006, 0.8671, 0.7955, 0.7354, 0.8476, 0.6994, 0.7265, 0.7814, 0.827, 0.8618, 0.7791, 0.631], [0.7619, 0.7954, 0.7588, 0.8338, 0.8428, 0.7827, 0.8613, 0.8328, 0.7692, 0.755, 0.8679, 0.8372, 0.871, 0.8021, 0.8426, 0.8382, 0.8848, 0.8451, 0.7754, 0.7377, 0.8197, 0.8615, 0.8282, 0.7834, 0.8295, 0.7393, 0.8], [0.8067, 0.8667, 0.825, 0.8417, 0.875, 0.8667, 0.8487, 0.8824, 0.8167, 0.9328, 0.7479, 0.8462, 0.7395, 0.875, 0.675, 0.7667, 0.8655, 0.8067, 0.8655, 0.85, 0.7815, 0.825, 0.7983, 0.775, 0.822, 0.8917, 0.875], [0.818, 0.7761, 0.7947, 0.7674, 0.859, 0.8521, 0.8368, 0.8478, 0.8224, 0.8891, 0.8193, 0.7938, 0.8448, 0.7852, 0.7811, 0.8356, 0.8036, 0.8337, 0.8703, 0.8291, 0.8291, 0.8459, 0.8269, 0.8468, 0.8104, 0.8011, 0.7248]]	
Results: 	[[0.742, 0.7425, 0.7657, 0.7756, 0.8403, 0.8053, 0.7949, 0.7484, 0.7364, 0.8021, 0.7388, 0.809, 0.7404, 0.758, 0.7925, 0.7382, 0.7855, 0.7583, 0.7818, 0.8355, 0.8077, 0.8406, 0.8024, 0.7807, 0.8109, 0.7305, 0.7286, 0.7543], [0.7989, 0.7748, 0.7624, 0.8161, 0.8111, 0.7533, 0.7686, 0.7624, 0.7703, 0.8105, 0.7748, 0.7657, 0.8184, 0.8538, 0.7063, 0.7517, 0.8139, 0.726, 0.8793, 0.8406, 0.7842, 0.8568, 0.781, 0.7262, 0.7167, 0.7337, 0.6927, 0.7579], [0.6922, 0.8252, 0.6881, 0.7695, 0.6691, 0.8086, 0.8396, 0.7704, 0.7878, 0.8333, 0.8589, 0.7794, 0.7597, 0.7211, 0.8376, 0.8006, 0.8671, 0.7955, 0.7354, 0.8476, 0.6994, 0.7265, 0.7814, 0.827, 0.8618, 0.7791, 0.631, 0.8282], [0.7619, 0.7954, 0.7588, 0.8338, 0.8428, 0.7827, 0.8613, 0.8328, 0.7692, 0.755, 0.8679, 0.8372, 0.871, 0.8021, 0.8426, 0.8382, 0.8848, 0.8451, 0.7754, 0.7377, 0.8197, 0.8615, 0.8282, 0.7834, 0.8295, 0.7393, 0.8, 0.8453], [0.8067, 0.8667, 0.825, 0.8417, 0.875, 0.8667, 0.8487, 0.8824, 0.8167, 0.9328, 0.7479, 0.8462, 0.7395, 0.875, 0.675, 0.7667, 0.8655, 0.8067, 0.8655, 0.85, 0.7815, 0.825, 0.7983, 0.775, 0.822, 0.8917, 0.875, 0.7583], [0.818, 0.7761, 0.7947, 0.7674, 0.859, 0.8521, 0.8368, 0.8478, 0.8224, 0.8891, 0.8193, 0.7938, 0.8448, 0.7852, 0.7811, 0.8356, 0.8036, 0.8337, 0.8703, 0.8291, 0.8291, 0.8459, 0.8269, 0.8468, 0.8104, 0.8011, 0.7248, 0.7836]]	
Results: 	[[0.742, 0.7425, 0.7657, 0.7756, 0.8403, 0.8053, 0.7949, 0.7484, 0.7364, 0.8021, 0.7388, 0.809, 0.7404, 0.758, 0.7925, 0.7382, 0.7855, 0.7583, 0.7818, 0.8355, 0.8077, 0.8406, 0.8024, 0.7807, 0.8109, 0.7305, 0.7286, 0.7543, 0.8086], [0.7989, 0.7748, 0.7624, 0.8161, 0.8111, 0.7533, 0.7686, 0.7624, 0.7703, 0.8105, 0.7748, 0.7657, 0.8184, 0.8538, 0.7063, 0.7517, 0.8139, 0.726, 0.8793, 0.8406, 0.7842, 0.8568, 0.781, 0.7262, 0.7167, 0.7337, 0.6927, 0.7579, 0.7763], [0.6922, 0.8252, 0.6881, 0.7695, 0.6691, 0.8086, 0.8396, 0.7704, 0.7878, 0.8333, 0.8589, 0.7794, 0.7597, 0.7211, 0.8376, 0.8006, 0.8671, 0.7955, 0.7354, 0.8476, 0.6994, 0.7265, 0.7814, 0.827, 0.8618, 0.7791, 0.631, 0.8282, 0.827], [0.7619, 0.7954, 0.7588, 0.8338, 0.8428, 0.7827, 0.8613, 0.8328, 0.7692, 0.755, 0.8679, 0.8372, 0.871, 0.8021, 0.8426, 0.8382, 0.8848, 0.8451, 0.7754, 0.7377, 0.8197, 0.8615, 0.8282, 0.7834, 0.8295, 0.7393, 0.8, 0.8453, 0.7481], [0.8067, 0.8667, 0.825, 0.8417, 0.875, 0.8667, 0.8487, 0.8824, 0.8167, 0.9328, 0.7479, 0.8462, 0.7395, 0.875, 0.675, 0.7667, 0.8655, 0.8067, 0.8655, 0.85, 0.7815, 0.825, 0.7983, 0.775, 0.822, 0.8917, 0.875, 0.7583, 0.7917], [0.818, 0.7761, 0.7947, 0.7674, 0.859, 0.8521, 0.8368, 0.8478, 0.8224, 0.8891, 0.8193, 0.7938, 0.8448, 0.7852, 0.7811, 0.8356, 0.8036, 0.8337, 0.8703, 0.8291, 0.8291, 0.8459, 0.8269, 0.8468, 0.8104, 0.8011, 0.7248, 0.7836, 0.7203]]	
Results: 	[[0.742, 0.7425, 0.7657, 0.7756, 0.8403, 0.8053, 0.7949, 0.7484, 0.7364, 0.8021, 0.7388, 0.809, 0.7404, 0.758, 0.7925, 0.7382, 0.7855, 0.7583, 0.7818, 0.8355, 0.8077, 0.8406, 0.8024, 0.7807, 0.8109, 0.7305, 0.7286, 0.7543, 0.8086, 0.7535], [0.7989, 0.7748, 0.7624, 0.8161, 0.8111, 0.7533, 0.7686, 0.7624, 0.7703, 0.8105, 0.7748, 0.7657, 0.8184, 0.8538, 0.7063, 0.7517, 0.8139, 0.726, 0.8793, 0.8406, 0.7842, 0.8568, 0.781, 0.7262, 0.7167, 0.7337, 0.6927, 0.7579, 0.7763, 0.7043], [0.6922, 0.8252, 0.6881, 0.7695, 0.6691, 0.8086, 0.8396, 0.7704, 0.7878, 0.8333, 0.8589, 0.7794, 0.7597, 0.7211, 0.8376, 0.8006, 0.8671, 0.7955, 0.7354, 0.8476, 0.6994, 0.7265, 0.7814, 0.827, 0.8618, 0.7791, 0.631, 0.8282, 0.827, 0.7963], [0.7619, 0.7954, 0.7588, 0.8338, 0.8428, 0.7827, 0.8613, 0.8328, 0.7692, 0.755, 0.8679, 0.8372, 0.871, 0.8021, 0.8426, 0.8382, 0.8848, 0.8451, 0.7754, 0.7377, 0.8197, 0.8615, 0.8282, 0.7834, 0.8295, 0.7393, 0.8, 0.8453, 0.7481, 0.8648], [0.8067, 0.8667, 0.825, 0.8417, 0.875, 0.8667, 0.8487, 0.8824, 0.8167, 0.9328, 0.7479, 0.8462, 0.7395, 0.875, 0.675, 0.7667, 0.8655, 0.8067, 0.8655, 0.85, 0.7815, 0.825, 0.7983, 0.775, 0.822, 0.8917, 0.875, 0.7583, 0.7917, 0.8833], [0.818, 0.7761, 0.7947, 0.7674, 0.859, 0.8521, 0.8368, 0.8478, 0.8224, 0.8891, 0.8193, 0.7938, 0.8448, 0.7852, 0.7811, 0.8356, 0.8036, 0.8337, 0.8703, 0.8291, 0.8291, 0.8459, 0.8269, 0.8468, 0.8104, 0.8011, 0.7248, 0.7836, 0.7203, 0.7891]]
Support Sets: (Mean:0.7769666666666667, SD:0.0342065363115996) | 	Support Sets: (Mean:0.77629, SD:0.04717078545031872) | 	Support Sets: (Mean:0.78148, SD:0.0619788529007802) | 	Support Sets: (Mean:0.81385, SD:0.043653042316066315) | 	Support Sets: (Mean:0.82674, SD:0.05552569830640396) | 	Support Sets: (Mean:0.8145966666666666, SD:0.03870316286935673) | 	
