Results: 	[[0.7652], [0.693], [0.8252], [0.8062], [0.9076], [0.8411]]	
Results: 	[[0.7652, 0.8429], [0.693, 0.7734], [0.8252, 0.7331], [0.8062, 0.7834], [0.9076, 0.7966], [0.8411, 0.7794]]	
Results: 	[[0.7652, 0.8429, 0.7716], [0.693, 0.7734, 0.6834], [0.8252, 0.7331, 0.7914], [0.8062, 0.7834, 0.8225], [0.9076, 0.7966, 0.8655], [0.8411, 0.7794, 0.8603]]	
Results: 	[[0.7652, 0.8429, 0.7716, 0.7934], [0.693, 0.7734, 0.6834, 0.7502], [0.8252, 0.7331, 0.7914, 0.857], [0.8062, 0.7834, 0.8225, 0.8065], [0.9076, 0.7966, 0.8655, 0.7227], [0.8411, 0.7794, 0.8603, 0.8095]]	
Results: 	[[0.7652, 0.8429, 0.7716, 0.7934, 0.7433], [0.693, 0.7734, 0.6834, 0.7502, 0.8111], [0.8252, 0.7331, 0.7914, 0.857, 0.7843], [0.8062, 0.7834, 0.8225, 0.8065, 0.9063], [0.9076, 0.7966, 0.8655, 0.7227, 0.8487], [0.8411, 0.7794, 0.8603, 0.8095, 0.876]]	
Results: 	[[0.7652, 0.8429, 0.7716, 0.7934, 0.7433, 0.7804], [0.693, 0.7734, 0.6834, 0.7502, 0.8111, 0.8127], [0.8252, 0.7331, 0.7914, 0.857, 0.7843, 0.7709], [0.8062, 0.7834, 0.8225, 0.8065, 0.9063, 0.8206], [0.9076, 0.7966, 0.8655, 0.7227, 0.8487, 0.7731], [0.8411, 0.7794, 0.8603, 0.8095, 0.876, 0.8509]]	
Results: 	[[0.7652, 0.8429, 0.7716, 0.7934, 0.7433, 0.7804, 0.8262], [0.693, 0.7734, 0.6834, 0.7502, 0.8111, 0.8127, 0.7765], [0.8252, 0.7331, 0.7914, 0.857, 0.7843, 0.7709, 0.8047], [0.8062, 0.7834, 0.8225, 0.8065, 0.9063, 0.8206, 0.7754], [0.9076, 0.7966, 0.8655, 0.7227, 0.8487, 0.7731, 0.7917], [0.8411, 0.7794, 0.8603, 0.8095, 0.876, 0.8509, 0.8315]]	
Results: 	[[0.7652, 0.8429, 0.7716, 0.7934, 0.7433, 0.7804, 0.8262, 0.766], [0.693, 0.7734, 0.6834, 0.7502, 0.8111, 0.8127, 0.7765, 0.8067], [0.8252, 0.7331, 0.7914, 0.857, 0.7843, 0.7709, 0.8047, 0.6807], [0.8062, 0.7834, 0.8225, 0.8065, 0.9063, 0.8206, 0.7754, 0.7669], [0.9076, 0.7966, 0.8655, 0.7227, 0.8487, 0.7731, 0.7917, 0.85], [0.8411, 0.7794, 0.8603, 0.8095, 0.876, 0.8509, 0.8315, 0.7818]]	
Results: 	[[0.7652, 0.8429, 0.7716, 0.7934, 0.7433, 0.7804, 0.8262, 0.766, 0.7874], [0.693, 0.7734, 0.6834, 0.7502, 0.8111, 0.8127, 0.7765, 0.8067, 0.7763], [0.8252, 0.7331, 0.7914, 0.857, 0.7843, 0.7709, 0.8047, 0.6807, 0.7178], [0.8062, 0.7834, 0.8225, 0.8065, 0.9063, 0.8206, 0.7754, 0.7669, 0.6891], [0.9076, 0.7966, 0.8655, 0.7227, 0.8487, 0.7731, 0.7917, 0.85, 0.8908], [0.8411, 0.7794, 0.8603, 0.8095, 0.876, 0.8509, 0.8315, 0.7818, 0.7885]]	
Results: 	[[0.7652, 0.8429, 0.7716, 0.7934, 0.7433, 0.7804, 0.8262, 0.766, 0.7874, 0.7769], [0.693, 0.7734, 0.6834, 0.7502, 0.8111, 0.8127, 0.7765, 0.8067, 0.7763, 0.8067], [0.8252, 0.7331, 0.7914, 0.857, 0.7843, 0.7709, 0.8047, 0.6807, 0.7178, 0.7258], [0.8062, 0.7834, 0.8225, 0.8065, 0.9063, 0.8206, 0.7754, 0.7669, 0.6891, 0.8108], [0.9076, 0.7966, 0.8655, 0.7227, 0.8487, 0.7731, 0.7917, 0.85, 0.8908, 0.8], [0.8411, 0.7794, 0.8603, 0.8095, 0.876, 0.8509, 0.8315, 0.7818, 0.7885, 0.8067]]	
Results: 	[[0.7652, 0.8429, 0.7716, 0.7934, 0.7433, 0.7804, 0.8262, 0.766, 0.7874, 0.7769, 0.8677], [0.693, 0.7734, 0.6834, 0.7502, 0.8111, 0.8127, 0.7765, 0.8067, 0.7763, 0.8067, 0.7334], [0.8252, 0.7331, 0.7914, 0.857, 0.7843, 0.7709, 0.8047, 0.6807, 0.7178, 0.7258, 0.8694], [0.8062, 0.7834, 0.8225, 0.8065, 0.9063, 0.8206, 0.7754, 0.7669, 0.6891, 0.8108, 0.745], [0.9076, 0.7966, 0.8655, 0.7227, 0.8487, 0.7731, 0.7917, 0.85, 0.8908, 0.8, 0.7479], [0.8411, 0.7794, 0.8603, 0.8095, 0.876, 0.8509, 0.8315, 0.7818, 0.7885, 0.8067, 0.8348]]	
Results: 	[[0.7652, 0.8429, 0.7716, 0.7934, 0.7433, 0.7804, 0.8262, 0.766, 0.7874, 0.7769, 0.8677, 0.746], [0.693, 0.7734, 0.6834, 0.7502, 0.8111, 0.8127, 0.7765, 0.8067, 0.7763, 0.8067, 0.7334, 0.7593], [0.8252, 0.7331, 0.7914, 0.857, 0.7843, 0.7709, 0.8047, 0.6807, 0.7178, 0.7258, 0.8694, 0.702], [0.8062, 0.7834, 0.8225, 0.8065, 0.9063, 0.8206, 0.7754, 0.7669, 0.6891, 0.8108, 0.745, 0.7615], [0.9076, 0.7966, 0.8655, 0.7227, 0.8487, 0.7731, 0.7917, 0.85, 0.8908, 0.8, 0.7479, 0.8487], [0.8411, 0.7794, 0.8603, 0.8095, 0.876, 0.8509, 0.8315, 0.7818, 0.7885, 0.8067, 0.8348, 0.8154]]	
Results: 	[[0.7652, 0.8429, 0.7716, 0.7934, 0.7433, 0.7804, 0.8262, 0.766, 0.7874, 0.7769, 0.8677, 0.746, 0.7791], [0.693, 0.7734, 0.6834, 0.7502, 0.8111, 0.8127, 0.7765, 0.8067, 0.7763, 0.8067, 0.7334, 0.7593, 0.7751], [0.8252, 0.7331, 0.7914, 0.857, 0.7843, 0.7709, 0.8047, 0.6807, 0.7178, 0.7258, 0.8694, 0.702, 0.8773], [0.8062, 0.7834, 0.8225, 0.8065, 0.9063, 0.8206, 0.7754, 0.7669, 0.6891, 0.8108, 0.745, 0.7615, 0.853], [0.9076, 0.7966, 0.8655, 0.7227, 0.8487, 0.7731, 0.7917, 0.85, 0.8908, 0.8, 0.7479, 0.8487, 0.8571], [0.8411, 0.7794, 0.8603, 0.8095, 0.876, 0.8509, 0.8315, 0.7818, 0.7885, 0.8067, 0.8348, 0.8154, 0.8749]]	
Results: 	[[0.7652, 0.8429, 0.7716, 0.7934, 0.7433, 0.7804, 0.8262, 0.766, 0.7874, 0.7769, 0.8677, 0.746, 0.7791, 0.8369], [0.693, 0.7734, 0.6834, 0.7502, 0.8111, 0.8127, 0.7765, 0.8067, 0.7763, 0.8067, 0.7334, 0.7593, 0.7751, 0.7856], [0.8252, 0.7331, 0.7914, 0.857, 0.7843, 0.7709, 0.8047, 0.6807, 0.7178, 0.7258, 0.8694, 0.702, 0.8773, 0.7906], [0.8062, 0.7834, 0.8225, 0.8065, 0.9063, 0.8206, 0.7754, 0.7669, 0.6891, 0.8108, 0.745, 0.7615, 0.853, 0.7623], [0.9076, 0.7966, 0.8655, 0.7227, 0.8487, 0.7731, 0.7917, 0.85, 0.8908, 0.8, 0.7479, 0.8487, 0.8571, 0.8571], [0.8411, 0.7794, 0.8603, 0.8095, 0.876, 0.8509, 0.8315, 0.7818, 0.7885, 0.8067, 0.8348, 0.8154, 0.8749, 0.8269]]	
Results: 	[[0.7652, 0.8429, 0.7716, 0.7934, 0.7433, 0.7804, 0.8262, 0.766, 0.7874, 0.7769, 0.8677, 0.746, 0.7791, 0.8369, 0.7695], [0.693, 0.7734, 0.6834, 0.7502, 0.8111, 0.8127, 0.7765, 0.8067, 0.7763, 0.8067, 0.7334, 0.7593, 0.7751, 0.7856, 0.6997], [0.8252, 0.7331, 0.7914, 0.857, 0.7843, 0.7709, 0.8047, 0.6807, 0.7178, 0.7258, 0.8694, 0.702, 0.8773, 0.7906, 0.8306], [0.8062, 0.7834, 0.8225, 0.8065, 0.9063, 0.8206, 0.7754, 0.7669, 0.6891, 0.8108, 0.745, 0.7615, 0.853, 0.7623, 0.8954], [0.9076, 0.7966, 0.8655, 0.7227, 0.8487, 0.7731, 0.7917, 0.85, 0.8908, 0.8, 0.7479, 0.8487, 0.8571, 0.8571, 0.906], [0.8411, 0.7794, 0.8603, 0.8095, 0.876, 0.8509, 0.8315, 0.7818, 0.7885, 0.8067, 0.8348, 0.8154, 0.8749, 0.8269, 0.8733]]	
Results: 	[[0.7652, 0.8429, 0.7716, 0.7934, 0.7433, 0.7804, 0.8262, 0.766, 0.7874, 0.7769, 0.8677, 0.746, 0.7791, 0.8369, 0.7695, 0.7441], [0.693, 0.7734, 0.6834, 0.7502, 0.8111, 0.8127, 0.7765, 0.8067, 0.7763, 0.8067, 0.7334, 0.7593, 0.7751, 0.7856, 0.6997, 0.7964], [0.8252, 0.7331, 0.7914, 0.857, 0.7843, 0.7709, 0.8047, 0.6807, 0.7178, 0.7258, 0.8694, 0.702, 0.8773, 0.7906, 0.8306, 0.7513], [0.8062, 0.7834, 0.8225, 0.8065, 0.9063, 0.8206, 0.7754, 0.7669, 0.6891, 0.8108, 0.745, 0.7615, 0.853, 0.7623, 0.8954, 0.7465], [0.9076, 0.7966, 0.8655, 0.7227, 0.8487, 0.7731, 0.7917, 0.85, 0.8908, 0.8, 0.7479, 0.8487, 0.8571, 0.8571, 0.906, 0.7917], [0.8411, 0.7794, 0.8603, 0.8095, 0.876, 0.8509, 0.8315, 0.7818, 0.7885, 0.8067, 0.8348, 0.8154, 0.8749, 0.8269, 0.8733, 0.8511]]	
Results: 	[[0.7652, 0.8429, 0.7716, 0.7934, 0.7433, 0.7804, 0.8262, 0.766, 0.7874, 0.7769, 0.8677, 0.746, 0.7791, 0.8369, 0.7695, 0.7441, 0.8419], [0.693, 0.7734, 0.6834, 0.7502, 0.8111, 0.8127, 0.7765, 0.8067, 0.7763, 0.8067, 0.7334, 0.7593, 0.7751, 0.7856, 0.6997, 0.7964, 0.7864], [0.8252, 0.7331, 0.7914, 0.857, 0.7843, 0.7709, 0.8047, 0.6807, 0.7178, 0.7258, 0.8694, 0.702, 0.8773, 0.7906, 0.8306, 0.7513, 0.8403], [0.8062, 0.7834, 0.8225, 0.8065, 0.9063, 0.8206, 0.7754, 0.7669, 0.6891, 0.8108, 0.745, 0.7615, 0.853, 0.7623, 0.8954, 0.7465, 0.8615], [0.9076, 0.7966, 0.8655, 0.7227, 0.8487, 0.7731, 0.7917, 0.85, 0.8908, 0.8, 0.7479, 0.8487, 0.8571, 0.8571, 0.906, 0.7917, 0.8333], [0.8411, 0.7794, 0.8603, 0.8095, 0.876, 0.8509, 0.8315, 0.7818, 0.7885, 0.8067, 0.8348, 0.8154, 0.8749, 0.8269, 0.8733, 0.8511, 0.8215]]	
Results: 	[[0.7652, 0.8429, 0.7716, 0.7934, 0.7433, 0.7804, 0.8262, 0.766, 0.7874, 0.7769, 0.8677, 0.746, 0.7791, 0.8369, 0.7695, 0.7441, 0.8419, 0.8032], [0.693, 0.7734, 0.6834, 0.7502, 0.8111, 0.8127, 0.7765, 0.8067, 0.7763, 0.8067, 0.7334, 0.7593, 0.7751, 0.7856, 0.6997, 0.7964, 0.7864, 0.7214], [0.8252, 0.7331, 0.7914, 0.857, 0.7843, 0.7709, 0.8047, 0.6807, 0.7178, 0.7258, 0.8694, 0.702, 0.8773, 0.7906, 0.8306, 0.7513, 0.8403, 0.8398], [0.8062, 0.7834, 0.8225, 0.8065, 0.9063, 0.8206, 0.7754, 0.7669, 0.6891, 0.8108, 0.745, 0.7615, 0.853, 0.7623, 0.8954, 0.7465, 0.8615, 0.7542], [0.9076, 0.7966, 0.8655, 0.7227, 0.8487, 0.7731, 0.7917, 0.85, 0.8908, 0.8, 0.7479, 0.8487, 0.8571, 0.8571, 0.906, 0.7917, 0.8333, 0.7949], [0.8411, 0.7794, 0.8603, 0.8095, 0.876, 0.8509, 0.8315, 0.7818, 0.7885, 0.8067, 0.8348, 0.8154, 0.8749, 0.8269, 0.8733, 0.8511, 0.8215, 0.7996]]	
Results: 	[[0.7652, 0.8429, 0.7716, 0.7934, 0.7433, 0.7804, 0.8262, 0.766, 0.7874, 0.7769, 0.8677, 0.746, 0.7791, 0.8369, 0.7695, 0.7441, 0.8419, 0.8032, 0.7761], [0.693, 0.7734, 0.6834, 0.7502, 0.8111, 0.8127, 0.7765, 0.8067, 0.7763, 0.8067, 0.7334, 0.7593, 0.7751, 0.7856, 0.6997, 0.7964, 0.7864, 0.7214, 0.7138], [0.8252, 0.7331, 0.7914, 0.857, 0.7843, 0.7709, 0.8047, 0.6807, 0.7178, 0.7258, 0.8694, 0.702, 0.8773, 0.7906, 0.8306, 0.7513, 0.8403, 0.8398, 0.8663], [0.8062, 0.7834, 0.8225, 0.8065, 0.9063, 0.8206, 0.7754, 0.7669, 0.6891, 0.8108, 0.745, 0.7615, 0.853, 0.7623, 0.8954, 0.7465, 0.8615, 0.7542, 0.6928], [0.9076, 0.7966, 0.8655, 0.7227, 0.8487, 0.7731, 0.7917, 0.85, 0.8908, 0.8, 0.7479, 0.8487, 0.8571, 0.8571, 0.906, 0.7917, 0.8333, 0.7949, 0.7899], [0.8411, 0.7794, 0.8603, 0.8095, 0.876, 0.8509, 0.8315, 0.7818, 0.7885, 0.8067, 0.8348, 0.8154, 0.8749, 0.8269, 0.8733, 0.8511, 0.8215, 0.7996, 0.8639]]	
Results: 	[[0.7652, 0.8429, 0.7716, 0.7934, 0.7433, 0.7804, 0.8262, 0.766, 0.7874, 0.7769, 0.8677, 0.746, 0.7791, 0.8369, 0.7695, 0.7441, 0.8419, 0.8032, 0.7761, 0.7297], [0.693, 0.7734, 0.6834, 0.7502, 0.8111, 0.8127, 0.7765, 0.8067, 0.7763, 0.8067, 0.7334, 0.7593, 0.7751, 0.7856, 0.6997, 0.7964, 0.7864, 0.7214, 0.7138, 0.7577], [0.8252, 0.7331, 0.7914, 0.857, 0.7843, 0.7709, 0.8047, 0.6807, 0.7178, 0.7258, 0.8694, 0.702, 0.8773, 0.7906, 0.8306, 0.7513, 0.8403, 0.8398, 0.8663, 0.7843], [0.8062, 0.7834, 0.8225, 0.8065, 0.9063, 0.8206, 0.7754, 0.7669, 0.6891, 0.8108, 0.745, 0.7615, 0.853, 0.7623, 0.8954, 0.7465, 0.8615, 0.7542, 0.6928, 0.8863], [0.9076, 0.7966, 0.8655, 0.7227, 0.8487, 0.7731, 0.7917, 0.85, 0.8908, 0.8, 0.7479, 0.8487, 0.8571, 0.8571, 0.906, 0.7917, 0.8333, 0.7949, 0.7899, 0.8319], [0.8411, 0.7794, 0.8603, 0.8095, 0.876, 0.8509, 0.8315, 0.7818, 0.7885, 0.8067, 0.8348, 0.8154, 0.8749, 0.8269, 0.8733, 0.8511, 0.8215, 0.7996, 0.8639, 0.8242]]	
Results: 	[[0.7652, 0.8429, 0.7716, 0.7934, 0.7433, 0.7804, 0.8262, 0.766, 0.7874, 0.7769, 0.8677, 0.746, 0.7791, 0.8369, 0.7695, 0.7441, 0.8419, 0.8032, 0.7761, 0.7297, 0.8107], [0.693, 0.7734, 0.6834, 0.7502, 0.8111, 0.8127, 0.7765, 0.8067, 0.7763, 0.8067, 0.7334, 0.7593, 0.7751, 0.7856, 0.6997, 0.7964, 0.7864, 0.7214, 0.7138, 0.7577, 0.8028], [0.8252, 0.7331, 0.7914, 0.857, 0.7843, 0.7709, 0.8047, 0.6807, 0.7178, 0.7258, 0.8694, 0.702, 0.8773, 0.7906, 0.8306, 0.7513, 0.8403, 0.8398, 0.8663, 0.7843, 0.7799], [0.8062, 0.7834, 0.8225, 0.8065, 0.9063, 0.8206, 0.7754, 0.7669, 0.6891, 0.8108, 0.745, 0.7615, 0.853, 0.7623, 0.8954, 0.7465, 0.8615, 0.7542, 0.6928, 0.8863, 0.8231], [0.9076, 0.7966, 0.8655, 0.7227, 0.8487, 0.7731, 0.7917, 0.85, 0.8908, 0.8, 0.7479, 0.8487, 0.8571, 0.8571, 0.906, 0.7917, 0.8333, 0.7949, 0.7899, 0.8319, 0.8571], [0.8411, 0.7794, 0.8603, 0.8095, 0.876, 0.8509, 0.8315, 0.7818, 0.7885, 0.8067, 0.8348, 0.8154, 0.8749, 0.8269, 0.8733, 0.8511, 0.8215, 0.7996, 0.8639, 0.8242, 0.8009]]	
Results: 	[[0.7652, 0.8429, 0.7716, 0.7934, 0.7433, 0.7804, 0.8262, 0.766, 0.7874, 0.7769, 0.8677, 0.746, 0.7791, 0.8369, 0.7695, 0.7441, 0.8419, 0.8032, 0.7761, 0.7297, 0.8107, 0.8021], [0.693, 0.7734, 0.6834, 0.7502, 0.8111, 0.8127, 0.7765, 0.8067, 0.7763, 0.8067, 0.7334, 0.7593, 0.7751, 0.7856, 0.6997, 0.7964, 0.7864, 0.7214, 0.7138, 0.7577, 0.8028, 0.6404], [0.8252, 0.7331, 0.7914, 0.857, 0.7843, 0.7709, 0.8047, 0.6807, 0.7178, 0.7258, 0.8694, 0.702, 0.8773, 0.7906, 0.8306, 0.7513, 0.8403, 0.8398, 0.8663, 0.7843, 0.7799, 0.7469], [0.8062, 0.7834, 0.8225, 0.8065, 0.9063, 0.8206, 0.7754, 0.7669, 0.6891, 0.8108, 0.745, 0.7615, 0.853, 0.7623, 0.8954, 0.7465, 0.8615, 0.7542, 0.6928, 0.8863, 0.8231, 0.7731], [0.9076, 0.7966, 0.8655, 0.7227, 0.8487, 0.7731, 0.7917, 0.85, 0.8908, 0.8, 0.7479, 0.8487, 0.8571, 0.8571, 0.906, 0.7917, 0.8333, 0.7949, 0.7899, 0.8319, 0.8571, 0.8235], [0.8411, 0.7794, 0.8603, 0.8095, 0.876, 0.8509, 0.8315, 0.7818, 0.7885, 0.8067, 0.8348, 0.8154, 0.8749, 0.8269, 0.8733, 0.8511, 0.8215, 0.7996, 0.8639, 0.8242, 0.8009, 0.8144]]	
Results: 	[[0.7652, 0.8429, 0.7716, 0.7934, 0.7433, 0.7804, 0.8262, 0.766, 0.7874, 0.7769, 0.8677, 0.746, 0.7791, 0.8369, 0.7695, 0.7441, 0.8419, 0.8032, 0.7761, 0.7297, 0.8107, 0.8021, 0.7037], [0.693, 0.7734, 0.6834, 0.7502, 0.8111, 0.8127, 0.7765, 0.8067, 0.7763, 0.8067, 0.7334, 0.7593, 0.7751, 0.7856, 0.6997, 0.7964, 0.7864, 0.7214, 0.7138, 0.7577, 0.8028, 0.6404, 0.7438], [0.8252, 0.7331, 0.7914, 0.857, 0.7843, 0.7709, 0.8047, 0.6807, 0.7178, 0.7258, 0.8694, 0.702, 0.8773, 0.7906, 0.8306, 0.7513, 0.8403, 0.8398, 0.8663, 0.7843, 0.7799, 0.7469, 0.7761], [0.8062, 0.7834, 0.8225, 0.8065, 0.9063, 0.8206, 0.7754, 0.7669, 0.6891, 0.8108, 0.745, 0.7615, 0.853, 0.7623, 0.8954, 0.7465, 0.8615, 0.7542, 0.6928, 0.8863, 0.8231, 0.7731, 0.7815], [0.9076, 0.7966, 0.8655, 0.7227, 0.8487, 0.7731, 0.7917, 0.85, 0.8908, 0.8, 0.7479, 0.8487, 0.8571, 0.8571, 0.906, 0.7917, 0.8333, 0.7949, 0.7899, 0.8319, 0.8571, 0.8235, 0.8655], [0.8411, 0.7794, 0.8603, 0.8095, 0.876, 0.8509, 0.8315, 0.7818, 0.7885, 0.8067, 0.8348, 0.8154, 0.8749, 0.8269, 0.8733, 0.8511, 0.8215, 0.7996, 0.8639, 0.8242, 0.8009, 0.8144, 0.8647]]	
Results: 	[[0.7652, 0.8429, 0.7716, 0.7934, 0.7433, 0.7804, 0.8262, 0.766, 0.7874, 0.7769, 0.8677, 0.746, 0.7791, 0.8369, 0.7695, 0.7441, 0.8419, 0.8032, 0.7761, 0.7297, 0.8107, 0.8021, 0.7037, 0.7908], [0.693, 0.7734, 0.6834, 0.7502, 0.8111, 0.8127, 0.7765, 0.8067, 0.7763, 0.8067, 0.7334, 0.7593, 0.7751, 0.7856, 0.6997, 0.7964, 0.7864, 0.7214, 0.7138, 0.7577, 0.8028, 0.6404, 0.7438, 0.7981], [0.8252, 0.7331, 0.7914, 0.857, 0.7843, 0.7709, 0.8047, 0.6807, 0.7178, 0.7258, 0.8694, 0.702, 0.8773, 0.7906, 0.8306, 0.7513, 0.8403, 0.8398, 0.8663, 0.7843, 0.7799, 0.7469, 0.7761, 0.8067], [0.8062, 0.7834, 0.8225, 0.8065, 0.9063, 0.8206, 0.7754, 0.7669, 0.6891, 0.8108, 0.745, 0.7615, 0.853, 0.7623, 0.8954, 0.7465, 0.8615, 0.7542, 0.6928, 0.8863, 0.8231, 0.7731, 0.7815, 0.8525], [0.9076, 0.7966, 0.8655, 0.7227, 0.8487, 0.7731, 0.7917, 0.85, 0.8908, 0.8, 0.7479, 0.8487, 0.8571, 0.8571, 0.906, 0.7917, 0.8333, 0.7949, 0.7899, 0.8319, 0.8571, 0.8235, 0.8655, 0.7563], [0.8411, 0.7794, 0.8603, 0.8095, 0.876, 0.8509, 0.8315, 0.7818, 0.7885, 0.8067, 0.8348, 0.8154, 0.8749, 0.8269, 0.8733, 0.8511, 0.8215, 0.7996, 0.8639, 0.8242, 0.8009, 0.8144, 0.8647, 0.89]]	
Results: 	[[0.7652, 0.8429, 0.7716, 0.7934, 0.7433, 0.7804, 0.8262, 0.766, 0.7874, 0.7769, 0.8677, 0.746, 0.7791, 0.8369, 0.7695, 0.7441, 0.8419, 0.8032, 0.7761, 0.7297, 0.8107, 0.8021, 0.7037, 0.7908, 0.8228], [0.693, 0.7734, 0.6834, 0.7502, 0.8111, 0.8127, 0.7765, 0.8067, 0.7763, 0.8067, 0.7334, 0.7593, 0.7751, 0.7856, 0.6997, 0.7964, 0.7864, 0.7214, 0.7138, 0.7577, 0.8028, 0.6404, 0.7438, 0.7981, 0.7546], [0.8252, 0.7331, 0.7914, 0.857, 0.7843, 0.7709, 0.8047, 0.6807, 0.7178, 0.7258, 0.8694, 0.702, 0.8773, 0.7906, 0.8306, 0.7513, 0.8403, 0.8398, 0.8663, 0.7843, 0.7799, 0.7469, 0.7761, 0.8067, 0.8303], [0.8062, 0.7834, 0.8225, 0.8065, 0.9063, 0.8206, 0.7754, 0.7669, 0.6891, 0.8108, 0.745, 0.7615, 0.853, 0.7623, 0.8954, 0.7465, 0.8615, 0.7542, 0.6928, 0.8863, 0.8231, 0.7731, 0.7815, 0.8525, 0.8003], [0.9076, 0.7966, 0.8655, 0.7227, 0.8487, 0.7731, 0.7917, 0.85, 0.8908, 0.8, 0.7479, 0.8487, 0.8571, 0.8571, 0.906, 0.7917, 0.8333, 0.7949, 0.7899, 0.8319, 0.8571, 0.8235, 0.8655, 0.7563, 0.8319], [0.8411, 0.7794, 0.8603, 0.8095, 0.876, 0.8509, 0.8315, 0.7818, 0.7885, 0.8067, 0.8348, 0.8154, 0.8749, 0.8269, 0.8733, 0.8511, 0.8215, 0.7996, 0.8639, 0.8242, 0.8009, 0.8144, 0.8647, 0.89, 0.7982]]	
Results: 	[[0.7652, 0.8429, 0.7716, 0.7934, 0.7433, 0.7804, 0.8262, 0.766, 0.7874, 0.7769, 0.8677, 0.746, 0.7791, 0.8369, 0.7695, 0.7441, 0.8419, 0.8032, 0.7761, 0.7297, 0.8107, 0.8021, 0.7037, 0.7908, 0.8228, 0.8124], [0.693, 0.7734, 0.6834, 0.7502, 0.8111, 0.8127, 0.7765, 0.8067, 0.7763, 0.8067, 0.7334, 0.7593, 0.7751, 0.7856, 0.6997, 0.7964, 0.7864, 0.7214, 0.7138, 0.7577, 0.8028, 0.6404, 0.7438, 0.7981, 0.7546, 0.7485], [0.8252, 0.7331, 0.7914, 0.857, 0.7843, 0.7709, 0.8047, 0.6807, 0.7178, 0.7258, 0.8694, 0.702, 0.8773, 0.7906, 0.8306, 0.7513, 0.8403, 0.8398, 0.8663, 0.7843, 0.7799, 0.7469, 0.7761, 0.8067, 0.8303, 0.7602], [0.8062, 0.7834, 0.8225, 0.8065, 0.9063, 0.8206, 0.7754, 0.7669, 0.6891, 0.8108, 0.745, 0.7615, 0.853, 0.7623, 0.8954, 0.7465, 0.8615, 0.7542, 0.6928, 0.8863, 0.8231, 0.7731, 0.7815, 0.8525, 0.8003, 0.7727], [0.9076, 0.7966, 0.8655, 0.7227, 0.8487, 0.7731, 0.7917, 0.85, 0.8908, 0.8, 0.7479, 0.8487, 0.8571, 0.8571, 0.906, 0.7917, 0.8333, 0.7949, 0.7899, 0.8319, 0.8571, 0.8235, 0.8655, 0.7563, 0.8319, 0.85], [0.8411, 0.7794, 0.8603, 0.8095, 0.876, 0.8509, 0.8315, 0.7818, 0.7885, 0.8067, 0.8348, 0.8154, 0.8749, 0.8269, 0.8733, 0.8511, 0.8215, 0.7996, 0.8639, 0.8242, 0.8009, 0.8144, 0.8647, 0.89, 0.7982, 0.8398]]	
Results: 	[[0.7652, 0.8429, 0.7716, 0.7934, 0.7433, 0.7804, 0.8262, 0.766, 0.7874, 0.7769, 0.8677, 0.746, 0.7791, 0.8369, 0.7695, 0.7441, 0.8419, 0.8032, 0.7761, 0.7297, 0.8107, 0.8021, 0.7037, 0.7908, 0.8228, 0.8124, 0.7332], [0.693, 0.7734, 0.6834, 0.7502, 0.8111, 0.8127, 0.7765, 0.8067, 0.7763, 0.8067, 0.7334, 0.7593, 0.7751, 0.7856, 0.6997, 0.7964, 0.7864, 0.7214, 0.7138, 0.7577, 0.8028, 0.6404, 0.7438, 0.7981, 0.7546, 0.7485, 0.8406], [0.8252, 0.7331, 0.7914, 0.857, 0.7843, 0.7709, 0.8047, 0.6807, 0.7178, 0.7258, 0.8694, 0.702, 0.8773, 0.7906, 0.8306, 0.7513, 0.8403, 0.8398, 0.8663, 0.7843, 0.7799, 0.7469, 0.7761, 0.8067, 0.8303, 0.7602, 0.858], [0.8062, 0.7834, 0.8225, 0.8065, 0.9063, 0.8206, 0.7754, 0.7669, 0.6891, 0.8108, 0.745, 0.7615, 0.853, 0.7623, 0.8954, 0.7465, 0.8615, 0.7542, 0.6928, 0.8863, 0.8231, 0.7731, 0.7815, 0.8525, 0.8003, 0.7727, 0.7923], [0.9076, 0.7966, 0.8655, 0.7227, 0.8487, 0.7731, 0.7917, 0.85, 0.8908, 0.8, 0.7479, 0.8487, 0.8571, 0.8571, 0.906, 0.7917, 0.8333, 0.7949, 0.7899, 0.8319, 0.8571, 0.8235, 0.8655, 0.7563, 0.8319, 0.85, 0.8235], [0.8411, 0.7794, 0.8603, 0.8095, 0.876, 0.8509, 0.8315, 0.7818, 0.7885, 0.8067, 0.8348, 0.8154, 0.8749, 0.8269, 0.8733, 0.8511, 0.8215, 0.7996, 0.8639, 0.8242, 0.8009, 0.8144, 0.8647, 0.89, 0.7982, 0.8398, 0.8239]]	
Results: 	[[0.7652, 0.8429, 0.7716, 0.7934, 0.7433, 0.7804, 0.8262, 0.766, 0.7874, 0.7769, 0.8677, 0.746, 0.7791, 0.8369, 0.7695, 0.7441, 0.8419, 0.8032, 0.7761, 0.7297, 0.8107, 0.8021, 0.7037, 0.7908, 0.8228, 0.8124, 0.7332, 0.7872], [0.693, 0.7734, 0.6834, 0.7502, 0.8111, 0.8127, 0.7765, 0.8067, 0.7763, 0.8067, 0.7334, 0.7593, 0.7751, 0.7856, 0.6997, 0.7964, 0.7864, 0.7214, 0.7138, 0.7577, 0.8028, 0.6404, 0.7438, 0.7981, 0.7546, 0.7485, 0.8406, 0.7175], [0.8252, 0.7331, 0.7914, 0.857, 0.7843, 0.7709, 0.8047, 0.6807, 0.7178, 0.7258, 0.8694, 0.702, 0.8773, 0.7906, 0.8306, 0.7513, 0.8403, 0.8398, 0.8663, 0.7843, 0.7799, 0.7469, 0.7761, 0.8067, 0.8303, 0.7602, 0.858, 0.7339], [0.8062, 0.7834, 0.8225, 0.8065, 0.9063, 0.8206, 0.7754, 0.7669, 0.6891, 0.8108, 0.745, 0.7615, 0.853, 0.7623, 0.8954, 0.7465, 0.8615, 0.7542, 0.6928, 0.8863, 0.8231, 0.7731, 0.7815, 0.8525, 0.8003, 0.7727, 0.7923, 0.7439], [0.9076, 0.7966, 0.8655, 0.7227, 0.8487, 0.7731, 0.7917, 0.85, 0.8908, 0.8, 0.7479, 0.8487, 0.8571, 0.8571, 0.906, 0.7917, 0.8333, 0.7949, 0.7899, 0.8319, 0.8571, 0.8235, 0.8655, 0.7563, 0.8319, 0.85, 0.8235, 0.7731], [0.8411, 0.7794, 0.8603, 0.8095, 0.876, 0.8509, 0.8315, 0.7818, 0.7885, 0.8067, 0.8348, 0.8154, 0.8749, 0.8269, 0.8733, 0.8511, 0.8215, 0.7996, 0.8639, 0.8242, 0.8009, 0.8144, 0.8647, 0.89, 0.7982, 0.8398, 0.8239, 0.7358]]	
Results: 	[[0.7652, 0.8429, 0.7716, 0.7934, 0.7433, 0.7804, 0.8262, 0.766, 0.7874, 0.7769, 0.8677, 0.746, 0.7791, 0.8369, 0.7695, 0.7441, 0.8419, 0.8032, 0.7761, 0.7297, 0.8107, 0.8021, 0.7037, 0.7908, 0.8228, 0.8124, 0.7332, 0.7872, 0.7887], [0.693, 0.7734, 0.6834, 0.7502, 0.8111, 0.8127, 0.7765, 0.8067, 0.7763, 0.8067, 0.7334, 0.7593, 0.7751, 0.7856, 0.6997, 0.7964, 0.7864, 0.7214, 0.7138, 0.7577, 0.8028, 0.6404, 0.7438, 0.7981, 0.7546, 0.7485, 0.8406, 0.7175, 0.6354], [0.8252, 0.7331, 0.7914, 0.857, 0.7843, 0.7709, 0.8047, 0.6807, 0.7178, 0.7258, 0.8694, 0.702, 0.8773, 0.7906, 0.8306, 0.7513, 0.8403, 0.8398, 0.8663, 0.7843, 0.7799, 0.7469, 0.7761, 0.8067, 0.8303, 0.7602, 0.858, 0.7339, 0.7765], [0.8062, 0.7834, 0.8225, 0.8065, 0.9063, 0.8206, 0.7754, 0.7669, 0.6891, 0.8108, 0.745, 0.7615, 0.853, 0.7623, 0.8954, 0.7465, 0.8615, 0.7542, 0.6928, 0.8863, 0.8231, 0.7731, 0.7815, 0.8525, 0.8003, 0.7727, 0.7923, 0.7439, 0.7791], [0.9076, 0.7966, 0.8655, 0.7227, 0.8487, 0.7731, 0.7917, 0.85, 0.8908, 0.8, 0.7479, 0.8487, 0.8571, 0.8571, 0.906, 0.7917, 0.8333, 0.7949, 0.7899, 0.8319, 0.8571, 0.8235, 0.8655, 0.7563, 0.8319, 0.85, 0.8235, 0.7731, 0.8403], [0.8411, 0.7794, 0.8603, 0.8095, 0.876, 0.8509, 0.8315, 0.7818, 0.7885, 0.8067, 0.8348, 0.8154, 0.8749, 0.8269, 0.8733, 0.8511, 0.8215, 0.7996, 0.8639, 0.8242, 0.8009, 0.8144, 0.8647, 0.89, 0.7982, 0.8398, 0.8239, 0.7358, 0.7583]]	
Results: 	[[0.7652, 0.8429, 0.7716, 0.7934, 0.7433, 0.7804, 0.8262, 0.766, 0.7874, 0.7769, 0.8677, 0.746, 0.7791, 0.8369, 0.7695, 0.7441, 0.8419, 0.8032, 0.7761, 0.7297, 0.8107, 0.8021, 0.7037, 0.7908, 0.8228, 0.8124, 0.7332, 0.7872, 0.7887, 0.8019], [0.693, 0.7734, 0.6834, 0.7502, 0.8111, 0.8127, 0.7765, 0.8067, 0.7763, 0.8067, 0.7334, 0.7593, 0.7751, 0.7856, 0.6997, 0.7964, 0.7864, 0.7214, 0.7138, 0.7577, 0.8028, 0.6404, 0.7438, 0.7981, 0.7546, 0.7485, 0.8406, 0.7175, 0.6354, 0.8136], [0.8252, 0.7331, 0.7914, 0.857, 0.7843, 0.7709, 0.8047, 0.6807, 0.7178, 0.7258, 0.8694, 0.702, 0.8773, 0.7906, 0.8306, 0.7513, 0.8403, 0.8398, 0.8663, 0.7843, 0.7799, 0.7469, 0.7761, 0.8067, 0.8303, 0.7602, 0.858, 0.7339, 0.7765, 0.729], [0.8062, 0.7834, 0.8225, 0.8065, 0.9063, 0.8206, 0.7754, 0.7669, 0.6891, 0.8108, 0.745, 0.7615, 0.853, 0.7623, 0.8954, 0.7465, 0.8615, 0.7542, 0.6928, 0.8863, 0.8231, 0.7731, 0.7815, 0.8525, 0.8003, 0.7727, 0.7923, 0.7439, 0.7791, 0.768], [0.9076, 0.7966, 0.8655, 0.7227, 0.8487, 0.7731, 0.7917, 0.85, 0.8908, 0.8, 0.7479, 0.8487, 0.8571, 0.8571, 0.906, 0.7917, 0.8333, 0.7949, 0.7899, 0.8319, 0.8571, 0.8235, 0.8655, 0.7563, 0.8319, 0.85, 0.8235, 0.7731, 0.8403, 0.8583], [0.8411, 0.7794, 0.8603, 0.8095, 0.876, 0.8509, 0.8315, 0.7818, 0.7885, 0.8067, 0.8348, 0.8154, 0.8749, 0.8269, 0.8733, 0.8511, 0.8215, 0.7996, 0.8639, 0.8242, 0.8009, 0.8144, 0.8647, 0.89, 0.7982, 0.8398, 0.8239, 0.7358, 0.7583, 0.8527]]
Support Sets: (Mean:0.7867, SD:0.037263673722679906) | 	Support Sets: (Mean:0.7571366666666667, SD:0.051282089925493844) | 	Support Sets: (Mean:0.78801, SD:0.05351179277054023) | 	Support Sets: (Mean:0.7944233333333334, SD:0.05286892499271247) | 	Support Sets: (Mean:0.8261566666666667, SD:0.045574468679319774) | 	Support Sets: (Mean:0.8263333333333334, SD:0.03671500992813414) | 	
