Results: 	[[0.5176]]	
Results: 	[[0.5176, 0.521]]	
Results: 	[[0.5176, 0.521, 0.5165]]	
Results: 	[[0.5176, 0.521, 0.5165, 0.52]]	
Results: 	[[0.5176, 0.521, 0.5165, 0.52, 0.522]]	
Results: 	[[0.5176, 0.521, 0.5165, 0.52, 0.522, 0.5199]]	
Results: 	[[0.5176, 0.521, 0.5165, 0.52, 0.522, 0.5199, 0.521]]	
Results: 	[[0.5176, 0.521, 0.5165, 0.52, 0.522, 0.5199, 0.521, 0.5175]]	
Results: 	[[0.5176, 0.521, 0.5165, 0.52, 0.522, 0.5199, 0.521, 0.5175, 0.5203]]	
Results: 	[[0.5176, 0.521, 0.5165, 0.52, 0.522, 0.5199, 0.521, 0.5175, 0.5203, 0.5199]]	
Results: 	[[0.5176, 0.521, 0.5165, 0.52, 0.522, 0.5199, 0.521, 0.5175, 0.5203, 0.5199, 0.5178]]	
Results: 	[[0.5176, 0.521, 0.5165, 0.52, 0.522, 0.5199, 0.521, 0.5175, 0.5203, 0.5199, 0.5178, 0.5161]]	
Results: 	[[0.5176, 0.521, 0.5165, 0.52, 0.522, 0.5199, 0.521, 0.5175, 0.5203, 0.5199, 0.5178, 0.5161, 0.5195]]	
Results: 	[[0.5176, 0.521, 0.5165, 0.52, 0.522, 0.5199, 0.521, 0.5175, 0.5203, 0.5199, 0.5178, 0.5161, 0.5195, 0.5197]]	
Results: 	[[0.5176, 0.521, 0.5165, 0.52, 0.522, 0.5199, 0.521, 0.5175, 0.5203, 0.5199, 0.5178, 0.5161, 0.5195, 0.5197, 0.5175]]	
Results: 	[[0.5176, 0.521, 0.5165, 0.52, 0.522, 0.5199, 0.521, 0.5175, 0.5203, 0.5199, 0.5178, 0.5161, 0.5195, 0.5197, 0.5175, 0.5199]]	
Results: 	[[0.5176, 0.521, 0.5165, 0.52, 0.522, 0.5199, 0.521, 0.5175, 0.5203, 0.5199, 0.5178, 0.5161, 0.5195, 0.5197, 0.5175, 0.5199, 0.5205]]	
Results: 	[[0.5176, 0.521, 0.5165, 0.52, 0.522, 0.5199, 0.521, 0.5175, 0.5203, 0.5199, 0.5178, 0.5161, 0.5195, 0.5197, 0.5175, 0.5199, 0.5205, 0.5192]]	
Results: 	[[0.5176, 0.521, 0.5165, 0.52, 0.522, 0.5199, 0.521, 0.5175, 0.5203, 0.5199, 0.5178, 0.5161, 0.5195, 0.5197, 0.5175, 0.5199, 0.5205, 0.5192, 0.5185]]	
Results: 	[[0.5176, 0.521, 0.5165, 0.52, 0.522, 0.5199, 0.521, 0.5175, 0.5203, 0.5199, 0.5178, 0.5161, 0.5195, 0.5197, 0.5175, 0.5199, 0.5205, 0.5192, 0.5185, 0.5187]]	
Results: 	[[0.5176, 0.521, 0.5165, 0.52, 0.522, 0.5199, 0.521, 0.5175, 0.5203, 0.5199, 0.5178, 0.5161, 0.5195, 0.5197, 0.5175, 0.5199, 0.5205, 0.5192, 0.5185, 0.5187, 0.5188]]	
Results: 	[[0.5176, 0.521, 0.5165, 0.52, 0.522, 0.5199, 0.521, 0.5175, 0.5203, 0.5199, 0.5178, 0.5161, 0.5195, 0.5197, 0.5175, 0.5199, 0.5205, 0.5192, 0.5185, 0.5187, 0.5188, 0.5197]]	
Results: 	[[0.5176, 0.521, 0.5165, 0.52, 0.522, 0.5199, 0.521, 0.5175, 0.5203, 0.5199, 0.5178, 0.5161, 0.5195, 0.5197, 0.5175, 0.5199, 0.5205, 0.5192, 0.5185, 0.5187, 0.5188, 0.5197, 0.5204]]	
Results: 	[[0.5176, 0.521, 0.5165, 0.52, 0.522, 0.5199, 0.521, 0.5175, 0.5203, 0.5199, 0.5178, 0.5161, 0.5195, 0.5197, 0.5175, 0.5199, 0.5205, 0.5192, 0.5185, 0.5187, 0.5188, 0.5197, 0.5204, 0.5208]]	
Results: 	[[0.5176, 0.521, 0.5165, 0.52, 0.522, 0.5199, 0.521, 0.5175, 0.5203, 0.5199, 0.5178, 0.5161, 0.5195, 0.5197, 0.5175, 0.5199, 0.5205, 0.5192, 0.5185, 0.5187, 0.5188, 0.5197, 0.5204, 0.5208, 0.5214]]	
Results: 	[[0.5176, 0.521, 0.5165, 0.52, 0.522, 0.5199, 0.521, 0.5175, 0.5203, 0.5199, 0.5178, 0.5161, 0.5195, 0.5197, 0.5175, 0.5199, 0.5205, 0.5192, 0.5185, 0.5187, 0.5188, 0.5197, 0.5204, 0.5208, 0.5214, 0.5208]]	
Results: 	[[0.5176, 0.521, 0.5165, 0.52, 0.522, 0.5199, 0.521, 0.5175, 0.5203, 0.5199, 0.5178, 0.5161, 0.5195, 0.5197, 0.5175, 0.5199, 0.5205, 0.5192, 0.5185, 0.5187, 0.5188, 0.5197, 0.5204, 0.5208, 0.5214, 0.5208, 0.5209]]	
Results: 	[[0.5176, 0.521, 0.5165, 0.52, 0.522, 0.5199, 0.521, 0.5175, 0.5203, 0.5199, 0.5178, 0.5161, 0.5195, 0.5197, 0.5175, 0.5199, 0.5205, 0.5192, 0.5185, 0.5187, 0.5188, 0.5197, 0.5204, 0.5208, 0.5214, 0.5208, 0.5209, 0.5187]]	
Results: 	[[0.5176, 0.521, 0.5165, 0.52, 0.522, 0.5199, 0.521, 0.5175, 0.5203, 0.5199, 0.5178, 0.5161, 0.5195, 0.5197, 0.5175, 0.5199, 0.5205, 0.5192, 0.5185, 0.5187, 0.5188, 0.5197, 0.5204, 0.5208, 0.5214, 0.5208, 0.5209, 0.5187, 0.519]]	
Results: 	[[0.5176, 0.521, 0.5165, 0.52, 0.522, 0.5199, 0.521, 0.5175, 0.5203, 0.5199, 0.5178, 0.5161, 0.5195, 0.5197, 0.5175, 0.5199, 0.5205, 0.5192, 0.5185, 0.5187, 0.5188, 0.5197, 0.5204, 0.5208, 0.5214, 0.5208, 0.5209, 0.5187, 0.519, 0.5185]]
30 Support Sets: (Mean:0.5194033333333333, SD:0.001460392798680141) | 	
Results: 	[[0.5184, 0.5224, 0.5192, 0.5192, 0.5216, 0.5192, 0.5173, 0.5203, 0.5235, 0.5213, 0.5183, 0.5181, 0.5185, 0.52, 0.5222, 0.5191, 0.5209, 0.5214, 0.5204, 0.5209, 0.5203, 0.5219, 0.5203, 0.5192, 0.5196, 0.519, 0.5193, 0.5186, 0.5186, 0.5201]]