Results: 	[[0.5988], [0.7077], [0.6022], [0.5906], [0.582], [0.64]]	
Results: 	[[0.5988, 0.6107], [0.7077, 0.7256], [0.6022, 0.6043], [0.5906, 0.5782], [0.582, 0.5907], [0.64, 0.646]]	
Results: 	[[0.5988, 0.6107, 0.6011], [0.7077, 0.7256, 0.6963], [0.6022, 0.6043, 0.6079], [0.5906, 0.5782, 0.5787], [0.582, 0.5907, 0.601], [0.64, 0.646, 0.6578]]	
Results: 	[[0.5988, 0.6107, 0.6011, 0.5666], [0.7077, 0.7256, 0.6963, 0.7087], [0.6022, 0.6043, 0.6079, 0.628], [0.5906, 0.5782, 0.5787, 0.5922], [0.582, 0.5907, 0.601, 0.5637], [0.64, 0.646, 0.6578, 0.6306]]	
Results: 	[[0.5988, 0.6107, 0.6011, 0.5666, 0.5812], [0.7077, 0.7256, 0.6963, 0.7087, 0.6706], [0.6022, 0.6043, 0.6079, 0.628, 0.6166], [0.5906, 0.5782, 0.5787, 0.5922, 0.5812], [0.582, 0.5907, 0.601, 0.5637, 0.5684], [0.64, 0.646, 0.6578, 0.6306, 0.6612]]	
Results: 	[[0.5988, 0.6107, 0.6011, 0.5666, 0.5812, 0.6043], [0.7077, 0.7256, 0.6963, 0.7087, 0.6706, 0.7034], [0.6022, 0.6043, 0.6079, 0.628, 0.6166, 0.6067], [0.5906, 0.5782, 0.5787, 0.5922, 0.5812, 0.5969], [0.582, 0.5907, 0.601, 0.5637, 0.5684, 0.5733], [0.64, 0.646, 0.6578, 0.6306, 0.6612, 0.6564]]	
Results: 	[[0.5988, 0.6107, 0.6011, 0.5666, 0.5812, 0.6043, 0.5809], [0.7077, 0.7256, 0.6963, 0.7087, 0.6706, 0.7034, 0.6972], [0.6022, 0.6043, 0.6079, 0.628, 0.6166, 0.6067, 0.6071], [0.5906, 0.5782, 0.5787, 0.5922, 0.5812, 0.5969, 0.6009], [0.582, 0.5907, 0.601, 0.5637, 0.5684, 0.5733, 0.5729], [0.64, 0.646, 0.6578, 0.6306, 0.6612, 0.6564, 0.6397]]	
Results: 	[[0.5988, 0.6107, 0.6011, 0.5666, 0.5812, 0.6043, 0.5809, 0.6011], [0.7077, 0.7256, 0.6963, 0.7087, 0.6706, 0.7034, 0.6972, 0.7118], [0.6022, 0.6043, 0.6079, 0.628, 0.6166, 0.6067, 0.6071, 0.6243], [0.5906, 0.5782, 0.5787, 0.5922, 0.5812, 0.5969, 0.6009, 0.5597], [0.582, 0.5907, 0.601, 0.5637, 0.5684, 0.5733, 0.5729, 0.6044], [0.64, 0.646, 0.6578, 0.6306, 0.6612, 0.6564, 0.6397, 0.6454]]	
Results: 	[[0.5988, 0.6107, 0.6011, 0.5666, 0.5812, 0.6043, 0.5809, 0.6011, 0.6077], [0.7077, 0.7256, 0.6963, 0.7087, 0.6706, 0.7034, 0.6972, 0.7118, 0.6995], [0.6022, 0.6043, 0.6079, 0.628, 0.6166, 0.6067, 0.6071, 0.6243, 0.609], [0.5906, 0.5782, 0.5787, 0.5922, 0.5812, 0.5969, 0.6009, 0.5597, 0.599], [0.582, 0.5907, 0.601, 0.5637, 0.5684, 0.5733, 0.5729, 0.6044, 0.5694], [0.64, 0.646, 0.6578, 0.6306, 0.6612, 0.6564, 0.6397, 0.6454, 0.6358]]	
Results: 	[[0.5988, 0.6107, 0.6011, 0.5666, 0.5812, 0.6043, 0.5809, 0.6011, 0.6077, 0.6032], [0.7077, 0.7256, 0.6963, 0.7087, 0.6706, 0.7034, 0.6972, 0.7118, 0.6995, 0.6858], [0.6022, 0.6043, 0.6079, 0.628, 0.6166, 0.6067, 0.6071, 0.6243, 0.609, 0.601], [0.5906, 0.5782, 0.5787, 0.5922, 0.5812, 0.5969, 0.6009, 0.5597, 0.599, 0.5948], [0.582, 0.5907, 0.601, 0.5637, 0.5684, 0.5733, 0.5729, 0.6044, 0.5694, 0.5519], [0.64, 0.646, 0.6578, 0.6306, 0.6612, 0.6564, 0.6397, 0.6454, 0.6358, 0.6478]]	
Results: 	[[0.5988, 0.6107, 0.6011, 0.5666, 0.5812, 0.6043, 0.5809, 0.6011, 0.6077, 0.6032, 0.5834], [0.7077, 0.7256, 0.6963, 0.7087, 0.6706, 0.7034, 0.6972, 0.7118, 0.6995, 0.6858, 0.7104], [0.6022, 0.6043, 0.6079, 0.628, 0.6166, 0.6067, 0.6071, 0.6243, 0.609, 0.601, 0.5998], [0.5906, 0.5782, 0.5787, 0.5922, 0.5812, 0.5969, 0.6009, 0.5597, 0.599, 0.5948, 0.5813], [0.582, 0.5907, 0.601, 0.5637, 0.5684, 0.5733, 0.5729, 0.6044, 0.5694, 0.5519, 0.5787], [0.64, 0.646, 0.6578, 0.6306, 0.6612, 0.6564, 0.6397, 0.6454, 0.6358, 0.6478, 0.6306]]	
Results: 	[[0.5988, 0.6107, 0.6011, 0.5666, 0.5812, 0.6043, 0.5809, 0.6011, 0.6077, 0.6032, 0.5834, 0.5995], [0.7077, 0.7256, 0.6963, 0.7087, 0.6706, 0.7034, 0.6972, 0.7118, 0.6995, 0.6858, 0.7104, 0.7368], [0.6022, 0.6043, 0.6079, 0.628, 0.6166, 0.6067, 0.6071, 0.6243, 0.609, 0.601, 0.5998, 0.6225], [0.5906, 0.5782, 0.5787, 0.5922, 0.5812, 0.5969, 0.6009, 0.5597, 0.599, 0.5948, 0.5813, 0.5969], [0.582, 0.5907, 0.601, 0.5637, 0.5684, 0.5733, 0.5729, 0.6044, 0.5694, 0.5519, 0.5787, 0.5734], [0.64, 0.646, 0.6578, 0.6306, 0.6612, 0.6564, 0.6397, 0.6454, 0.6358, 0.6478, 0.6306, 0.6479]]	
Results: 	[[0.5988, 0.6107, 0.6011, 0.5666, 0.5812, 0.6043, 0.5809, 0.6011, 0.6077, 0.6032, 0.5834, 0.5995, 0.5739], [0.7077, 0.7256, 0.6963, 0.7087, 0.6706, 0.7034, 0.6972, 0.7118, 0.6995, 0.6858, 0.7104, 0.7368, 0.7149], [0.6022, 0.6043, 0.6079, 0.628, 0.6166, 0.6067, 0.6071, 0.6243, 0.609, 0.601, 0.5998, 0.6225, 0.6042], [0.5906, 0.5782, 0.5787, 0.5922, 0.5812, 0.5969, 0.6009, 0.5597, 0.599, 0.5948, 0.5813, 0.5969, 0.5969], [0.582, 0.5907, 0.601, 0.5637, 0.5684, 0.5733, 0.5729, 0.6044, 0.5694, 0.5519, 0.5787, 0.5734, 0.58], [0.64, 0.646, 0.6578, 0.6306, 0.6612, 0.6564, 0.6397, 0.6454, 0.6358, 0.6478, 0.6306, 0.6479, 0.6463]]	
Results: 	[[0.5988, 0.6107, 0.6011, 0.5666, 0.5812, 0.6043, 0.5809, 0.6011, 0.6077, 0.6032, 0.5834, 0.5995, 0.5739, 0.6068], [0.7077, 0.7256, 0.6963, 0.7087, 0.6706, 0.7034, 0.6972, 0.7118, 0.6995, 0.6858, 0.7104, 0.7368, 0.7149, 0.7129], [0.6022, 0.6043, 0.6079, 0.628, 0.6166, 0.6067, 0.6071, 0.6243, 0.609, 0.601, 0.5998, 0.6225, 0.6042, 0.6249], [0.5906, 0.5782, 0.5787, 0.5922, 0.5812, 0.5969, 0.6009, 0.5597, 0.599, 0.5948, 0.5813, 0.5969, 0.5969, 0.5976], [0.582, 0.5907, 0.601, 0.5637, 0.5684, 0.5733, 0.5729, 0.6044, 0.5694, 0.5519, 0.5787, 0.5734, 0.58, 0.5689], [0.64, 0.646, 0.6578, 0.6306, 0.6612, 0.6564, 0.6397, 0.6454, 0.6358, 0.6478, 0.6306, 0.6479, 0.6463, 0.6436]]	
Results: 	[[0.5988, 0.6107, 0.6011, 0.5666, 0.5812, 0.6043, 0.5809, 0.6011, 0.6077, 0.6032, 0.5834, 0.5995, 0.5739, 0.6068, 0.596], [0.7077, 0.7256, 0.6963, 0.7087, 0.6706, 0.7034, 0.6972, 0.7118, 0.6995, 0.6858, 0.7104, 0.7368, 0.7149, 0.7129, 0.7234], [0.6022, 0.6043, 0.6079, 0.628, 0.6166, 0.6067, 0.6071, 0.6243, 0.609, 0.601, 0.5998, 0.6225, 0.6042, 0.6249, 0.6142], [0.5906, 0.5782, 0.5787, 0.5922, 0.5812, 0.5969, 0.6009, 0.5597, 0.599, 0.5948, 0.5813, 0.5969, 0.5969, 0.5976, 0.5825], [0.582, 0.5907, 0.601, 0.5637, 0.5684, 0.5733, 0.5729, 0.6044, 0.5694, 0.5519, 0.5787, 0.5734, 0.58, 0.5689, 0.5628], [0.64, 0.646, 0.6578, 0.6306, 0.6612, 0.6564, 0.6397, 0.6454, 0.6358, 0.6478, 0.6306, 0.6479, 0.6463, 0.6436, 0.6389]]	
Results: 	[[0.5988, 0.6107, 0.6011, 0.5666, 0.5812, 0.6043, 0.5809, 0.6011, 0.6077, 0.6032, 0.5834, 0.5995, 0.5739, 0.6068, 0.596, 0.6067], [0.7077, 0.7256, 0.6963, 0.7087, 0.6706, 0.7034, 0.6972, 0.7118, 0.6995, 0.6858, 0.7104, 0.7368, 0.7149, 0.7129, 0.7234, 0.7246], [0.6022, 0.6043, 0.6079, 0.628, 0.6166, 0.6067, 0.6071, 0.6243, 0.609, 0.601, 0.5998, 0.6225, 0.6042, 0.6249, 0.6142, 0.6344], [0.5906, 0.5782, 0.5787, 0.5922, 0.5812, 0.5969, 0.6009, 0.5597, 0.599, 0.5948, 0.5813, 0.5969, 0.5969, 0.5976, 0.5825, 0.5804], [0.582, 0.5907, 0.601, 0.5637, 0.5684, 0.5733, 0.5729, 0.6044, 0.5694, 0.5519, 0.5787, 0.5734, 0.58, 0.5689, 0.5628, 0.5742], [0.64, 0.646, 0.6578, 0.6306, 0.6612, 0.6564, 0.6397, 0.6454, 0.6358, 0.6478, 0.6306, 0.6479, 0.6463, 0.6436, 0.6389, 0.6395]]	
Results: 	[[0.5988, 0.6107, 0.6011, 0.5666, 0.5812, 0.6043, 0.5809, 0.6011, 0.6077, 0.6032, 0.5834, 0.5995, 0.5739, 0.6068, 0.596, 0.6067, 0.5916], [0.7077, 0.7256, 0.6963, 0.7087, 0.6706, 0.7034, 0.6972, 0.7118, 0.6995, 0.6858, 0.7104, 0.7368, 0.7149, 0.7129, 0.7234, 0.7246, 0.7085], [0.6022, 0.6043, 0.6079, 0.628, 0.6166, 0.6067, 0.6071, 0.6243, 0.609, 0.601, 0.5998, 0.6225, 0.6042, 0.6249, 0.6142, 0.6344, 0.6181], [0.5906, 0.5782, 0.5787, 0.5922, 0.5812, 0.5969, 0.6009, 0.5597, 0.599, 0.5948, 0.5813, 0.5969, 0.5969, 0.5976, 0.5825, 0.5804, 0.6], [0.582, 0.5907, 0.601, 0.5637, 0.5684, 0.5733, 0.5729, 0.6044, 0.5694, 0.5519, 0.5787, 0.5734, 0.58, 0.5689, 0.5628, 0.5742, 0.5979], [0.64, 0.646, 0.6578, 0.6306, 0.6612, 0.6564, 0.6397, 0.6454, 0.6358, 0.6478, 0.6306, 0.6479, 0.6463, 0.6436, 0.6389, 0.6395, 0.6606]]	
Results: 	[[0.5988, 0.6107, 0.6011, 0.5666, 0.5812, 0.6043, 0.5809, 0.6011, 0.6077, 0.6032, 0.5834, 0.5995, 0.5739, 0.6068, 0.596, 0.6067, 0.5916, 0.5914], [0.7077, 0.7256, 0.6963, 0.7087, 0.6706, 0.7034, 0.6972, 0.7118, 0.6995, 0.6858, 0.7104, 0.7368, 0.7149, 0.7129, 0.7234, 0.7246, 0.7085, 0.6971], [0.6022, 0.6043, 0.6079, 0.628, 0.6166, 0.6067, 0.6071, 0.6243, 0.609, 0.601, 0.5998, 0.6225, 0.6042, 0.6249, 0.6142, 0.6344, 0.6181, 0.6118], [0.5906, 0.5782, 0.5787, 0.5922, 0.5812, 0.5969, 0.6009, 0.5597, 0.599, 0.5948, 0.5813, 0.5969, 0.5969, 0.5976, 0.5825, 0.5804, 0.6, 0.5989], [0.582, 0.5907, 0.601, 0.5637, 0.5684, 0.5733, 0.5729, 0.6044, 0.5694, 0.5519, 0.5787, 0.5734, 0.58, 0.5689, 0.5628, 0.5742, 0.5979, 0.5917], [0.64, 0.646, 0.6578, 0.6306, 0.6612, 0.6564, 0.6397, 0.6454, 0.6358, 0.6478, 0.6306, 0.6479, 0.6463, 0.6436, 0.6389, 0.6395, 0.6606, 0.6496]]	
Results: 	[[0.5988, 0.6107, 0.6011, 0.5666, 0.5812, 0.6043, 0.5809, 0.6011, 0.6077, 0.6032, 0.5834, 0.5995, 0.5739, 0.6068, 0.596, 0.6067, 0.5916, 0.5914, 0.6004], [0.7077, 0.7256, 0.6963, 0.7087, 0.6706, 0.7034, 0.6972, 0.7118, 0.6995, 0.6858, 0.7104, 0.7368, 0.7149, 0.7129, 0.7234, 0.7246, 0.7085, 0.6971, 0.7092], [0.6022, 0.6043, 0.6079, 0.628, 0.6166, 0.6067, 0.6071, 0.6243, 0.609, 0.601, 0.5998, 0.6225, 0.6042, 0.6249, 0.6142, 0.6344, 0.6181, 0.6118, 0.6177], [0.5906, 0.5782, 0.5787, 0.5922, 0.5812, 0.5969, 0.6009, 0.5597, 0.599, 0.5948, 0.5813, 0.5969, 0.5969, 0.5976, 0.5825, 0.5804, 0.6, 0.5989, 0.5959], [0.582, 0.5907, 0.601, 0.5637, 0.5684, 0.5733, 0.5729, 0.6044, 0.5694, 0.5519, 0.5787, 0.5734, 0.58, 0.5689, 0.5628, 0.5742, 0.5979, 0.5917, 0.583], [0.64, 0.646, 0.6578, 0.6306, 0.6612, 0.6564, 0.6397, 0.6454, 0.6358, 0.6478, 0.6306, 0.6479, 0.6463, 0.6436, 0.6389, 0.6395, 0.6606, 0.6496, 0.6565]]	
Results: 	[[0.5988, 0.6107, 0.6011, 0.5666, 0.5812, 0.6043, 0.5809, 0.6011, 0.6077, 0.6032, 0.5834, 0.5995, 0.5739, 0.6068, 0.596, 0.6067, 0.5916, 0.5914, 0.6004, 0.5989], [0.7077, 0.7256, 0.6963, 0.7087, 0.6706, 0.7034, 0.6972, 0.7118, 0.6995, 0.6858, 0.7104, 0.7368, 0.7149, 0.7129, 0.7234, 0.7246, 0.7085, 0.6971, 0.7092, 0.6845], [0.6022, 0.6043, 0.6079, 0.628, 0.6166, 0.6067, 0.6071, 0.6243, 0.609, 0.601, 0.5998, 0.6225, 0.6042, 0.6249, 0.6142, 0.6344, 0.6181, 0.6118, 0.6177, 0.6193], [0.5906, 0.5782, 0.5787, 0.5922, 0.5812, 0.5969, 0.6009, 0.5597, 0.599, 0.5948, 0.5813, 0.5969, 0.5969, 0.5976, 0.5825, 0.5804, 0.6, 0.5989, 0.5959, 0.5894], [0.582, 0.5907, 0.601, 0.5637, 0.5684, 0.5733, 0.5729, 0.6044, 0.5694, 0.5519, 0.5787, 0.5734, 0.58, 0.5689, 0.5628, 0.5742, 0.5979, 0.5917, 0.583, 0.5893], [0.64, 0.646, 0.6578, 0.6306, 0.6612, 0.6564, 0.6397, 0.6454, 0.6358, 0.6478, 0.6306, 0.6479, 0.6463, 0.6436, 0.6389, 0.6395, 0.6606, 0.6496, 0.6565, 0.6407]]	
Results: 	[[0.5988, 0.6107, 0.6011, 0.5666, 0.5812, 0.6043, 0.5809, 0.6011, 0.6077, 0.6032, 0.5834, 0.5995, 0.5739, 0.6068, 0.596, 0.6067, 0.5916, 0.5914, 0.6004, 0.5989, 0.6015], [0.7077, 0.7256, 0.6963, 0.7087, 0.6706, 0.7034, 0.6972, 0.7118, 0.6995, 0.6858, 0.7104, 0.7368, 0.7149, 0.7129, 0.7234, 0.7246, 0.7085, 0.6971, 0.7092, 0.6845, 0.7335], [0.6022, 0.6043, 0.6079, 0.628, 0.6166, 0.6067, 0.6071, 0.6243, 0.609, 0.601, 0.5998, 0.6225, 0.6042, 0.6249, 0.6142, 0.6344, 0.6181, 0.6118, 0.6177, 0.6193, 0.5476], [0.5906, 0.5782, 0.5787, 0.5922, 0.5812, 0.5969, 0.6009, 0.5597, 0.599, 0.5948, 0.5813, 0.5969, 0.5969, 0.5976, 0.5825, 0.5804, 0.6, 0.5989, 0.5959, 0.5894, 0.6007], [0.582, 0.5907, 0.601, 0.5637, 0.5684, 0.5733, 0.5729, 0.6044, 0.5694, 0.5519, 0.5787, 0.5734, 0.58, 0.5689, 0.5628, 0.5742, 0.5979, 0.5917, 0.583, 0.5893, 0.5698], [0.64, 0.646, 0.6578, 0.6306, 0.6612, 0.6564, 0.6397, 0.6454, 0.6358, 0.6478, 0.6306, 0.6479, 0.6463, 0.6436, 0.6389, 0.6395, 0.6606, 0.6496, 0.6565, 0.6407, 0.6388]]	
Results: 	[[0.5988, 0.6107, 0.6011, 0.5666, 0.5812, 0.6043, 0.5809, 0.6011, 0.6077, 0.6032, 0.5834, 0.5995, 0.5739, 0.6068, 0.596, 0.6067, 0.5916, 0.5914, 0.6004, 0.5989, 0.6015, 0.5897], [0.7077, 0.7256, 0.6963, 0.7087, 0.6706, 0.7034, 0.6972, 0.7118, 0.6995, 0.6858, 0.7104, 0.7368, 0.7149, 0.7129, 0.7234, 0.7246, 0.7085, 0.6971, 0.7092, 0.6845, 0.7335, 0.7192], [0.6022, 0.6043, 0.6079, 0.628, 0.6166, 0.6067, 0.6071, 0.6243, 0.609, 0.601, 0.5998, 0.6225, 0.6042, 0.6249, 0.6142, 0.6344, 0.6181, 0.6118, 0.6177, 0.6193, 0.5476, 0.6061], [0.5906, 0.5782, 0.5787, 0.5922, 0.5812, 0.5969, 0.6009, 0.5597, 0.599, 0.5948, 0.5813, 0.5969, 0.5969, 0.5976, 0.5825, 0.5804, 0.6, 0.5989, 0.5959, 0.5894, 0.6007, 0.5969], [0.582, 0.5907, 0.601, 0.5637, 0.5684, 0.5733, 0.5729, 0.6044, 0.5694, 0.5519, 0.5787, 0.5734, 0.58, 0.5689, 0.5628, 0.5742, 0.5979, 0.5917, 0.583, 0.5893, 0.5698, 0.567], [0.64, 0.646, 0.6578, 0.6306, 0.6612, 0.6564, 0.6397, 0.6454, 0.6358, 0.6478, 0.6306, 0.6479, 0.6463, 0.6436, 0.6389, 0.6395, 0.6606, 0.6496, 0.6565, 0.6407, 0.6388, 0.6211]]	
Results: 	[[0.5988, 0.6107, 0.6011, 0.5666, 0.5812, 0.6043, 0.5809, 0.6011, 0.6077, 0.6032, 0.5834, 0.5995, 0.5739, 0.6068, 0.596, 0.6067, 0.5916, 0.5914, 0.6004, 0.5989, 0.6015, 0.5897, 0.6007], [0.7077, 0.7256, 0.6963, 0.7087, 0.6706, 0.7034, 0.6972, 0.7118, 0.6995, 0.6858, 0.7104, 0.7368, 0.7149, 0.7129, 0.7234, 0.7246, 0.7085, 0.6971, 0.7092, 0.6845, 0.7335, 0.7192, 0.7269], [0.6022, 0.6043, 0.6079, 0.628, 0.6166, 0.6067, 0.6071, 0.6243, 0.609, 0.601, 0.5998, 0.6225, 0.6042, 0.6249, 0.6142, 0.6344, 0.6181, 0.6118, 0.6177, 0.6193, 0.5476, 0.6061, 0.6362], [0.5906, 0.5782, 0.5787, 0.5922, 0.5812, 0.5969, 0.6009, 0.5597, 0.599, 0.5948, 0.5813, 0.5969, 0.5969, 0.5976, 0.5825, 0.5804, 0.6, 0.5989, 0.5959, 0.5894, 0.6007, 0.5969, 0.5941], [0.582, 0.5907, 0.601, 0.5637, 0.5684, 0.5733, 0.5729, 0.6044, 0.5694, 0.5519, 0.5787, 0.5734, 0.58, 0.5689, 0.5628, 0.5742, 0.5979, 0.5917, 0.583, 0.5893, 0.5698, 0.567, 0.5771], [0.64, 0.646, 0.6578, 0.6306, 0.6612, 0.6564, 0.6397, 0.6454, 0.6358, 0.6478, 0.6306, 0.6479, 0.6463, 0.6436, 0.6389, 0.6395, 0.6606, 0.6496, 0.6565, 0.6407, 0.6388, 0.6211, 0.6414]]	
Results: 	[[0.5988, 0.6107, 0.6011, 0.5666, 0.5812, 0.6043, 0.5809, 0.6011, 0.6077, 0.6032, 0.5834, 0.5995, 0.5739, 0.6068, 0.596, 0.6067, 0.5916, 0.5914, 0.6004, 0.5989, 0.6015, 0.5897, 0.6007, 0.6033], [0.7077, 0.7256, 0.6963, 0.7087, 0.6706, 0.7034, 0.6972, 0.7118, 0.6995, 0.6858, 0.7104, 0.7368, 0.7149, 0.7129, 0.7234, 0.7246, 0.7085, 0.6971, 0.7092, 0.6845, 0.7335, 0.7192, 0.7269, 0.7316], [0.6022, 0.6043, 0.6079, 0.628, 0.6166, 0.6067, 0.6071, 0.6243, 0.609, 0.601, 0.5998, 0.6225, 0.6042, 0.6249, 0.6142, 0.6344, 0.6181, 0.6118, 0.6177, 0.6193, 0.5476, 0.6061, 0.6362, 0.6209], [0.5906, 0.5782, 0.5787, 0.5922, 0.5812, 0.5969, 0.6009, 0.5597, 0.599, 0.5948, 0.5813, 0.5969, 0.5969, 0.5976, 0.5825, 0.5804, 0.6, 0.5989, 0.5959, 0.5894, 0.6007, 0.5969, 0.5941, 0.575], [0.582, 0.5907, 0.601, 0.5637, 0.5684, 0.5733, 0.5729, 0.6044, 0.5694, 0.5519, 0.5787, 0.5734, 0.58, 0.5689, 0.5628, 0.5742, 0.5979, 0.5917, 0.583, 0.5893, 0.5698, 0.567, 0.5771, 0.5899], [0.64, 0.646, 0.6578, 0.6306, 0.6612, 0.6564, 0.6397, 0.6454, 0.6358, 0.6478, 0.6306, 0.6479, 0.6463, 0.6436, 0.6389, 0.6395, 0.6606, 0.6496, 0.6565, 0.6407, 0.6388, 0.6211, 0.6414, 0.6283]]	
Results: 	[[0.5988, 0.6107, 0.6011, 0.5666, 0.5812, 0.6043, 0.5809, 0.6011, 0.6077, 0.6032, 0.5834, 0.5995, 0.5739, 0.6068, 0.596, 0.6067, 0.5916, 0.5914, 0.6004, 0.5989, 0.6015, 0.5897, 0.6007, 0.6033, 0.593], [0.7077, 0.7256, 0.6963, 0.7087, 0.6706, 0.7034, 0.6972, 0.7118, 0.6995, 0.6858, 0.7104, 0.7368, 0.7149, 0.7129, 0.7234, 0.7246, 0.7085, 0.6971, 0.7092, 0.6845, 0.7335, 0.7192, 0.7269, 0.7316, 0.6658], [0.6022, 0.6043, 0.6079, 0.628, 0.6166, 0.6067, 0.6071, 0.6243, 0.609, 0.601, 0.5998, 0.6225, 0.6042, 0.6249, 0.6142, 0.6344, 0.6181, 0.6118, 0.6177, 0.6193, 0.5476, 0.6061, 0.6362, 0.6209, 0.6195], [0.5906, 0.5782, 0.5787, 0.5922, 0.5812, 0.5969, 0.6009, 0.5597, 0.599, 0.5948, 0.5813, 0.5969, 0.5969, 0.5976, 0.5825, 0.5804, 0.6, 0.5989, 0.5959, 0.5894, 0.6007, 0.5969, 0.5941, 0.575, 0.581], [0.582, 0.5907, 0.601, 0.5637, 0.5684, 0.5733, 0.5729, 0.6044, 0.5694, 0.5519, 0.5787, 0.5734, 0.58, 0.5689, 0.5628, 0.5742, 0.5979, 0.5917, 0.583, 0.5893, 0.5698, 0.567, 0.5771, 0.5899, 0.5775], [0.64, 0.646, 0.6578, 0.6306, 0.6612, 0.6564, 0.6397, 0.6454, 0.6358, 0.6478, 0.6306, 0.6479, 0.6463, 0.6436, 0.6389, 0.6395, 0.6606, 0.6496, 0.6565, 0.6407, 0.6388, 0.6211, 0.6414, 0.6283, 0.6328]]	
Results: 	[[0.5988, 0.6107, 0.6011, 0.5666, 0.5812, 0.6043, 0.5809, 0.6011, 0.6077, 0.6032, 0.5834, 0.5995, 0.5739, 0.6068, 0.596, 0.6067, 0.5916, 0.5914, 0.6004, 0.5989, 0.6015, 0.5897, 0.6007, 0.6033, 0.593, 0.6051], [0.7077, 0.7256, 0.6963, 0.7087, 0.6706, 0.7034, 0.6972, 0.7118, 0.6995, 0.6858, 0.7104, 0.7368, 0.7149, 0.7129, 0.7234, 0.7246, 0.7085, 0.6971, 0.7092, 0.6845, 0.7335, 0.7192, 0.7269, 0.7316, 0.6658, 0.713], [0.6022, 0.6043, 0.6079, 0.628, 0.6166, 0.6067, 0.6071, 0.6243, 0.609, 0.601, 0.5998, 0.6225, 0.6042, 0.6249, 0.6142, 0.6344, 0.6181, 0.6118, 0.6177, 0.6193, 0.5476, 0.6061, 0.6362, 0.6209, 0.6195, 0.6222], [0.5906, 0.5782, 0.5787, 0.5922, 0.5812, 0.5969, 0.6009, 0.5597, 0.599, 0.5948, 0.5813, 0.5969, 0.5969, 0.5976, 0.5825, 0.5804, 0.6, 0.5989, 0.5959, 0.5894, 0.6007, 0.5969, 0.5941, 0.575, 0.581, 0.5923], [0.582, 0.5907, 0.601, 0.5637, 0.5684, 0.5733, 0.5729, 0.6044, 0.5694, 0.5519, 0.5787, 0.5734, 0.58, 0.5689, 0.5628, 0.5742, 0.5979, 0.5917, 0.583, 0.5893, 0.5698, 0.567, 0.5771, 0.5899, 0.5775, 0.5739], [0.64, 0.646, 0.6578, 0.6306, 0.6612, 0.6564, 0.6397, 0.6454, 0.6358, 0.6478, 0.6306, 0.6479, 0.6463, 0.6436, 0.6389, 0.6395, 0.6606, 0.6496, 0.6565, 0.6407, 0.6388, 0.6211, 0.6414, 0.6283, 0.6328, 0.6309]]	
Results: 	[[0.5988, 0.6107, 0.6011, 0.5666, 0.5812, 0.6043, 0.5809, 0.6011, 0.6077, 0.6032, 0.5834, 0.5995, 0.5739, 0.6068, 0.596, 0.6067, 0.5916, 0.5914, 0.6004, 0.5989, 0.6015, 0.5897, 0.6007, 0.6033, 0.593, 0.6051, 0.5996], [0.7077, 0.7256, 0.6963, 0.7087, 0.6706, 0.7034, 0.6972, 0.7118, 0.6995, 0.6858, 0.7104, 0.7368, 0.7149, 0.7129, 0.7234, 0.7246, 0.7085, 0.6971, 0.7092, 0.6845, 0.7335, 0.7192, 0.7269, 0.7316, 0.6658, 0.713, 0.7308], [0.6022, 0.6043, 0.6079, 0.628, 0.6166, 0.6067, 0.6071, 0.6243, 0.609, 0.601, 0.5998, 0.6225, 0.6042, 0.6249, 0.6142, 0.6344, 0.6181, 0.6118, 0.6177, 0.6193, 0.5476, 0.6061, 0.6362, 0.6209, 0.6195, 0.6222, 0.6184], [0.5906, 0.5782, 0.5787, 0.5922, 0.5812, 0.5969, 0.6009, 0.5597, 0.599, 0.5948, 0.5813, 0.5969, 0.5969, 0.5976, 0.5825, 0.5804, 0.6, 0.5989, 0.5959, 0.5894, 0.6007, 0.5969, 0.5941, 0.575, 0.581, 0.5923, 0.5983], [0.582, 0.5907, 0.601, 0.5637, 0.5684, 0.5733, 0.5729, 0.6044, 0.5694, 0.5519, 0.5787, 0.5734, 0.58, 0.5689, 0.5628, 0.5742, 0.5979, 0.5917, 0.583, 0.5893, 0.5698, 0.567, 0.5771, 0.5899, 0.5775, 0.5739, 0.5737], [0.64, 0.646, 0.6578, 0.6306, 0.6612, 0.6564, 0.6397, 0.6454, 0.6358, 0.6478, 0.6306, 0.6479, 0.6463, 0.6436, 0.6389, 0.6395, 0.6606, 0.6496, 0.6565, 0.6407, 0.6388, 0.6211, 0.6414, 0.6283, 0.6328, 0.6309, 0.6409]]	
Results: 	[[0.5988, 0.6107, 0.6011, 0.5666, 0.5812, 0.6043, 0.5809, 0.6011, 0.6077, 0.6032, 0.5834, 0.5995, 0.5739, 0.6068, 0.596, 0.6067, 0.5916, 0.5914, 0.6004, 0.5989, 0.6015, 0.5897, 0.6007, 0.6033, 0.593, 0.6051, 0.5996, 0.5924], [0.7077, 0.7256, 0.6963, 0.7087, 0.6706, 0.7034, 0.6972, 0.7118, 0.6995, 0.6858, 0.7104, 0.7368, 0.7149, 0.7129, 0.7234, 0.7246, 0.7085, 0.6971, 0.7092, 0.6845, 0.7335, 0.7192, 0.7269, 0.7316, 0.6658, 0.713, 0.7308, 0.6945], [0.6022, 0.6043, 0.6079, 0.628, 0.6166, 0.6067, 0.6071, 0.6243, 0.609, 0.601, 0.5998, 0.6225, 0.6042, 0.6249, 0.6142, 0.6344, 0.6181, 0.6118, 0.6177, 0.6193, 0.5476, 0.6061, 0.6362, 0.6209, 0.6195, 0.6222, 0.6184, 0.6213], [0.5906, 0.5782, 0.5787, 0.5922, 0.5812, 0.5969, 0.6009, 0.5597, 0.599, 0.5948, 0.5813, 0.5969, 0.5969, 0.5976, 0.5825, 0.5804, 0.6, 0.5989, 0.5959, 0.5894, 0.6007, 0.5969, 0.5941, 0.575, 0.581, 0.5923, 0.5983, 0.5966], [0.582, 0.5907, 0.601, 0.5637, 0.5684, 0.5733, 0.5729, 0.6044, 0.5694, 0.5519, 0.5787, 0.5734, 0.58, 0.5689, 0.5628, 0.5742, 0.5979, 0.5917, 0.583, 0.5893, 0.5698, 0.567, 0.5771, 0.5899, 0.5775, 0.5739, 0.5737, 0.5991], [0.64, 0.646, 0.6578, 0.6306, 0.6612, 0.6564, 0.6397, 0.6454, 0.6358, 0.6478, 0.6306, 0.6479, 0.6463, 0.6436, 0.6389, 0.6395, 0.6606, 0.6496, 0.6565, 0.6407, 0.6388, 0.6211, 0.6414, 0.6283, 0.6328, 0.6309, 0.6409, 0.6456]]	
Results: 	[[0.5988, 0.6107, 0.6011, 0.5666, 0.5812, 0.6043, 0.5809, 0.6011, 0.6077, 0.6032, 0.5834, 0.5995, 0.5739, 0.6068, 0.596, 0.6067, 0.5916, 0.5914, 0.6004, 0.5989, 0.6015, 0.5897, 0.6007, 0.6033, 0.593, 0.6051, 0.5996, 0.5924, 0.5954], [0.7077, 0.7256, 0.6963, 0.7087, 0.6706, 0.7034, 0.6972, 0.7118, 0.6995, 0.6858, 0.7104, 0.7368, 0.7149, 0.7129, 0.7234, 0.7246, 0.7085, 0.6971, 0.7092, 0.6845, 0.7335, 0.7192, 0.7269, 0.7316, 0.6658, 0.713, 0.7308, 0.6945, 0.7184], [0.6022, 0.6043, 0.6079, 0.628, 0.6166, 0.6067, 0.6071, 0.6243, 0.609, 0.601, 0.5998, 0.6225, 0.6042, 0.6249, 0.6142, 0.6344, 0.6181, 0.6118, 0.6177, 0.6193, 0.5476, 0.6061, 0.6362, 0.6209, 0.6195, 0.6222, 0.6184, 0.6213, 0.6188], [0.5906, 0.5782, 0.5787, 0.5922, 0.5812, 0.5969, 0.6009, 0.5597, 0.599, 0.5948, 0.5813, 0.5969, 0.5969, 0.5976, 0.5825, 0.5804, 0.6, 0.5989, 0.5959, 0.5894, 0.6007, 0.5969, 0.5941, 0.575, 0.581, 0.5923, 0.5983, 0.5966, 0.5961], [0.582, 0.5907, 0.601, 0.5637, 0.5684, 0.5733, 0.5729, 0.6044, 0.5694, 0.5519, 0.5787, 0.5734, 0.58, 0.5689, 0.5628, 0.5742, 0.5979, 0.5917, 0.583, 0.5893, 0.5698, 0.567, 0.5771, 0.5899, 0.5775, 0.5739, 0.5737, 0.5991, 0.5677], [0.64, 0.646, 0.6578, 0.6306, 0.6612, 0.6564, 0.6397, 0.6454, 0.6358, 0.6478, 0.6306, 0.6479, 0.6463, 0.6436, 0.6389, 0.6395, 0.6606, 0.6496, 0.6565, 0.6407, 0.6388, 0.6211, 0.6414, 0.6283, 0.6328, 0.6309, 0.6409, 0.6456, 0.6082]]	
Results: 	[[0.5988, 0.6107, 0.6011, 0.5666, 0.5812, 0.6043, 0.5809, 0.6011, 0.6077, 0.6032, 0.5834, 0.5995, 0.5739, 0.6068, 0.596, 0.6067, 0.5916, 0.5914, 0.6004, 0.5989, 0.6015, 0.5897, 0.6007, 0.6033, 0.593, 0.6051, 0.5996, 0.5924, 0.5954, 0.6048], [0.7077, 0.7256, 0.6963, 0.7087, 0.6706, 0.7034, 0.6972, 0.7118, 0.6995, 0.6858, 0.7104, 0.7368, 0.7149, 0.7129, 0.7234, 0.7246, 0.7085, 0.6971, 0.7092, 0.6845, 0.7335, 0.7192, 0.7269, 0.7316, 0.6658, 0.713, 0.7308, 0.6945, 0.7184, 0.7189], [0.6022, 0.6043, 0.6079, 0.628, 0.6166, 0.6067, 0.6071, 0.6243, 0.609, 0.601, 0.5998, 0.6225, 0.6042, 0.6249, 0.6142, 0.6344, 0.6181, 0.6118, 0.6177, 0.6193, 0.5476, 0.6061, 0.6362, 0.6209, 0.6195, 0.6222, 0.6184, 0.6213, 0.6188, 0.6254], [0.5906, 0.5782, 0.5787, 0.5922, 0.5812, 0.5969, 0.6009, 0.5597, 0.599, 0.5948, 0.5813, 0.5969, 0.5969, 0.5976, 0.5825, 0.5804, 0.6, 0.5989, 0.5959, 0.5894, 0.6007, 0.5969, 0.5941, 0.575, 0.581, 0.5923, 0.5983, 0.5966, 0.5961, 0.6009], [0.582, 0.5907, 0.601, 0.5637, 0.5684, 0.5733, 0.5729, 0.6044, 0.5694, 0.5519, 0.5787, 0.5734, 0.58, 0.5689, 0.5628, 0.5742, 0.5979, 0.5917, 0.583, 0.5893, 0.5698, 0.567, 0.5771, 0.5899, 0.5775, 0.5739, 0.5737, 0.5991, 0.5677, 0.5945], [0.64, 0.646, 0.6578, 0.6306, 0.6612, 0.6564, 0.6397, 0.6454, 0.6358, 0.6478, 0.6306, 0.6479, 0.6463, 0.6436, 0.6389, 0.6395, 0.6606, 0.6496, 0.6565, 0.6407, 0.6388, 0.6211, 0.6414, 0.6283, 0.6328, 0.6309, 0.6409, 0.6456, 0.6082, 0.6518]]
Support Sets: (Mean:0.5963233333333333, SD:0.010408109680745911) | 	Support Sets: (Mean:0.7093833333333334, SD:0.01763906486170405) | 	Support Sets: (Mean:0.61368, SD:0.015728897192637245) | 	Support Sets: (Mean:0.5907966666666666, SD:0.00994677155502307) | 	Support Sets: (Mean:0.5789266666666667, SD:0.01280826600914112) | 	Support Sets: (Mean:0.6418233333333333, SD:0.011709903952411935) | 	
