Results: 	[[0.7154], [0.7292], [0.7331], [0.7365], [0.6607], [0.7425]]	
Results: 	[[0.7154, 0.7148], [0.7292, 0.7323], [0.7331, 0.7317], [0.7365, 0.7358], [0.6607, 0.6549], [0.7425, 0.7401]]	
Results: 	[[0.7154, 0.7148, 0.7169], [0.7292, 0.7323, 0.7307], [0.7331, 0.7317, 0.7344], [0.7365, 0.7358, 0.7359], [0.6607, 0.6549, 0.6546], [0.7425, 0.7401, 0.7386]]	
Results: 	[[0.7154, 0.7148, 0.7169, 0.717], [0.7292, 0.7323, 0.7307, 0.7296], [0.7331, 0.7317, 0.7344, 0.7333], [0.7365, 0.7358, 0.7359, 0.7355], [0.6607, 0.6549, 0.6546, 0.667], [0.7425, 0.7401, 0.7386, 0.7395]]	
Results: 	[[0.7154, 0.7148, 0.7169, 0.717, 0.718], [0.7292, 0.7323, 0.7307, 0.7296, 0.7323], [0.7331, 0.7317, 0.7344, 0.7333, 0.7346], [0.7365, 0.7358, 0.7359, 0.7355, 0.7378], [0.6607, 0.6549, 0.6546, 0.667, 0.6594], [0.7425, 0.7401, 0.7386, 0.7395, 0.7386]]	
Results: 	[[0.7154, 0.7148, 0.7169, 0.717, 0.718, 0.7148], [0.7292, 0.7323, 0.7307, 0.7296, 0.7323, 0.7284], [0.7331, 0.7317, 0.7344, 0.7333, 0.7346, 0.7357], [0.7365, 0.7358, 0.7359, 0.7355, 0.7378, 0.7326], [0.6607, 0.6549, 0.6546, 0.667, 0.6594, 0.6652], [0.7425, 0.7401, 0.7386, 0.7395, 0.7386, 0.7394]]	
Results: 	[[0.7154, 0.7148, 0.7169, 0.717, 0.718, 0.7148, 0.7164], [0.7292, 0.7323, 0.7307, 0.7296, 0.7323, 0.7284, 0.7284], [0.7331, 0.7317, 0.7344, 0.7333, 0.7346, 0.7357, 0.7319], [0.7365, 0.7358, 0.7359, 0.7355, 0.7378, 0.7326, 0.7352], [0.6607, 0.6549, 0.6546, 0.667, 0.6594, 0.6652, 0.6689], [0.7425, 0.7401, 0.7386, 0.7395, 0.7386, 0.7394, 0.7405]]	
Results: 	[[0.7154, 0.7148, 0.7169, 0.717, 0.718, 0.7148, 0.7164, 0.7159], [0.7292, 0.7323, 0.7307, 0.7296, 0.7323, 0.7284, 0.7284, 0.735], [0.7331, 0.7317, 0.7344, 0.7333, 0.7346, 0.7357, 0.7319, 0.7321], [0.7365, 0.7358, 0.7359, 0.7355, 0.7378, 0.7326, 0.7352, 0.7374], [0.6607, 0.6549, 0.6546, 0.667, 0.6594, 0.6652, 0.6689, 0.6673], [0.7425, 0.7401, 0.7386, 0.7395, 0.7386, 0.7394, 0.7405, 0.7364]]	
Results: 	[[0.7154, 0.7148, 0.7169, 0.717, 0.718, 0.7148, 0.7164, 0.7159, 0.7159], [0.7292, 0.7323, 0.7307, 0.7296, 0.7323, 0.7284, 0.7284, 0.735, 0.73], [0.7331, 0.7317, 0.7344, 0.7333, 0.7346, 0.7357, 0.7319, 0.7321, 0.7313], [0.7365, 0.7358, 0.7359, 0.7355, 0.7378, 0.7326, 0.7352, 0.7374, 0.7315], [0.6607, 0.6549, 0.6546, 0.667, 0.6594, 0.6652, 0.6689, 0.6673, 0.6633], [0.7425, 0.7401, 0.7386, 0.7395, 0.7386, 0.7394, 0.7405, 0.7364, 0.741]]	
Results: 	[[0.7154, 0.7148, 0.7169, 0.717, 0.718, 0.7148, 0.7164, 0.7159, 0.7159, 0.7127], [0.7292, 0.7323, 0.7307, 0.7296, 0.7323, 0.7284, 0.7284, 0.735, 0.73, 0.73], [0.7331, 0.7317, 0.7344, 0.7333, 0.7346, 0.7357, 0.7319, 0.7321, 0.7313, 0.733], [0.7365, 0.7358, 0.7359, 0.7355, 0.7378, 0.7326, 0.7352, 0.7374, 0.7315, 0.7356], [0.6607, 0.6549, 0.6546, 0.667, 0.6594, 0.6652, 0.6689, 0.6673, 0.6633, 0.6605], [0.7425, 0.7401, 0.7386, 0.7395, 0.7386, 0.7394, 0.7405, 0.7364, 0.741, 0.7382]]	
Results: 	[[0.7154, 0.7148, 0.7169, 0.717, 0.718, 0.7148, 0.7164, 0.7159, 0.7159, 0.7127, 0.7148], [0.7292, 0.7323, 0.7307, 0.7296, 0.7323, 0.7284, 0.7284, 0.735, 0.73, 0.73, 0.7288], [0.7331, 0.7317, 0.7344, 0.7333, 0.7346, 0.7357, 0.7319, 0.7321, 0.7313, 0.733, 0.7331], [0.7365, 0.7358, 0.7359, 0.7355, 0.7378, 0.7326, 0.7352, 0.7374, 0.7315, 0.7356, 0.7323], [0.6607, 0.6549, 0.6546, 0.667, 0.6594, 0.6652, 0.6689, 0.6673, 0.6633, 0.6605, 0.6712], [0.7425, 0.7401, 0.7386, 0.7395, 0.7386, 0.7394, 0.7405, 0.7364, 0.741, 0.7382, 0.7397]]	
Results: 	[[0.7154, 0.7148, 0.7169, 0.717, 0.718, 0.7148, 0.7164, 0.7159, 0.7159, 0.7127, 0.7148, 0.7153], [0.7292, 0.7323, 0.7307, 0.7296, 0.7323, 0.7284, 0.7284, 0.735, 0.73, 0.73, 0.7288, 0.7323], [0.7331, 0.7317, 0.7344, 0.7333, 0.7346, 0.7357, 0.7319, 0.7321, 0.7313, 0.733, 0.7331, 0.7324], [0.7365, 0.7358, 0.7359, 0.7355, 0.7378, 0.7326, 0.7352, 0.7374, 0.7315, 0.7356, 0.7323, 0.7366], [0.6607, 0.6549, 0.6546, 0.667, 0.6594, 0.6652, 0.6689, 0.6673, 0.6633, 0.6605, 0.6712, 0.6636], [0.7425, 0.7401, 0.7386, 0.7395, 0.7386, 0.7394, 0.7405, 0.7364, 0.741, 0.7382, 0.7397, 0.7417]]	
Results: 	[[0.7154, 0.7148, 0.7169, 0.717, 0.718, 0.7148, 0.7164, 0.7159, 0.7159, 0.7127, 0.7148, 0.7153, 0.7164], [0.7292, 0.7323, 0.7307, 0.7296, 0.7323, 0.7284, 0.7284, 0.735, 0.73, 0.73, 0.7288, 0.7323, 0.7277], [0.7331, 0.7317, 0.7344, 0.7333, 0.7346, 0.7357, 0.7319, 0.7321, 0.7313, 0.733, 0.7331, 0.7324, 0.7312], [0.7365, 0.7358, 0.7359, 0.7355, 0.7378, 0.7326, 0.7352, 0.7374, 0.7315, 0.7356, 0.7323, 0.7366, 0.7378], [0.6607, 0.6549, 0.6546, 0.667, 0.6594, 0.6652, 0.6689, 0.6673, 0.6633, 0.6605, 0.6712, 0.6636, 0.6666], [0.7425, 0.7401, 0.7386, 0.7395, 0.7386, 0.7394, 0.7405, 0.7364, 0.741, 0.7382, 0.7397, 0.7417, 0.7389]]	
Results: 	[[0.7154, 0.7148, 0.7169, 0.717, 0.718, 0.7148, 0.7164, 0.7159, 0.7159, 0.7127, 0.7148, 0.7153, 0.7164, 0.7174], [0.7292, 0.7323, 0.7307, 0.7296, 0.7323, 0.7284, 0.7284, 0.735, 0.73, 0.73, 0.7288, 0.7323, 0.7277, 0.7288], [0.7331, 0.7317, 0.7344, 0.7333, 0.7346, 0.7357, 0.7319, 0.7321, 0.7313, 0.733, 0.7331, 0.7324, 0.7312, 0.7336], [0.7365, 0.7358, 0.7359, 0.7355, 0.7378, 0.7326, 0.7352, 0.7374, 0.7315, 0.7356, 0.7323, 0.7366, 0.7378, 0.7395], [0.6607, 0.6549, 0.6546, 0.667, 0.6594, 0.6652, 0.6689, 0.6673, 0.6633, 0.6605, 0.6712, 0.6636, 0.6666, 0.6605], [0.7425, 0.7401, 0.7386, 0.7395, 0.7386, 0.7394, 0.7405, 0.7364, 0.741, 0.7382, 0.7397, 0.7417, 0.7389, 0.7389]]	
Results: 	[[0.7154, 0.7148, 0.7169, 0.717, 0.718, 0.7148, 0.7164, 0.7159, 0.7159, 0.7127, 0.7148, 0.7153, 0.7164, 0.7174, 0.7154], [0.7292, 0.7323, 0.7307, 0.7296, 0.7323, 0.7284, 0.7284, 0.735, 0.73, 0.73, 0.7288, 0.7323, 0.7277, 0.7288, 0.7327], [0.7331, 0.7317, 0.7344, 0.7333, 0.7346, 0.7357, 0.7319, 0.7321, 0.7313, 0.733, 0.7331, 0.7324, 0.7312, 0.7336, 0.7329], [0.7365, 0.7358, 0.7359, 0.7355, 0.7378, 0.7326, 0.7352, 0.7374, 0.7315, 0.7356, 0.7323, 0.7366, 0.7378, 0.7395, 0.7371], [0.6607, 0.6549, 0.6546, 0.667, 0.6594, 0.6652, 0.6689, 0.6673, 0.6633, 0.6605, 0.6712, 0.6636, 0.6666, 0.6605, 0.6605], [0.7425, 0.7401, 0.7386, 0.7395, 0.7386, 0.7394, 0.7405, 0.7364, 0.741, 0.7382, 0.7397, 0.7417, 0.7389, 0.7389, 0.74]]	
Results: 	[[0.7154, 0.7148, 0.7169, 0.717, 0.718, 0.7148, 0.7164, 0.7159, 0.7159, 0.7127, 0.7148, 0.7153, 0.7164, 0.7174, 0.7154, 0.7154], [0.7292, 0.7323, 0.7307, 0.7296, 0.7323, 0.7284, 0.7284, 0.735, 0.73, 0.73, 0.7288, 0.7323, 0.7277, 0.7288, 0.7327, 0.7296], [0.7331, 0.7317, 0.7344, 0.7333, 0.7346, 0.7357, 0.7319, 0.7321, 0.7313, 0.733, 0.7331, 0.7324, 0.7312, 0.7336, 0.7329, 0.7337], [0.7365, 0.7358, 0.7359, 0.7355, 0.7378, 0.7326, 0.7352, 0.7374, 0.7315, 0.7356, 0.7323, 0.7366, 0.7378, 0.7395, 0.7371, 0.7432], [0.6607, 0.6549, 0.6546, 0.667, 0.6594, 0.6652, 0.6689, 0.6673, 0.6633, 0.6605, 0.6712, 0.6636, 0.6666, 0.6605, 0.6605, 0.6583], [0.7425, 0.7401, 0.7386, 0.7395, 0.7386, 0.7394, 0.7405, 0.7364, 0.741, 0.7382, 0.7397, 0.7417, 0.7389, 0.7389, 0.74, 0.7367]]	
Results: 	[[0.7154, 0.7148, 0.7169, 0.717, 0.718, 0.7148, 0.7164, 0.7159, 0.7159, 0.7127, 0.7148, 0.7153, 0.7164, 0.7174, 0.7154, 0.7154, 0.7158], [0.7292, 0.7323, 0.7307, 0.7296, 0.7323, 0.7284, 0.7284, 0.735, 0.73, 0.73, 0.7288, 0.7323, 0.7277, 0.7288, 0.7327, 0.7296, 0.7315], [0.7331, 0.7317, 0.7344, 0.7333, 0.7346, 0.7357, 0.7319, 0.7321, 0.7313, 0.733, 0.7331, 0.7324, 0.7312, 0.7336, 0.7329, 0.7337, 0.7333], [0.7365, 0.7358, 0.7359, 0.7355, 0.7378, 0.7326, 0.7352, 0.7374, 0.7315, 0.7356, 0.7323, 0.7366, 0.7378, 0.7395, 0.7371, 0.7432, 0.7346], [0.6607, 0.6549, 0.6546, 0.667, 0.6594, 0.6652, 0.6689, 0.6673, 0.6633, 0.6605, 0.6712, 0.6636, 0.6666, 0.6605, 0.6605, 0.6583, 0.6609], [0.7425, 0.7401, 0.7386, 0.7395, 0.7386, 0.7394, 0.7405, 0.7364, 0.741, 0.7382, 0.7397, 0.7417, 0.7389, 0.7389, 0.74, 0.7367, 0.7396]]	
Results: 	[[0.7154, 0.7148, 0.7169, 0.717, 0.718, 0.7148, 0.7164, 0.7159, 0.7159, 0.7127, 0.7148, 0.7153, 0.7164, 0.7174, 0.7154, 0.7154, 0.7158, 0.7143], [0.7292, 0.7323, 0.7307, 0.7296, 0.7323, 0.7284, 0.7284, 0.735, 0.73, 0.73, 0.7288, 0.7323, 0.7277, 0.7288, 0.7327, 0.7296, 0.7315, 0.7342], [0.7331, 0.7317, 0.7344, 0.7333, 0.7346, 0.7357, 0.7319, 0.7321, 0.7313, 0.733, 0.7331, 0.7324, 0.7312, 0.7336, 0.7329, 0.7337, 0.7333, 0.7337], [0.7365, 0.7358, 0.7359, 0.7355, 0.7378, 0.7326, 0.7352, 0.7374, 0.7315, 0.7356, 0.7323, 0.7366, 0.7378, 0.7395, 0.7371, 0.7432, 0.7346, 0.7331], [0.6607, 0.6549, 0.6546, 0.667, 0.6594, 0.6652, 0.6689, 0.6673, 0.6633, 0.6605, 0.6712, 0.6636, 0.6666, 0.6605, 0.6605, 0.6583, 0.6609, 0.6575], [0.7425, 0.7401, 0.7386, 0.7395, 0.7386, 0.7394, 0.7405, 0.7364, 0.741, 0.7382, 0.7397, 0.7417, 0.7389, 0.7389, 0.74, 0.7367, 0.7396, 0.74]]	
Results: 	[[0.7154, 0.7148, 0.7169, 0.717, 0.718, 0.7148, 0.7164, 0.7159, 0.7159, 0.7127, 0.7148, 0.7153, 0.7164, 0.7174, 0.7154, 0.7154, 0.7158, 0.7143, 0.7143], [0.7292, 0.7323, 0.7307, 0.7296, 0.7323, 0.7284, 0.7284, 0.735, 0.73, 0.73, 0.7288, 0.7323, 0.7277, 0.7288, 0.7327, 0.7296, 0.7315, 0.7342, 0.7296], [0.7331, 0.7317, 0.7344, 0.7333, 0.7346, 0.7357, 0.7319, 0.7321, 0.7313, 0.733, 0.7331, 0.7324, 0.7312, 0.7336, 0.7329, 0.7337, 0.7333, 0.7337, 0.7316], [0.7365, 0.7358, 0.7359, 0.7355, 0.7378, 0.7326, 0.7352, 0.7374, 0.7315, 0.7356, 0.7323, 0.7366, 0.7378, 0.7395, 0.7371, 0.7432, 0.7346, 0.7331, 0.7354], [0.6607, 0.6549, 0.6546, 0.667, 0.6594, 0.6652, 0.6689, 0.6673, 0.6633, 0.6605, 0.6712, 0.6636, 0.6666, 0.6605, 0.6605, 0.6583, 0.6609, 0.6575, 0.6587], [0.7425, 0.7401, 0.7386, 0.7395, 0.7386, 0.7394, 0.7405, 0.7364, 0.741, 0.7382, 0.7397, 0.7417, 0.7389, 0.7389, 0.74, 0.7367, 0.7396, 0.74, 0.7426]]	
Results: 	[[0.7154, 0.7148, 0.7169, 0.717, 0.718, 0.7148, 0.7164, 0.7159, 0.7159, 0.7127, 0.7148, 0.7153, 0.7164, 0.7174, 0.7154, 0.7154, 0.7158, 0.7143, 0.7143, 0.7181], [0.7292, 0.7323, 0.7307, 0.7296, 0.7323, 0.7284, 0.7284, 0.735, 0.73, 0.73, 0.7288, 0.7323, 0.7277, 0.7288, 0.7327, 0.7296, 0.7315, 0.7342, 0.7296, 0.7324], [0.7331, 0.7317, 0.7344, 0.7333, 0.7346, 0.7357, 0.7319, 0.7321, 0.7313, 0.733, 0.7331, 0.7324, 0.7312, 0.7336, 0.7329, 0.7337, 0.7333, 0.7337, 0.7316, 0.7329], [0.7365, 0.7358, 0.7359, 0.7355, 0.7378, 0.7326, 0.7352, 0.7374, 0.7315, 0.7356, 0.7323, 0.7366, 0.7378, 0.7395, 0.7371, 0.7432, 0.7346, 0.7331, 0.7354, 0.7327], [0.6607, 0.6549, 0.6546, 0.667, 0.6594, 0.6652, 0.6689, 0.6673, 0.6633, 0.6605, 0.6712, 0.6636, 0.6666, 0.6605, 0.6605, 0.6583, 0.6609, 0.6575, 0.6587, 0.6689], [0.7425, 0.7401, 0.7386, 0.7395, 0.7386, 0.7394, 0.7405, 0.7364, 0.741, 0.7382, 0.7397, 0.7417, 0.7389, 0.7389, 0.74, 0.7367, 0.7396, 0.74, 0.7426, 0.7416]]	
Results: 	[[0.7154, 0.7148, 0.7169, 0.717, 0.718, 0.7148, 0.7164, 0.7159, 0.7159, 0.7127, 0.7148, 0.7153, 0.7164, 0.7174, 0.7154, 0.7154, 0.7158, 0.7143, 0.7143, 0.7181, 0.7168], [0.7292, 0.7323, 0.7307, 0.7296, 0.7323, 0.7284, 0.7284, 0.735, 0.73, 0.73, 0.7288, 0.7323, 0.7277, 0.7288, 0.7327, 0.7296, 0.7315, 0.7342, 0.7296, 0.7324, 0.7296], [0.7331, 0.7317, 0.7344, 0.7333, 0.7346, 0.7357, 0.7319, 0.7321, 0.7313, 0.733, 0.7331, 0.7324, 0.7312, 0.7336, 0.7329, 0.7337, 0.7333, 0.7337, 0.7316, 0.7329, 0.7309], [0.7365, 0.7358, 0.7359, 0.7355, 0.7378, 0.7326, 0.7352, 0.7374, 0.7315, 0.7356, 0.7323, 0.7366, 0.7378, 0.7395, 0.7371, 0.7432, 0.7346, 0.7331, 0.7354, 0.7327, 0.7348], [0.6607, 0.6549, 0.6546, 0.667, 0.6594, 0.6652, 0.6689, 0.6673, 0.6633, 0.6605, 0.6712, 0.6636, 0.6666, 0.6605, 0.6605, 0.6583, 0.6609, 0.6575, 0.6587, 0.6689, 0.6602], [0.7425, 0.7401, 0.7386, 0.7395, 0.7386, 0.7394, 0.7405, 0.7364, 0.741, 0.7382, 0.7397, 0.7417, 0.7389, 0.7389, 0.74, 0.7367, 0.7396, 0.74, 0.7426, 0.7416, 0.7425]]	
Results: 	[[0.7154, 0.7148, 0.7169, 0.717, 0.718, 0.7148, 0.7164, 0.7159, 0.7159, 0.7127, 0.7148, 0.7153, 0.7164, 0.7174, 0.7154, 0.7154, 0.7158, 0.7143, 0.7143, 0.7181, 0.7168, 0.7133], [0.7292, 0.7323, 0.7307, 0.7296, 0.7323, 0.7284, 0.7284, 0.735, 0.73, 0.73, 0.7288, 0.7323, 0.7277, 0.7288, 0.7327, 0.7296, 0.7315, 0.7342, 0.7296, 0.7324, 0.7296, 0.7292], [0.7331, 0.7317, 0.7344, 0.7333, 0.7346, 0.7357, 0.7319, 0.7321, 0.7313, 0.733, 0.7331, 0.7324, 0.7312, 0.7336, 0.7329, 0.7337, 0.7333, 0.7337, 0.7316, 0.7329, 0.7309, 0.7351], [0.7365, 0.7358, 0.7359, 0.7355, 0.7378, 0.7326, 0.7352, 0.7374, 0.7315, 0.7356, 0.7323, 0.7366, 0.7378, 0.7395, 0.7371, 0.7432, 0.7346, 0.7331, 0.7354, 0.7327, 0.7348, 0.734], [0.6607, 0.6549, 0.6546, 0.667, 0.6594, 0.6652, 0.6689, 0.6673, 0.6633, 0.6605, 0.6712, 0.6636, 0.6666, 0.6605, 0.6605, 0.6583, 0.6609, 0.6575, 0.6587, 0.6689, 0.6602, 0.6666], [0.7425, 0.7401, 0.7386, 0.7395, 0.7386, 0.7394, 0.7405, 0.7364, 0.741, 0.7382, 0.7397, 0.7417, 0.7389, 0.7389, 0.74, 0.7367, 0.7396, 0.74, 0.7426, 0.7416, 0.7425, 0.7382]]	
Results: 	[[0.7154, 0.7148, 0.7169, 0.717, 0.718, 0.7148, 0.7164, 0.7159, 0.7159, 0.7127, 0.7148, 0.7153, 0.7164, 0.7174, 0.7154, 0.7154, 0.7158, 0.7143, 0.7143, 0.7181, 0.7168, 0.7133, 0.7159], [0.7292, 0.7323, 0.7307, 0.7296, 0.7323, 0.7284, 0.7284, 0.735, 0.73, 0.73, 0.7288, 0.7323, 0.7277, 0.7288, 0.7327, 0.7296, 0.7315, 0.7342, 0.7296, 0.7324, 0.7296, 0.7292, 0.7277], [0.7331, 0.7317, 0.7344, 0.7333, 0.7346, 0.7357, 0.7319, 0.7321, 0.7313, 0.733, 0.7331, 0.7324, 0.7312, 0.7336, 0.7329, 0.7337, 0.7333, 0.7337, 0.7316, 0.7329, 0.7309, 0.7351, 0.7341], [0.7365, 0.7358, 0.7359, 0.7355, 0.7378, 0.7326, 0.7352, 0.7374, 0.7315, 0.7356, 0.7323, 0.7366, 0.7378, 0.7395, 0.7371, 0.7432, 0.7346, 0.7331, 0.7354, 0.7327, 0.7348, 0.734, 0.7326], [0.6607, 0.6549, 0.6546, 0.667, 0.6594, 0.6652, 0.6689, 0.6673, 0.6633, 0.6605, 0.6712, 0.6636, 0.6666, 0.6605, 0.6605, 0.6583, 0.6609, 0.6575, 0.6587, 0.6689, 0.6602, 0.6666, 0.6673], [0.7425, 0.7401, 0.7386, 0.7395, 0.7386, 0.7394, 0.7405, 0.7364, 0.741, 0.7382, 0.7397, 0.7417, 0.7389, 0.7389, 0.74, 0.7367, 0.7396, 0.74, 0.7426, 0.7416, 0.7425, 0.7382, 0.7384]]	
Results: 	[[0.7154, 0.7148, 0.7169, 0.717, 0.718, 0.7148, 0.7164, 0.7159, 0.7159, 0.7127, 0.7148, 0.7153, 0.7164, 0.7174, 0.7154, 0.7154, 0.7158, 0.7143, 0.7143, 0.7181, 0.7168, 0.7133, 0.7159, 0.7196], [0.7292, 0.7323, 0.7307, 0.7296, 0.7323, 0.7284, 0.7284, 0.735, 0.73, 0.73, 0.7288, 0.7323, 0.7277, 0.7288, 0.7327, 0.7296, 0.7315, 0.7342, 0.7296, 0.7324, 0.7296, 0.7292, 0.7277, 0.7315], [0.7331, 0.7317, 0.7344, 0.7333, 0.7346, 0.7357, 0.7319, 0.7321, 0.7313, 0.733, 0.7331, 0.7324, 0.7312, 0.7336, 0.7329, 0.7337, 0.7333, 0.7337, 0.7316, 0.7329, 0.7309, 0.7351, 0.7341, 0.7293], [0.7365, 0.7358, 0.7359, 0.7355, 0.7378, 0.7326, 0.7352, 0.7374, 0.7315, 0.7356, 0.7323, 0.7366, 0.7378, 0.7395, 0.7371, 0.7432, 0.7346, 0.7331, 0.7354, 0.7327, 0.7348, 0.734, 0.7326, 0.7372], [0.6607, 0.6549, 0.6546, 0.667, 0.6594, 0.6652, 0.6689, 0.6673, 0.6633, 0.6605, 0.6712, 0.6636, 0.6666, 0.6605, 0.6605, 0.6583, 0.6609, 0.6575, 0.6587, 0.6689, 0.6602, 0.6666, 0.6673, 0.6671], [0.7425, 0.7401, 0.7386, 0.7395, 0.7386, 0.7394, 0.7405, 0.7364, 0.741, 0.7382, 0.7397, 0.7417, 0.7389, 0.7389, 0.74, 0.7367, 0.7396, 0.74, 0.7426, 0.7416, 0.7425, 0.7382, 0.7384, 0.7383]]	
Results: 	[[0.7154, 0.7148, 0.7169, 0.717, 0.718, 0.7148, 0.7164, 0.7159, 0.7159, 0.7127, 0.7148, 0.7153, 0.7164, 0.7174, 0.7154, 0.7154, 0.7158, 0.7143, 0.7143, 0.7181, 0.7168, 0.7133, 0.7159, 0.7196, 0.7154], [0.7292, 0.7323, 0.7307, 0.7296, 0.7323, 0.7284, 0.7284, 0.735, 0.73, 0.73, 0.7288, 0.7323, 0.7277, 0.7288, 0.7327, 0.7296, 0.7315, 0.7342, 0.7296, 0.7324, 0.7296, 0.7292, 0.7277, 0.7315, 0.7288], [0.7331, 0.7317, 0.7344, 0.7333, 0.7346, 0.7357, 0.7319, 0.7321, 0.7313, 0.733, 0.7331, 0.7324, 0.7312, 0.7336, 0.7329, 0.7337, 0.7333, 0.7337, 0.7316, 0.7329, 0.7309, 0.7351, 0.7341, 0.7293, 0.7313], [0.7365, 0.7358, 0.7359, 0.7355, 0.7378, 0.7326, 0.7352, 0.7374, 0.7315, 0.7356, 0.7323, 0.7366, 0.7378, 0.7395, 0.7371, 0.7432, 0.7346, 0.7331, 0.7354, 0.7327, 0.7348, 0.734, 0.7326, 0.7372, 0.7338], [0.6607, 0.6549, 0.6546, 0.667, 0.6594, 0.6652, 0.6689, 0.6673, 0.6633, 0.6605, 0.6712, 0.6636, 0.6666, 0.6605, 0.6605, 0.6583, 0.6609, 0.6575, 0.6587, 0.6689, 0.6602, 0.6666, 0.6673, 0.6671, 0.6659], [0.7425, 0.7401, 0.7386, 0.7395, 0.7386, 0.7394, 0.7405, 0.7364, 0.741, 0.7382, 0.7397, 0.7417, 0.7389, 0.7389, 0.74, 0.7367, 0.7396, 0.74, 0.7426, 0.7416, 0.7425, 0.7382, 0.7384, 0.7383, 0.7406]]	
Results: 	[[0.7154, 0.7148, 0.7169, 0.717, 0.718, 0.7148, 0.7164, 0.7159, 0.7159, 0.7127, 0.7148, 0.7153, 0.7164, 0.7174, 0.7154, 0.7154, 0.7158, 0.7143, 0.7143, 0.7181, 0.7168, 0.7133, 0.7159, 0.7196, 0.7154, 0.7133], [0.7292, 0.7323, 0.7307, 0.7296, 0.7323, 0.7284, 0.7284, 0.735, 0.73, 0.73, 0.7288, 0.7323, 0.7277, 0.7288, 0.7327, 0.7296, 0.7315, 0.7342, 0.7296, 0.7324, 0.7296, 0.7292, 0.7277, 0.7315, 0.7288, 0.7307], [0.7331, 0.7317, 0.7344, 0.7333, 0.7346, 0.7357, 0.7319, 0.7321, 0.7313, 0.733, 0.7331, 0.7324, 0.7312, 0.7336, 0.7329, 0.7337, 0.7333, 0.7337, 0.7316, 0.7329, 0.7309, 0.7351, 0.7341, 0.7293, 0.7313, 0.7321], [0.7365, 0.7358, 0.7359, 0.7355, 0.7378, 0.7326, 0.7352, 0.7374, 0.7315, 0.7356, 0.7323, 0.7366, 0.7378, 0.7395, 0.7371, 0.7432, 0.7346, 0.7331, 0.7354, 0.7327, 0.7348, 0.734, 0.7326, 0.7372, 0.7338, 0.7382], [0.6607, 0.6549, 0.6546, 0.667, 0.6594, 0.6652, 0.6689, 0.6673, 0.6633, 0.6605, 0.6712, 0.6636, 0.6666, 0.6605, 0.6605, 0.6583, 0.6609, 0.6575, 0.6587, 0.6689, 0.6602, 0.6666, 0.6673, 0.6671, 0.6659, 0.6613], [0.7425, 0.7401, 0.7386, 0.7395, 0.7386, 0.7394, 0.7405, 0.7364, 0.741, 0.7382, 0.7397, 0.7417, 0.7389, 0.7389, 0.74, 0.7367, 0.7396, 0.74, 0.7426, 0.7416, 0.7425, 0.7382, 0.7384, 0.7383, 0.7406, 0.7388]]	
Results: 	[[0.7154, 0.7148, 0.7169, 0.717, 0.718, 0.7148, 0.7164, 0.7159, 0.7159, 0.7127, 0.7148, 0.7153, 0.7164, 0.7174, 0.7154, 0.7154, 0.7158, 0.7143, 0.7143, 0.7181, 0.7168, 0.7133, 0.7159, 0.7196, 0.7154, 0.7133, 0.7159], [0.7292, 0.7323, 0.7307, 0.7296, 0.7323, 0.7284, 0.7284, 0.735, 0.73, 0.73, 0.7288, 0.7323, 0.7277, 0.7288, 0.7327, 0.7296, 0.7315, 0.7342, 0.7296, 0.7324, 0.7296, 0.7292, 0.7277, 0.7315, 0.7288, 0.7307, 0.7389], [0.7331, 0.7317, 0.7344, 0.7333, 0.7346, 0.7357, 0.7319, 0.7321, 0.7313, 0.733, 0.7331, 0.7324, 0.7312, 0.7336, 0.7329, 0.7337, 0.7333, 0.7337, 0.7316, 0.7329, 0.7309, 0.7351, 0.7341, 0.7293, 0.7313, 0.7321, 0.7316], [0.7365, 0.7358, 0.7359, 0.7355, 0.7378, 0.7326, 0.7352, 0.7374, 0.7315, 0.7356, 0.7323, 0.7366, 0.7378, 0.7395, 0.7371, 0.7432, 0.7346, 0.7331, 0.7354, 0.7327, 0.7348, 0.734, 0.7326, 0.7372, 0.7338, 0.7382, 0.7347], [0.6607, 0.6549, 0.6546, 0.667, 0.6594, 0.6652, 0.6689, 0.6673, 0.6633, 0.6605, 0.6712, 0.6636, 0.6666, 0.6605, 0.6605, 0.6583, 0.6609, 0.6575, 0.6587, 0.6689, 0.6602, 0.6666, 0.6673, 0.6671, 0.6659, 0.6613, 0.6681], [0.7425, 0.7401, 0.7386, 0.7395, 0.7386, 0.7394, 0.7405, 0.7364, 0.741, 0.7382, 0.7397, 0.7417, 0.7389, 0.7389, 0.74, 0.7367, 0.7396, 0.74, 0.7426, 0.7416, 0.7425, 0.7382, 0.7384, 0.7383, 0.7406, 0.7388, 0.7408]]	
Results: 	[[0.7154, 0.7148, 0.7169, 0.717, 0.718, 0.7148, 0.7164, 0.7159, 0.7159, 0.7127, 0.7148, 0.7153, 0.7164, 0.7174, 0.7154, 0.7154, 0.7158, 0.7143, 0.7143, 0.7181, 0.7168, 0.7133, 0.7159, 0.7196, 0.7154, 0.7133, 0.7159, 0.7186], [0.7292, 0.7323, 0.7307, 0.7296, 0.7323, 0.7284, 0.7284, 0.735, 0.73, 0.73, 0.7288, 0.7323, 0.7277, 0.7288, 0.7327, 0.7296, 0.7315, 0.7342, 0.7296, 0.7324, 0.7296, 0.7292, 0.7277, 0.7315, 0.7288, 0.7307, 0.7389, 0.7304], [0.7331, 0.7317, 0.7344, 0.7333, 0.7346, 0.7357, 0.7319, 0.7321, 0.7313, 0.733, 0.7331, 0.7324, 0.7312, 0.7336, 0.7329, 0.7337, 0.7333, 0.7337, 0.7316, 0.7329, 0.7309, 0.7351, 0.7341, 0.7293, 0.7313, 0.7321, 0.7316, 0.7321], [0.7365, 0.7358, 0.7359, 0.7355, 0.7378, 0.7326, 0.7352, 0.7374, 0.7315, 0.7356, 0.7323, 0.7366, 0.7378, 0.7395, 0.7371, 0.7432, 0.7346, 0.7331, 0.7354, 0.7327, 0.7348, 0.734, 0.7326, 0.7372, 0.7338, 0.7382, 0.7347, 0.7347], [0.6607, 0.6549, 0.6546, 0.667, 0.6594, 0.6652, 0.6689, 0.6673, 0.6633, 0.6605, 0.6712, 0.6636, 0.6666, 0.6605, 0.6605, 0.6583, 0.6609, 0.6575, 0.6587, 0.6689, 0.6602, 0.6666, 0.6673, 0.6671, 0.6659, 0.6613, 0.6681, 0.6573], [0.7425, 0.7401, 0.7386, 0.7395, 0.7386, 0.7394, 0.7405, 0.7364, 0.741, 0.7382, 0.7397, 0.7417, 0.7389, 0.7389, 0.74, 0.7367, 0.7396, 0.74, 0.7426, 0.7416, 0.7425, 0.7382, 0.7384, 0.7383, 0.7406, 0.7388, 0.7408, 0.7365]]	
Results: 	[[0.7154, 0.7148, 0.7169, 0.717, 0.718, 0.7148, 0.7164, 0.7159, 0.7159, 0.7127, 0.7148, 0.7153, 0.7164, 0.7174, 0.7154, 0.7154, 0.7158, 0.7143, 0.7143, 0.7181, 0.7168, 0.7133, 0.7159, 0.7196, 0.7154, 0.7133, 0.7159, 0.7186, 0.7143], [0.7292, 0.7323, 0.7307, 0.7296, 0.7323, 0.7284, 0.7284, 0.735, 0.73, 0.73, 0.7288, 0.7323, 0.7277, 0.7288, 0.7327, 0.7296, 0.7315, 0.7342, 0.7296, 0.7324, 0.7296, 0.7292, 0.7277, 0.7315, 0.7288, 0.7307, 0.7389, 0.7304, 0.7304], [0.7331, 0.7317, 0.7344, 0.7333, 0.7346, 0.7357, 0.7319, 0.7321, 0.7313, 0.733, 0.7331, 0.7324, 0.7312, 0.7336, 0.7329, 0.7337, 0.7333, 0.7337, 0.7316, 0.7329, 0.7309, 0.7351, 0.7341, 0.7293, 0.7313, 0.7321, 0.7316, 0.7321, 0.7327], [0.7365, 0.7358, 0.7359, 0.7355, 0.7378, 0.7326, 0.7352, 0.7374, 0.7315, 0.7356, 0.7323, 0.7366, 0.7378, 0.7395, 0.7371, 0.7432, 0.7346, 0.7331, 0.7354, 0.7327, 0.7348, 0.734, 0.7326, 0.7372, 0.7338, 0.7382, 0.7347, 0.7347, 0.7346], [0.6607, 0.6549, 0.6546, 0.667, 0.6594, 0.6652, 0.6689, 0.6673, 0.6633, 0.6605, 0.6712, 0.6636, 0.6666, 0.6605, 0.6605, 0.6583, 0.6609, 0.6575, 0.6587, 0.6689, 0.6602, 0.6666, 0.6673, 0.6671, 0.6659, 0.6613, 0.6681, 0.6573, 0.6609], [0.7425, 0.7401, 0.7386, 0.7395, 0.7386, 0.7394, 0.7405, 0.7364, 0.741, 0.7382, 0.7397, 0.7417, 0.7389, 0.7389, 0.74, 0.7367, 0.7396, 0.74, 0.7426, 0.7416, 0.7425, 0.7382, 0.7384, 0.7383, 0.7406, 0.7388, 0.7408, 0.7365, 0.7404]]	
Results: 	[[0.7154, 0.7148, 0.7169, 0.717, 0.718, 0.7148, 0.7164, 0.7159, 0.7159, 0.7127, 0.7148, 0.7153, 0.7164, 0.7174, 0.7154, 0.7154, 0.7158, 0.7143, 0.7143, 0.7181, 0.7168, 0.7133, 0.7159, 0.7196, 0.7154, 0.7133, 0.7159, 0.7186, 0.7143, 0.7133], [0.7292, 0.7323, 0.7307, 0.7296, 0.7323, 0.7284, 0.7284, 0.735, 0.73, 0.73, 0.7288, 0.7323, 0.7277, 0.7288, 0.7327, 0.7296, 0.7315, 0.7342, 0.7296, 0.7324, 0.7296, 0.7292, 0.7277, 0.7315, 0.7288, 0.7307, 0.7389, 0.7304, 0.7304, 0.7307], [0.7331, 0.7317, 0.7344, 0.7333, 0.7346, 0.7357, 0.7319, 0.7321, 0.7313, 0.733, 0.7331, 0.7324, 0.7312, 0.7336, 0.7329, 0.7337, 0.7333, 0.7337, 0.7316, 0.7329, 0.7309, 0.7351, 0.7341, 0.7293, 0.7313, 0.7321, 0.7316, 0.7321, 0.7327, 0.7306], [0.7365, 0.7358, 0.7359, 0.7355, 0.7378, 0.7326, 0.7352, 0.7374, 0.7315, 0.7356, 0.7323, 0.7366, 0.7378, 0.7395, 0.7371, 0.7432, 0.7346, 0.7331, 0.7354, 0.7327, 0.7348, 0.734, 0.7326, 0.7372, 0.7338, 0.7382, 0.7347, 0.7347, 0.7346, 0.7331], [0.6607, 0.6549, 0.6546, 0.667, 0.6594, 0.6652, 0.6689, 0.6673, 0.6633, 0.6605, 0.6712, 0.6636, 0.6666, 0.6605, 0.6605, 0.6583, 0.6609, 0.6575, 0.6587, 0.6689, 0.6602, 0.6666, 0.6673, 0.6671, 0.6659, 0.6613, 0.6681, 0.6573, 0.6609, 0.6585], [0.7425, 0.7401, 0.7386, 0.7395, 0.7386, 0.7394, 0.7405, 0.7364, 0.741, 0.7382, 0.7397, 0.7417, 0.7389, 0.7389, 0.74, 0.7367, 0.7396, 0.74, 0.7426, 0.7416, 0.7425, 0.7382, 0.7384, 0.7383, 0.7406, 0.7388, 0.7408, 0.7365, 0.7404, 0.7445]]
Support Sets: (Mean:0.7157133333333333, SD:0.0016416420151016747) | 	Support Sets: (Mean:0.7307133333333333, SD:0.0023761361468791534) | 	Support Sets: (Mean:0.7326433333333333, SD:0.0014112071949669413) | 	Support Sets: (Mean:0.73546, SD:0.00246137051814354) | 	Support Sets: (Mean:0.6627233333333333, SD:0.004496257703171989) | 	Support Sets: (Mean:0.7397833333333333, SD:0.0018813207637433838) | 	
