Results: 	[[0.7695], [0.7867], [0.7266]]	
Results: 	[[0.7695, 0.7711], [0.7867, 0.7842], [0.7266, 0.7311]]	
Results: 	[[0.7695, 0.7711, 0.7706], [0.7867, 0.7842, 0.787], [0.7266, 0.7311, 0.7309]]	
Results: 	[[0.7695, 0.7711, 0.7706, 0.775], [0.7867, 0.7842, 0.787, 0.7858], [0.7266, 0.7311, 0.7309, 0.7318]]	
Results: 	[[0.7695, 0.7711, 0.7706, 0.775, 0.7739], [0.7867, 0.7842, 0.787, 0.7858, 0.7869], [0.7266, 0.7311, 0.7309, 0.7318, 0.7309]]	
Results: 	[[0.7695, 0.7711, 0.7706, 0.775, 0.7739, 0.7711], [0.7867, 0.7842, 0.787, 0.7858, 0.7869, 0.7864], [0.7266, 0.7311, 0.7309, 0.7318, 0.7309, 0.7325]]	
Results: 	[[0.7695, 0.7711, 0.7706, 0.775, 0.7739, 0.7711, 0.7703], [0.7867, 0.7842, 0.787, 0.7858, 0.7869, 0.7864, 0.7865], [0.7266, 0.7311, 0.7309, 0.7318, 0.7309, 0.7325, 0.7293]]	
Results: 	[[0.7695, 0.7711, 0.7706, 0.775, 0.7739, 0.7711, 0.7703, 0.7696], [0.7867, 0.7842, 0.787, 0.7858, 0.7869, 0.7864, 0.7865, 0.7857], [0.7266, 0.7311, 0.7309, 0.7318, 0.7309, 0.7325, 0.7293, 0.7315]]	
Results: 	[[0.7695, 0.7711, 0.7706, 0.775, 0.7739, 0.7711, 0.7703, 0.7696, 0.7741], [0.7867, 0.7842, 0.787, 0.7858, 0.7869, 0.7864, 0.7865, 0.7857, 0.7852], [0.7266, 0.7311, 0.7309, 0.7318, 0.7309, 0.7325, 0.7293, 0.7315, 0.7284]]	
Results: 	[[0.7695, 0.7711, 0.7706, 0.775, 0.7739, 0.7711, 0.7703, 0.7696, 0.7741, 0.7707], [0.7867, 0.7842, 0.787, 0.7858, 0.7869, 0.7864, 0.7865, 0.7857, 0.7852, 0.7866], [0.7266, 0.7311, 0.7309, 0.7318, 0.7309, 0.7325, 0.7293, 0.7315, 0.7284, 0.7312]]	
Results: 	[[0.7695, 0.7711, 0.7706, 0.775, 0.7739, 0.7711, 0.7703, 0.7696, 0.7741, 0.7707, 0.7716], [0.7867, 0.7842, 0.787, 0.7858, 0.7869, 0.7864, 0.7865, 0.7857, 0.7852, 0.7866, 0.7849], [0.7266, 0.7311, 0.7309, 0.7318, 0.7309, 0.7325, 0.7293, 0.7315, 0.7284, 0.7312, 0.7327]]	
Results: 	[[0.7695, 0.7711, 0.7706, 0.775, 0.7739, 0.7711, 0.7703, 0.7696, 0.7741, 0.7707, 0.7716, 0.7756], [0.7867, 0.7842, 0.787, 0.7858, 0.7869, 0.7864, 0.7865, 0.7857, 0.7852, 0.7866, 0.7849, 0.7848], [0.7266, 0.7311, 0.7309, 0.7318, 0.7309, 0.7325, 0.7293, 0.7315, 0.7284, 0.7312, 0.7327, 0.724]]	
Results: 	[[0.7695, 0.7711, 0.7706, 0.775, 0.7739, 0.7711, 0.7703, 0.7696, 0.7741, 0.7707, 0.7716, 0.7756, 0.776], [0.7867, 0.7842, 0.787, 0.7858, 0.7869, 0.7864, 0.7865, 0.7857, 0.7852, 0.7866, 0.7849, 0.7848, 0.788], [0.7266, 0.7311, 0.7309, 0.7318, 0.7309, 0.7325, 0.7293, 0.7315, 0.7284, 0.7312, 0.7327, 0.724, 0.7319]]	
Results: 	[[0.7695, 0.7711, 0.7706, 0.775, 0.7739, 0.7711, 0.7703, 0.7696, 0.7741, 0.7707, 0.7716, 0.7756, 0.776, 0.7701], [0.7867, 0.7842, 0.787, 0.7858, 0.7869, 0.7864, 0.7865, 0.7857, 0.7852, 0.7866, 0.7849, 0.7848, 0.788, 0.7863], [0.7266, 0.7311, 0.7309, 0.7318, 0.7309, 0.7325, 0.7293, 0.7315, 0.7284, 0.7312, 0.7327, 0.724, 0.7319, 0.7313]]	
Results: 	[[0.7695, 0.7711, 0.7706, 0.775, 0.7739, 0.7711, 0.7703, 0.7696, 0.7741, 0.7707, 0.7716, 0.7756, 0.776, 0.7701, 0.7727], [0.7867, 0.7842, 0.787, 0.7858, 0.7869, 0.7864, 0.7865, 0.7857, 0.7852, 0.7866, 0.7849, 0.7848, 0.788, 0.7863, 0.7866], [0.7266, 0.7311, 0.7309, 0.7318, 0.7309, 0.7325, 0.7293, 0.7315, 0.7284, 0.7312, 0.7327, 0.724, 0.7319, 0.7313, 0.7298]]	
Results: 	[[0.7695, 0.7711, 0.7706, 0.775, 0.7739, 0.7711, 0.7703, 0.7696, 0.7741, 0.7707, 0.7716, 0.7756, 0.776, 0.7701, 0.7727, 0.7716], [0.7867, 0.7842, 0.787, 0.7858, 0.7869, 0.7864, 0.7865, 0.7857, 0.7852, 0.7866, 0.7849, 0.7848, 0.788, 0.7863, 0.7866, 0.7862], [0.7266, 0.7311, 0.7309, 0.7318, 0.7309, 0.7325, 0.7293, 0.7315, 0.7284, 0.7312, 0.7327, 0.724, 0.7319, 0.7313, 0.7298, 0.7354]]	
Results: 	[[0.7695, 0.7711, 0.7706, 0.775, 0.7739, 0.7711, 0.7703, 0.7696, 0.7741, 0.7707, 0.7716, 0.7756, 0.776, 0.7701, 0.7727, 0.7716, 0.7733], [0.7867, 0.7842, 0.787, 0.7858, 0.7869, 0.7864, 0.7865, 0.7857, 0.7852, 0.7866, 0.7849, 0.7848, 0.788, 0.7863, 0.7866, 0.7862, 0.7875], [0.7266, 0.7311, 0.7309, 0.7318, 0.7309, 0.7325, 0.7293, 0.7315, 0.7284, 0.7312, 0.7327, 0.724, 0.7319, 0.7313, 0.7298, 0.7354, 0.7316]]	
Results: 	[[0.7695, 0.7711, 0.7706, 0.775, 0.7739, 0.7711, 0.7703, 0.7696, 0.7741, 0.7707, 0.7716, 0.7756, 0.776, 0.7701, 0.7727, 0.7716, 0.7733, 0.7724], [0.7867, 0.7842, 0.787, 0.7858, 0.7869, 0.7864, 0.7865, 0.7857, 0.7852, 0.7866, 0.7849, 0.7848, 0.788, 0.7863, 0.7866, 0.7862, 0.7875, 0.786], [0.7266, 0.7311, 0.7309, 0.7318, 0.7309, 0.7325, 0.7293, 0.7315, 0.7284, 0.7312, 0.7327, 0.724, 0.7319, 0.7313, 0.7298, 0.7354, 0.7316, 0.728]]	
Results: 	[[0.7695, 0.7711, 0.7706, 0.775, 0.7739, 0.7711, 0.7703, 0.7696, 0.7741, 0.7707, 0.7716, 0.7756, 0.776, 0.7701, 0.7727, 0.7716, 0.7733, 0.7724, 0.77], [0.7867, 0.7842, 0.787, 0.7858, 0.7869, 0.7864, 0.7865, 0.7857, 0.7852, 0.7866, 0.7849, 0.7848, 0.788, 0.7863, 0.7866, 0.7862, 0.7875, 0.786, 0.7852], [0.7266, 0.7311, 0.7309, 0.7318, 0.7309, 0.7325, 0.7293, 0.7315, 0.7284, 0.7312, 0.7327, 0.724, 0.7319, 0.7313, 0.7298, 0.7354, 0.7316, 0.728, 0.7312]]	
Results: 	[[0.7695, 0.7711, 0.7706, 0.775, 0.7739, 0.7711, 0.7703, 0.7696, 0.7741, 0.7707, 0.7716, 0.7756, 0.776, 0.7701, 0.7727, 0.7716, 0.7733, 0.7724, 0.77, 0.7719], [0.7867, 0.7842, 0.787, 0.7858, 0.7869, 0.7864, 0.7865, 0.7857, 0.7852, 0.7866, 0.7849, 0.7848, 0.788, 0.7863, 0.7866, 0.7862, 0.7875, 0.786, 0.7852, 0.7855], [0.7266, 0.7311, 0.7309, 0.7318, 0.7309, 0.7325, 0.7293, 0.7315, 0.7284, 0.7312, 0.7327, 0.724, 0.7319, 0.7313, 0.7298, 0.7354, 0.7316, 0.728, 0.7312, 0.7284]]	
Results: 	[[0.7695, 0.7711, 0.7706, 0.775, 0.7739, 0.7711, 0.7703, 0.7696, 0.7741, 0.7707, 0.7716, 0.7756, 0.776, 0.7701, 0.7727, 0.7716, 0.7733, 0.7724, 0.77, 0.7719, 0.7712], [0.7867, 0.7842, 0.787, 0.7858, 0.7869, 0.7864, 0.7865, 0.7857, 0.7852, 0.7866, 0.7849, 0.7848, 0.788, 0.7863, 0.7866, 0.7862, 0.7875, 0.786, 0.7852, 0.7855, 0.785], [0.7266, 0.7311, 0.7309, 0.7318, 0.7309, 0.7325, 0.7293, 0.7315, 0.7284, 0.7312, 0.7327, 0.724, 0.7319, 0.7313, 0.7298, 0.7354, 0.7316, 0.728, 0.7312, 0.7284, 0.7284]]	
Results: 	[[0.7695, 0.7711, 0.7706, 0.775, 0.7739, 0.7711, 0.7703, 0.7696, 0.7741, 0.7707, 0.7716, 0.7756, 0.776, 0.7701, 0.7727, 0.7716, 0.7733, 0.7724, 0.77, 0.7719, 0.7712, 0.7714], [0.7867, 0.7842, 0.787, 0.7858, 0.7869, 0.7864, 0.7865, 0.7857, 0.7852, 0.7866, 0.7849, 0.7848, 0.788, 0.7863, 0.7866, 0.7862, 0.7875, 0.786, 0.7852, 0.7855, 0.785, 0.7858], [0.7266, 0.7311, 0.7309, 0.7318, 0.7309, 0.7325, 0.7293, 0.7315, 0.7284, 0.7312, 0.7327, 0.724, 0.7319, 0.7313, 0.7298, 0.7354, 0.7316, 0.728, 0.7312, 0.7284, 0.7284, 0.7304]]	
Results: 	[[0.7695, 0.7711, 0.7706, 0.775, 0.7739, 0.7711, 0.7703, 0.7696, 0.7741, 0.7707, 0.7716, 0.7756, 0.776, 0.7701, 0.7727, 0.7716, 0.7733, 0.7724, 0.77, 0.7719, 0.7712, 0.7714, 0.773], [0.7867, 0.7842, 0.787, 0.7858, 0.7869, 0.7864, 0.7865, 0.7857, 0.7852, 0.7866, 0.7849, 0.7848, 0.788, 0.7863, 0.7866, 0.7862, 0.7875, 0.786, 0.7852, 0.7855, 0.785, 0.7858, 0.7872], [0.7266, 0.7311, 0.7309, 0.7318, 0.7309, 0.7325, 0.7293, 0.7315, 0.7284, 0.7312, 0.7327, 0.724, 0.7319, 0.7313, 0.7298, 0.7354, 0.7316, 0.728, 0.7312, 0.7284, 0.7284, 0.7304, 0.727]]	
Results: 	[[0.7695, 0.7711, 0.7706, 0.775, 0.7739, 0.7711, 0.7703, 0.7696, 0.7741, 0.7707, 0.7716, 0.7756, 0.776, 0.7701, 0.7727, 0.7716, 0.7733, 0.7724, 0.77, 0.7719, 0.7712, 0.7714, 0.773, 0.7709], [0.7867, 0.7842, 0.787, 0.7858, 0.7869, 0.7864, 0.7865, 0.7857, 0.7852, 0.7866, 0.7849, 0.7848, 0.788, 0.7863, 0.7866, 0.7862, 0.7875, 0.786, 0.7852, 0.7855, 0.785, 0.7858, 0.7872, 0.7861], [0.7266, 0.7311, 0.7309, 0.7318, 0.7309, 0.7325, 0.7293, 0.7315, 0.7284, 0.7312, 0.7327, 0.724, 0.7319, 0.7313, 0.7298, 0.7354, 0.7316, 0.728, 0.7312, 0.7284, 0.7284, 0.7304, 0.727, 0.7228]]	
Results: 	[[0.7695, 0.7711, 0.7706, 0.775, 0.7739, 0.7711, 0.7703, 0.7696, 0.7741, 0.7707, 0.7716, 0.7756, 0.776, 0.7701, 0.7727, 0.7716, 0.7733, 0.7724, 0.77, 0.7719, 0.7712, 0.7714, 0.773, 0.7709, 0.7731], [0.7867, 0.7842, 0.787, 0.7858, 0.7869, 0.7864, 0.7865, 0.7857, 0.7852, 0.7866, 0.7849, 0.7848, 0.788, 0.7863, 0.7866, 0.7862, 0.7875, 0.786, 0.7852, 0.7855, 0.785, 0.7858, 0.7872, 0.7861, 0.7866], [0.7266, 0.7311, 0.7309, 0.7318, 0.7309, 0.7325, 0.7293, 0.7315, 0.7284, 0.7312, 0.7327, 0.724, 0.7319, 0.7313, 0.7298, 0.7354, 0.7316, 0.728, 0.7312, 0.7284, 0.7284, 0.7304, 0.727, 0.7228, 0.7273]]	
Results: 	[[0.7695, 0.7711, 0.7706, 0.775, 0.7739, 0.7711, 0.7703, 0.7696, 0.7741, 0.7707, 0.7716, 0.7756, 0.776, 0.7701, 0.7727, 0.7716, 0.7733, 0.7724, 0.77, 0.7719, 0.7712, 0.7714, 0.773, 0.7709, 0.7731, 0.7713], [0.7867, 0.7842, 0.787, 0.7858, 0.7869, 0.7864, 0.7865, 0.7857, 0.7852, 0.7866, 0.7849, 0.7848, 0.788, 0.7863, 0.7866, 0.7862, 0.7875, 0.786, 0.7852, 0.7855, 0.785, 0.7858, 0.7872, 0.7861, 0.7866, 0.7849], [0.7266, 0.7311, 0.7309, 0.7318, 0.7309, 0.7325, 0.7293, 0.7315, 0.7284, 0.7312, 0.7327, 0.724, 0.7319, 0.7313, 0.7298, 0.7354, 0.7316, 0.728, 0.7312, 0.7284, 0.7284, 0.7304, 0.727, 0.7228, 0.7273, 0.7328]]	
Results: 	[[0.7695, 0.7711, 0.7706, 0.775, 0.7739, 0.7711, 0.7703, 0.7696, 0.7741, 0.7707, 0.7716, 0.7756, 0.776, 0.7701, 0.7727, 0.7716, 0.7733, 0.7724, 0.77, 0.7719, 0.7712, 0.7714, 0.773, 0.7709, 0.7731, 0.7713, 0.7723], [0.7867, 0.7842, 0.787, 0.7858, 0.7869, 0.7864, 0.7865, 0.7857, 0.7852, 0.7866, 0.7849, 0.7848, 0.788, 0.7863, 0.7866, 0.7862, 0.7875, 0.786, 0.7852, 0.7855, 0.785, 0.7858, 0.7872, 0.7861, 0.7866, 0.7849, 0.7857], [0.7266, 0.7311, 0.7309, 0.7318, 0.7309, 0.7325, 0.7293, 0.7315, 0.7284, 0.7312, 0.7327, 0.724, 0.7319, 0.7313, 0.7298, 0.7354, 0.7316, 0.728, 0.7312, 0.7284, 0.7284, 0.7304, 0.727, 0.7228, 0.7273, 0.7328, 0.73]]	
Results: 	[[0.7695, 0.7711, 0.7706, 0.775, 0.7739, 0.7711, 0.7703, 0.7696, 0.7741, 0.7707, 0.7716, 0.7756, 0.776, 0.7701, 0.7727, 0.7716, 0.7733, 0.7724, 0.77, 0.7719, 0.7712, 0.7714, 0.773, 0.7709, 0.7731, 0.7713, 0.7723, 0.7769], [0.7867, 0.7842, 0.787, 0.7858, 0.7869, 0.7864, 0.7865, 0.7857, 0.7852, 0.7866, 0.7849, 0.7848, 0.788, 0.7863, 0.7866, 0.7862, 0.7875, 0.786, 0.7852, 0.7855, 0.785, 0.7858, 0.7872, 0.7861, 0.7866, 0.7849, 0.7857, 0.786], [0.7266, 0.7311, 0.7309, 0.7318, 0.7309, 0.7325, 0.7293, 0.7315, 0.7284, 0.7312, 0.7327, 0.724, 0.7319, 0.7313, 0.7298, 0.7354, 0.7316, 0.728, 0.7312, 0.7284, 0.7284, 0.7304, 0.727, 0.7228, 0.7273, 0.7328, 0.73, 0.729]]	
Results: 	[[0.7695, 0.7711, 0.7706, 0.775, 0.7739, 0.7711, 0.7703, 0.7696, 0.7741, 0.7707, 0.7716, 0.7756, 0.776, 0.7701, 0.7727, 0.7716, 0.7733, 0.7724, 0.77, 0.7719, 0.7712, 0.7714, 0.773, 0.7709, 0.7731, 0.7713, 0.7723, 0.7769, 0.7736], [0.7867, 0.7842, 0.787, 0.7858, 0.7869, 0.7864, 0.7865, 0.7857, 0.7852, 0.7866, 0.7849, 0.7848, 0.788, 0.7863, 0.7866, 0.7862, 0.7875, 0.786, 0.7852, 0.7855, 0.785, 0.7858, 0.7872, 0.7861, 0.7866, 0.7849, 0.7857, 0.786, 0.7855], [0.7266, 0.7311, 0.7309, 0.7318, 0.7309, 0.7325, 0.7293, 0.7315, 0.7284, 0.7312, 0.7327, 0.724, 0.7319, 0.7313, 0.7298, 0.7354, 0.7316, 0.728, 0.7312, 0.7284, 0.7284, 0.7304, 0.727, 0.7228, 0.7273, 0.7328, 0.73, 0.729, 0.7315]]	
Results: 	[[0.7695, 0.7711, 0.7706, 0.775, 0.7739, 0.7711, 0.7703, 0.7696, 0.7741, 0.7707, 0.7716, 0.7756, 0.776, 0.7701, 0.7727, 0.7716, 0.7733, 0.7724, 0.77, 0.7719, 0.7712, 0.7714, 0.773, 0.7709, 0.7731, 0.7713, 0.7723, 0.7769, 0.7736, 0.776], [0.7867, 0.7842, 0.787, 0.7858, 0.7869, 0.7864, 0.7865, 0.7857, 0.7852, 0.7866, 0.7849, 0.7848, 0.788, 0.7863, 0.7866, 0.7862, 0.7875, 0.786, 0.7852, 0.7855, 0.785, 0.7858, 0.7872, 0.7861, 0.7866, 0.7849, 0.7857, 0.786, 0.7855, 0.7847], [0.7266, 0.7311, 0.7309, 0.7318, 0.7309, 0.7325, 0.7293, 0.7315, 0.7284, 0.7312, 0.7327, 0.724, 0.7319, 0.7313, 0.7298, 0.7354, 0.7316, 0.728, 0.7312, 0.7284, 0.7284, 0.7304, 0.727, 0.7228, 0.7273, 0.7328, 0.73, 0.729, 0.7315, 0.7316]]
Support Sets: (Mean:0.77236, SD:0.002035139578370072) | 	Support Sets: (Mean:0.7859833333333334, SD:0.0008990735972840742) | 	Support Sets: (Mean:0.7299766666666667, SD:0.002648706038457451) | 	
