Results: 	[[0.7268], [0.7537], [0.7347], [0.7356], [0.6613], [0.7432]]	
Results: 	[[0.7268, 0.7236], [0.7537, 0.7502], [0.7347, 0.7343], [0.7356, 0.735], [0.6613, 0.6657], [0.7432, 0.7409]]	
Results: 	[[0.7268, 0.7236, 0.7252], [0.7537, 0.7502, 0.7529], [0.7347, 0.7343, 0.7354], [0.7356, 0.735, 0.7362], [0.6613, 0.6657, 0.6717], [0.7432, 0.7409, 0.7449]]	
Results: 	[[0.7268, 0.7236, 0.7252, 0.7204], [0.7537, 0.7502, 0.7529, 0.7522], [0.7347, 0.7343, 0.7354, 0.7288], [0.7356, 0.735, 0.7362, 0.7311], [0.6613, 0.6657, 0.6717, 0.6572], [0.7432, 0.7409, 0.7449, 0.7448]]	
Results: 	[[0.7268, 0.7236, 0.7252, 0.7204, 0.7188], [0.7537, 0.7502, 0.7529, 0.7522, 0.7564], [0.7347, 0.7343, 0.7354, 0.7288, 0.729], [0.7356, 0.735, 0.7362, 0.7311, 0.7354], [0.6613, 0.6657, 0.6717, 0.6572, 0.6575], [0.7432, 0.7409, 0.7449, 0.7448, 0.7463]]	
Results: 	[[0.7268, 0.7236, 0.7252, 0.7204, 0.7188, 0.7209], [0.7537, 0.7502, 0.7529, 0.7522, 0.7564, 0.7517], [0.7347, 0.7343, 0.7354, 0.7288, 0.729, 0.7308], [0.7356, 0.735, 0.7362, 0.7311, 0.7354, 0.7346], [0.6613, 0.6657, 0.6717, 0.6572, 0.6575, 0.6672], [0.7432, 0.7409, 0.7449, 0.7448, 0.7463, 0.74]]	
Results: 	[[0.7268, 0.7236, 0.7252, 0.7204, 0.7188, 0.7209, 0.7204], [0.7537, 0.7502, 0.7529, 0.7522, 0.7564, 0.7517, 0.7513], [0.7347, 0.7343, 0.7354, 0.7288, 0.729, 0.7308, 0.7322], [0.7356, 0.735, 0.7362, 0.7311, 0.7354, 0.7346, 0.7394], [0.6613, 0.6657, 0.6717, 0.6572, 0.6575, 0.6672, 0.6602], [0.7432, 0.7409, 0.7449, 0.7448, 0.7463, 0.74, 0.7436]]	
Results: 	[[0.7268, 0.7236, 0.7252, 0.7204, 0.7188, 0.7209, 0.7204, 0.7263], [0.7537, 0.7502, 0.7529, 0.7522, 0.7564, 0.7517, 0.7513, 0.751], [0.7347, 0.7343, 0.7354, 0.7288, 0.729, 0.7308, 0.7322, 0.7342], [0.7356, 0.735, 0.7362, 0.7311, 0.7354, 0.7346, 0.7394, 0.7348], [0.6613, 0.6657, 0.6717, 0.6572, 0.6575, 0.6672, 0.6602, 0.6554], [0.7432, 0.7409, 0.7449, 0.7448, 0.7463, 0.74, 0.7436, 0.7437]]	
Results: 	[[0.7268, 0.7236, 0.7252, 0.7204, 0.7188, 0.7209, 0.7204, 0.7263, 0.7214], [0.7537, 0.7502, 0.7529, 0.7522, 0.7564, 0.7517, 0.7513, 0.751, 0.752], [0.7347, 0.7343, 0.7354, 0.7288, 0.729, 0.7308, 0.7322, 0.7342, 0.7358], [0.7356, 0.735, 0.7362, 0.7311, 0.7354, 0.7346, 0.7394, 0.7348, 0.7322], [0.6613, 0.6657, 0.6717, 0.6572, 0.6575, 0.6672, 0.6602, 0.6554, 0.6689], [0.7432, 0.7409, 0.7449, 0.7448, 0.7463, 0.74, 0.7436, 0.7437, 0.7444]]	
Results: 	[[0.7268, 0.7236, 0.7252, 0.7204, 0.7188, 0.7209, 0.7204, 0.7263, 0.7214, 0.7215], [0.7537, 0.7502, 0.7529, 0.7522, 0.7564, 0.7517, 0.7513, 0.751, 0.752, 0.757], [0.7347, 0.7343, 0.7354, 0.7288, 0.729, 0.7308, 0.7322, 0.7342, 0.7358, 0.7327], [0.7356, 0.735, 0.7362, 0.7311, 0.7354, 0.7346, 0.7394, 0.7348, 0.7322, 0.7397], [0.6613, 0.6657, 0.6717, 0.6572, 0.6575, 0.6672, 0.6602, 0.6554, 0.6689, 0.6677], [0.7432, 0.7409, 0.7449, 0.7448, 0.7463, 0.74, 0.7436, 0.7437, 0.7444, 0.7437]]	
Results: 	[[0.7268, 0.7236, 0.7252, 0.7204, 0.7188, 0.7209, 0.7204, 0.7263, 0.7214, 0.7215, 0.7215], [0.7537, 0.7502, 0.7529, 0.7522, 0.7564, 0.7517, 0.7513, 0.751, 0.752, 0.757, 0.7525], [0.7347, 0.7343, 0.7354, 0.7288, 0.729, 0.7308, 0.7322, 0.7342, 0.7358, 0.7327, 0.7314], [0.7356, 0.735, 0.7362, 0.7311, 0.7354, 0.7346, 0.7394, 0.7348, 0.7322, 0.7397, 0.7384], [0.6613, 0.6657, 0.6717, 0.6572, 0.6575, 0.6672, 0.6602, 0.6554, 0.6689, 0.6677, 0.6634], [0.7432, 0.7409, 0.7449, 0.7448, 0.7463, 0.74, 0.7436, 0.7437, 0.7444, 0.7437, 0.7414]]	
Results: 	[[0.7268, 0.7236, 0.7252, 0.7204, 0.7188, 0.7209, 0.7204, 0.7263, 0.7214, 0.7215, 0.7215, 0.7226], [0.7537, 0.7502, 0.7529, 0.7522, 0.7564, 0.7517, 0.7513, 0.751, 0.752, 0.757, 0.7525, 0.7525], [0.7347, 0.7343, 0.7354, 0.7288, 0.729, 0.7308, 0.7322, 0.7342, 0.7358, 0.7327, 0.7314, 0.7304], [0.7356, 0.735, 0.7362, 0.7311, 0.7354, 0.7346, 0.7394, 0.7348, 0.7322, 0.7397, 0.7384, 0.7378], [0.6613, 0.6657, 0.6717, 0.6572, 0.6575, 0.6672, 0.6602, 0.6554, 0.6689, 0.6677, 0.6634, 0.6626], [0.7432, 0.7409, 0.7449, 0.7448, 0.7463, 0.74, 0.7436, 0.7437, 0.7444, 0.7437, 0.7414, 0.746]]	
Results: 	[[0.7268, 0.7236, 0.7252, 0.7204, 0.7188, 0.7209, 0.7204, 0.7263, 0.7214, 0.7215, 0.7215, 0.7226, 0.7171], [0.7537, 0.7502, 0.7529, 0.7522, 0.7564, 0.7517, 0.7513, 0.751, 0.752, 0.757, 0.7525, 0.7525, 0.7511], [0.7347, 0.7343, 0.7354, 0.7288, 0.729, 0.7308, 0.7322, 0.7342, 0.7358, 0.7327, 0.7314, 0.7304, 0.7313], [0.7356, 0.735, 0.7362, 0.7311, 0.7354, 0.7346, 0.7394, 0.7348, 0.7322, 0.7397, 0.7384, 0.7378, 0.7354], [0.6613, 0.6657, 0.6717, 0.6572, 0.6575, 0.6672, 0.6602, 0.6554, 0.6689, 0.6677, 0.6634, 0.6626, 0.6752], [0.7432, 0.7409, 0.7449, 0.7448, 0.7463, 0.74, 0.7436, 0.7437, 0.7444, 0.7437, 0.7414, 0.746, 0.7424]]	
Results: 	[[0.7268, 0.7236, 0.7252, 0.7204, 0.7188, 0.7209, 0.7204, 0.7263, 0.7214, 0.7215, 0.7215, 0.7226, 0.7171, 0.722], [0.7537, 0.7502, 0.7529, 0.7522, 0.7564, 0.7517, 0.7513, 0.751, 0.752, 0.757, 0.7525, 0.7525, 0.7511, 0.7486], [0.7347, 0.7343, 0.7354, 0.7288, 0.729, 0.7308, 0.7322, 0.7342, 0.7358, 0.7327, 0.7314, 0.7304, 0.7313, 0.7325], [0.7356, 0.735, 0.7362, 0.7311, 0.7354, 0.7346, 0.7394, 0.7348, 0.7322, 0.7397, 0.7384, 0.7378, 0.7354, 0.7368], [0.6613, 0.6657, 0.6717, 0.6572, 0.6575, 0.6672, 0.6602, 0.6554, 0.6689, 0.6677, 0.6634, 0.6626, 0.6752, 0.6637], [0.7432, 0.7409, 0.7449, 0.7448, 0.7463, 0.74, 0.7436, 0.7437, 0.7444, 0.7437, 0.7414, 0.746, 0.7424, 0.7434]]	
Results: 	[[0.7268, 0.7236, 0.7252, 0.7204, 0.7188, 0.7209, 0.7204, 0.7263, 0.7214, 0.7215, 0.7215, 0.7226, 0.7171, 0.722, 0.7247], [0.7537, 0.7502, 0.7529, 0.7522, 0.7564, 0.7517, 0.7513, 0.751, 0.752, 0.757, 0.7525, 0.7525, 0.7511, 0.7486, 0.749], [0.7347, 0.7343, 0.7354, 0.7288, 0.729, 0.7308, 0.7322, 0.7342, 0.7358, 0.7327, 0.7314, 0.7304, 0.7313, 0.7325, 0.7339], [0.7356, 0.735, 0.7362, 0.7311, 0.7354, 0.7346, 0.7394, 0.7348, 0.7322, 0.7397, 0.7384, 0.7378, 0.7354, 0.7368, 0.7376], [0.6613, 0.6657, 0.6717, 0.6572, 0.6575, 0.6672, 0.6602, 0.6554, 0.6689, 0.6677, 0.6634, 0.6626, 0.6752, 0.6637, 0.6658], [0.7432, 0.7409, 0.7449, 0.7448, 0.7463, 0.74, 0.7436, 0.7437, 0.7444, 0.7437, 0.7414, 0.746, 0.7424, 0.7434, 0.7441]]	
Results: 	[[0.7268, 0.7236, 0.7252, 0.7204, 0.7188, 0.7209, 0.7204, 0.7263, 0.7214, 0.7215, 0.7215, 0.7226, 0.7171, 0.722, 0.7247, 0.7247], [0.7537, 0.7502, 0.7529, 0.7522, 0.7564, 0.7517, 0.7513, 0.751, 0.752, 0.757, 0.7525, 0.7525, 0.7511, 0.7486, 0.749, 0.7477], [0.7347, 0.7343, 0.7354, 0.7288, 0.729, 0.7308, 0.7322, 0.7342, 0.7358, 0.7327, 0.7314, 0.7304, 0.7313, 0.7325, 0.7339, 0.7321], [0.7356, 0.735, 0.7362, 0.7311, 0.7354, 0.7346, 0.7394, 0.7348, 0.7322, 0.7397, 0.7384, 0.7378, 0.7354, 0.7368, 0.7376, 0.7372], [0.6613, 0.6657, 0.6717, 0.6572, 0.6575, 0.6672, 0.6602, 0.6554, 0.6689, 0.6677, 0.6634, 0.6626, 0.6752, 0.6637, 0.6658, 0.6546], [0.7432, 0.7409, 0.7449, 0.7448, 0.7463, 0.74, 0.7436, 0.7437, 0.7444, 0.7437, 0.7414, 0.746, 0.7424, 0.7434, 0.7441, 0.7474]]	
Results: 	[[0.7268, 0.7236, 0.7252, 0.7204, 0.7188, 0.7209, 0.7204, 0.7263, 0.7214, 0.7215, 0.7215, 0.7226, 0.7171, 0.722, 0.7247, 0.7247, 0.7209], [0.7537, 0.7502, 0.7529, 0.7522, 0.7564, 0.7517, 0.7513, 0.751, 0.752, 0.757, 0.7525, 0.7525, 0.7511, 0.7486, 0.749, 0.7477, 0.7486], [0.7347, 0.7343, 0.7354, 0.7288, 0.729, 0.7308, 0.7322, 0.7342, 0.7358, 0.7327, 0.7314, 0.7304, 0.7313, 0.7325, 0.7339, 0.7321, 0.7307], [0.7356, 0.735, 0.7362, 0.7311, 0.7354, 0.7346, 0.7394, 0.7348, 0.7322, 0.7397, 0.7384, 0.7378, 0.7354, 0.7368, 0.7376, 0.7372, 0.7363], [0.6613, 0.6657, 0.6717, 0.6572, 0.6575, 0.6672, 0.6602, 0.6554, 0.6689, 0.6677, 0.6634, 0.6626, 0.6752, 0.6637, 0.6658, 0.6546, 0.6564], [0.7432, 0.7409, 0.7449, 0.7448, 0.7463, 0.74, 0.7436, 0.7437, 0.7444, 0.7437, 0.7414, 0.746, 0.7424, 0.7434, 0.7441, 0.7474, 0.7429]]	
Results: 	[[0.7268, 0.7236, 0.7252, 0.7204, 0.7188, 0.7209, 0.7204, 0.7263, 0.7214, 0.7215, 0.7215, 0.7226, 0.7171, 0.722, 0.7247, 0.7247, 0.7209, 0.7247], [0.7537, 0.7502, 0.7529, 0.7522, 0.7564, 0.7517, 0.7513, 0.751, 0.752, 0.757, 0.7525, 0.7525, 0.7511, 0.7486, 0.749, 0.7477, 0.7486, 0.7444], [0.7347, 0.7343, 0.7354, 0.7288, 0.729, 0.7308, 0.7322, 0.7342, 0.7358, 0.7327, 0.7314, 0.7304, 0.7313, 0.7325, 0.7339, 0.7321, 0.7307, 0.73], [0.7356, 0.735, 0.7362, 0.7311, 0.7354, 0.7346, 0.7394, 0.7348, 0.7322, 0.7397, 0.7384, 0.7378, 0.7354, 0.7368, 0.7376, 0.7372, 0.7363, 0.7357], [0.6613, 0.6657, 0.6717, 0.6572, 0.6575, 0.6672, 0.6602, 0.6554, 0.6689, 0.6677, 0.6634, 0.6626, 0.6752, 0.6637, 0.6658, 0.6546, 0.6564, 0.6566], [0.7432, 0.7409, 0.7449, 0.7448, 0.7463, 0.74, 0.7436, 0.7437, 0.7444, 0.7437, 0.7414, 0.746, 0.7424, 0.7434, 0.7441, 0.7474, 0.7429, 0.7432]]	
Results: 	[[0.7268, 0.7236, 0.7252, 0.7204, 0.7188, 0.7209, 0.7204, 0.7263, 0.7214, 0.7215, 0.7215, 0.7226, 0.7171, 0.722, 0.7247, 0.7247, 0.7209, 0.7247, 0.7231], [0.7537, 0.7502, 0.7529, 0.7522, 0.7564, 0.7517, 0.7513, 0.751, 0.752, 0.757, 0.7525, 0.7525, 0.7511, 0.7486, 0.749, 0.7477, 0.7486, 0.7444, 0.749], [0.7347, 0.7343, 0.7354, 0.7288, 0.729, 0.7308, 0.7322, 0.7342, 0.7358, 0.7327, 0.7314, 0.7304, 0.7313, 0.7325, 0.7339, 0.7321, 0.7307, 0.73, 0.7294], [0.7356, 0.735, 0.7362, 0.7311, 0.7354, 0.7346, 0.7394, 0.7348, 0.7322, 0.7397, 0.7384, 0.7378, 0.7354, 0.7368, 0.7376, 0.7372, 0.7363, 0.7357, 0.7347], [0.6613, 0.6657, 0.6717, 0.6572, 0.6575, 0.6672, 0.6602, 0.6554, 0.6689, 0.6677, 0.6634, 0.6626, 0.6752, 0.6637, 0.6658, 0.6546, 0.6564, 0.6566, 0.6755], [0.7432, 0.7409, 0.7449, 0.7448, 0.7463, 0.74, 0.7436, 0.7437, 0.7444, 0.7437, 0.7414, 0.746, 0.7424, 0.7434, 0.7441, 0.7474, 0.7429, 0.7432, 0.7416]]	
Results: 	[[0.7268, 0.7236, 0.7252, 0.7204, 0.7188, 0.7209, 0.7204, 0.7263, 0.7214, 0.7215, 0.7215, 0.7226, 0.7171, 0.722, 0.7247, 0.7247, 0.7209, 0.7247, 0.7231, 0.7269], [0.7537, 0.7502, 0.7529, 0.7522, 0.7564, 0.7517, 0.7513, 0.751, 0.752, 0.757, 0.7525, 0.7525, 0.7511, 0.7486, 0.749, 0.7477, 0.7486, 0.7444, 0.749, 0.7549], [0.7347, 0.7343, 0.7354, 0.7288, 0.729, 0.7308, 0.7322, 0.7342, 0.7358, 0.7327, 0.7314, 0.7304, 0.7313, 0.7325, 0.7339, 0.7321, 0.7307, 0.73, 0.7294, 0.7363], [0.7356, 0.735, 0.7362, 0.7311, 0.7354, 0.7346, 0.7394, 0.7348, 0.7322, 0.7397, 0.7384, 0.7378, 0.7354, 0.7368, 0.7376, 0.7372, 0.7363, 0.7357, 0.7347, 0.736], [0.6613, 0.6657, 0.6717, 0.6572, 0.6575, 0.6672, 0.6602, 0.6554, 0.6689, 0.6677, 0.6634, 0.6626, 0.6752, 0.6637, 0.6658, 0.6546, 0.6564, 0.6566, 0.6755, 0.6709], [0.7432, 0.7409, 0.7449, 0.7448, 0.7463, 0.74, 0.7436, 0.7437, 0.7444, 0.7437, 0.7414, 0.746, 0.7424, 0.7434, 0.7441, 0.7474, 0.7429, 0.7432, 0.7416, 0.7419]]	
Results: 	[[0.7268, 0.7236, 0.7252, 0.7204, 0.7188, 0.7209, 0.7204, 0.7263, 0.7214, 0.7215, 0.7215, 0.7226, 0.7171, 0.722, 0.7247, 0.7247, 0.7209, 0.7247, 0.7231, 0.7269, 0.7172], [0.7537, 0.7502, 0.7529, 0.7522, 0.7564, 0.7517, 0.7513, 0.751, 0.752, 0.757, 0.7525, 0.7525, 0.7511, 0.7486, 0.749, 0.7477, 0.7486, 0.7444, 0.749, 0.7549, 0.7562], [0.7347, 0.7343, 0.7354, 0.7288, 0.729, 0.7308, 0.7322, 0.7342, 0.7358, 0.7327, 0.7314, 0.7304, 0.7313, 0.7325, 0.7339, 0.7321, 0.7307, 0.73, 0.7294, 0.7363, 0.7308], [0.7356, 0.735, 0.7362, 0.7311, 0.7354, 0.7346, 0.7394, 0.7348, 0.7322, 0.7397, 0.7384, 0.7378, 0.7354, 0.7368, 0.7376, 0.7372, 0.7363, 0.7357, 0.7347, 0.736, 0.7371], [0.6613, 0.6657, 0.6717, 0.6572, 0.6575, 0.6672, 0.6602, 0.6554, 0.6689, 0.6677, 0.6634, 0.6626, 0.6752, 0.6637, 0.6658, 0.6546, 0.6564, 0.6566, 0.6755, 0.6709, 0.6645], [0.7432, 0.7409, 0.7449, 0.7448, 0.7463, 0.74, 0.7436, 0.7437, 0.7444, 0.7437, 0.7414, 0.746, 0.7424, 0.7434, 0.7441, 0.7474, 0.7429, 0.7432, 0.7416, 0.7419, 0.7442]]	
Results: 	[[0.7268, 0.7236, 0.7252, 0.7204, 0.7188, 0.7209, 0.7204, 0.7263, 0.7214, 0.7215, 0.7215, 0.7226, 0.7171, 0.722, 0.7247, 0.7247, 0.7209, 0.7247, 0.7231, 0.7269, 0.7172, 0.7198], [0.7537, 0.7502, 0.7529, 0.7522, 0.7564, 0.7517, 0.7513, 0.751, 0.752, 0.757, 0.7525, 0.7525, 0.7511, 0.7486, 0.749, 0.7477, 0.7486, 0.7444, 0.749, 0.7549, 0.7562, 0.7479], [0.7347, 0.7343, 0.7354, 0.7288, 0.729, 0.7308, 0.7322, 0.7342, 0.7358, 0.7327, 0.7314, 0.7304, 0.7313, 0.7325, 0.7339, 0.7321, 0.7307, 0.73, 0.7294, 0.7363, 0.7308, 0.7297], [0.7356, 0.735, 0.7362, 0.7311, 0.7354, 0.7346, 0.7394, 0.7348, 0.7322, 0.7397, 0.7384, 0.7378, 0.7354, 0.7368, 0.7376, 0.7372, 0.7363, 0.7357, 0.7347, 0.736, 0.7371, 0.7365], [0.6613, 0.6657, 0.6717, 0.6572, 0.6575, 0.6672, 0.6602, 0.6554, 0.6689, 0.6677, 0.6634, 0.6626, 0.6752, 0.6637, 0.6658, 0.6546, 0.6564, 0.6566, 0.6755, 0.6709, 0.6645, 0.6575], [0.7432, 0.7409, 0.7449, 0.7448, 0.7463, 0.74, 0.7436, 0.7437, 0.7444, 0.7437, 0.7414, 0.746, 0.7424, 0.7434, 0.7441, 0.7474, 0.7429, 0.7432, 0.7416, 0.7419, 0.7442, 0.7455]]	
Results: 	[[0.7268, 0.7236, 0.7252, 0.7204, 0.7188, 0.7209, 0.7204, 0.7263, 0.7214, 0.7215, 0.7215, 0.7226, 0.7171, 0.722, 0.7247, 0.7247, 0.7209, 0.7247, 0.7231, 0.7269, 0.7172, 0.7198, 0.7252], [0.7537, 0.7502, 0.7529, 0.7522, 0.7564, 0.7517, 0.7513, 0.751, 0.752, 0.757, 0.7525, 0.7525, 0.7511, 0.7486, 0.749, 0.7477, 0.7486, 0.7444, 0.749, 0.7549, 0.7562, 0.7479, 0.755], [0.7347, 0.7343, 0.7354, 0.7288, 0.729, 0.7308, 0.7322, 0.7342, 0.7358, 0.7327, 0.7314, 0.7304, 0.7313, 0.7325, 0.7339, 0.7321, 0.7307, 0.73, 0.7294, 0.7363, 0.7308, 0.7297, 0.7311], [0.7356, 0.735, 0.7362, 0.7311, 0.7354, 0.7346, 0.7394, 0.7348, 0.7322, 0.7397, 0.7384, 0.7378, 0.7354, 0.7368, 0.7376, 0.7372, 0.7363, 0.7357, 0.7347, 0.736, 0.7371, 0.7365, 0.7381], [0.6613, 0.6657, 0.6717, 0.6572, 0.6575, 0.6672, 0.6602, 0.6554, 0.6689, 0.6677, 0.6634, 0.6626, 0.6752, 0.6637, 0.6658, 0.6546, 0.6564, 0.6566, 0.6755, 0.6709, 0.6645, 0.6575, 0.6645], [0.7432, 0.7409, 0.7449, 0.7448, 0.7463, 0.74, 0.7436, 0.7437, 0.7444, 0.7437, 0.7414, 0.746, 0.7424, 0.7434, 0.7441, 0.7474, 0.7429, 0.7432, 0.7416, 0.7419, 0.7442, 0.7455, 0.7422]]	
Results: 	[[0.7268, 0.7236, 0.7252, 0.7204, 0.7188, 0.7209, 0.7204, 0.7263, 0.7214, 0.7215, 0.7215, 0.7226, 0.7171, 0.722, 0.7247, 0.7247, 0.7209, 0.7247, 0.7231, 0.7269, 0.7172, 0.7198, 0.7252, 0.7252], [0.7537, 0.7502, 0.7529, 0.7522, 0.7564, 0.7517, 0.7513, 0.751, 0.752, 0.757, 0.7525, 0.7525, 0.7511, 0.7486, 0.749, 0.7477, 0.7486, 0.7444, 0.749, 0.7549, 0.7562, 0.7479, 0.755, 0.744], [0.7347, 0.7343, 0.7354, 0.7288, 0.729, 0.7308, 0.7322, 0.7342, 0.7358, 0.7327, 0.7314, 0.7304, 0.7313, 0.7325, 0.7339, 0.7321, 0.7307, 0.73, 0.7294, 0.7363, 0.7308, 0.7297, 0.7311, 0.7304], [0.7356, 0.735, 0.7362, 0.7311, 0.7354, 0.7346, 0.7394, 0.7348, 0.7322, 0.7397, 0.7384, 0.7378, 0.7354, 0.7368, 0.7376, 0.7372, 0.7363, 0.7357, 0.7347, 0.736, 0.7371, 0.7365, 0.7381, 0.7412], [0.6613, 0.6657, 0.6717, 0.6572, 0.6575, 0.6672, 0.6602, 0.6554, 0.6689, 0.6677, 0.6634, 0.6626, 0.6752, 0.6637, 0.6658, 0.6546, 0.6564, 0.6566, 0.6755, 0.6709, 0.6645, 0.6575, 0.6645, 0.6661], [0.7432, 0.7409, 0.7449, 0.7448, 0.7463, 0.74, 0.7436, 0.7437, 0.7444, 0.7437, 0.7414, 0.746, 0.7424, 0.7434, 0.7441, 0.7474, 0.7429, 0.7432, 0.7416, 0.7419, 0.7442, 0.7455, 0.7422, 0.7426]]	
Results: 	[[0.7268, 0.7236, 0.7252, 0.7204, 0.7188, 0.7209, 0.7204, 0.7263, 0.7214, 0.7215, 0.7215, 0.7226, 0.7171, 0.722, 0.7247, 0.7247, 0.7209, 0.7247, 0.7231, 0.7269, 0.7172, 0.7198, 0.7252, 0.7252, 0.7241], [0.7537, 0.7502, 0.7529, 0.7522, 0.7564, 0.7517, 0.7513, 0.751, 0.752, 0.757, 0.7525, 0.7525, 0.7511, 0.7486, 0.749, 0.7477, 0.7486, 0.7444, 0.749, 0.7549, 0.7562, 0.7479, 0.755, 0.744, 0.7602], [0.7347, 0.7343, 0.7354, 0.7288, 0.729, 0.7308, 0.7322, 0.7342, 0.7358, 0.7327, 0.7314, 0.7304, 0.7313, 0.7325, 0.7339, 0.7321, 0.7307, 0.73, 0.7294, 0.7363, 0.7308, 0.7297, 0.7311, 0.7304, 0.73], [0.7356, 0.735, 0.7362, 0.7311, 0.7354, 0.7346, 0.7394, 0.7348, 0.7322, 0.7397, 0.7384, 0.7378, 0.7354, 0.7368, 0.7376, 0.7372, 0.7363, 0.7357, 0.7347, 0.736, 0.7371, 0.7365, 0.7381, 0.7412, 0.7396], [0.6613, 0.6657, 0.6717, 0.6572, 0.6575, 0.6672, 0.6602, 0.6554, 0.6689, 0.6677, 0.6634, 0.6626, 0.6752, 0.6637, 0.6658, 0.6546, 0.6564, 0.6566, 0.6755, 0.6709, 0.6645, 0.6575, 0.6645, 0.6661, 0.6648], [0.7432, 0.7409, 0.7449, 0.7448, 0.7463, 0.74, 0.7436, 0.7437, 0.7444, 0.7437, 0.7414, 0.746, 0.7424, 0.7434, 0.7441, 0.7474, 0.7429, 0.7432, 0.7416, 0.7419, 0.7442, 0.7455, 0.7422, 0.7426, 0.7421]]	
Results: 	[[0.7268, 0.7236, 0.7252, 0.7204, 0.7188, 0.7209, 0.7204, 0.7263, 0.7214, 0.7215, 0.7215, 0.7226, 0.7171, 0.722, 0.7247, 0.7247, 0.7209, 0.7247, 0.7231, 0.7269, 0.7172, 0.7198, 0.7252, 0.7252, 0.7241, 0.7225], [0.7537, 0.7502, 0.7529, 0.7522, 0.7564, 0.7517, 0.7513, 0.751, 0.752, 0.757, 0.7525, 0.7525, 0.7511, 0.7486, 0.749, 0.7477, 0.7486, 0.7444, 0.749, 0.7549, 0.7562, 0.7479, 0.755, 0.744, 0.7602, 0.7547], [0.7347, 0.7343, 0.7354, 0.7288, 0.729, 0.7308, 0.7322, 0.7342, 0.7358, 0.7327, 0.7314, 0.7304, 0.7313, 0.7325, 0.7339, 0.7321, 0.7307, 0.73, 0.7294, 0.7363, 0.7308, 0.7297, 0.7311, 0.7304, 0.73, 0.7341], [0.7356, 0.735, 0.7362, 0.7311, 0.7354, 0.7346, 0.7394, 0.7348, 0.7322, 0.7397, 0.7384, 0.7378, 0.7354, 0.7368, 0.7376, 0.7372, 0.7363, 0.7357, 0.7347, 0.736, 0.7371, 0.7365, 0.7381, 0.7412, 0.7396, 0.7374], [0.6613, 0.6657, 0.6717, 0.6572, 0.6575, 0.6672, 0.6602, 0.6554, 0.6689, 0.6677, 0.6634, 0.6626, 0.6752, 0.6637, 0.6658, 0.6546, 0.6564, 0.6566, 0.6755, 0.6709, 0.6645, 0.6575, 0.6645, 0.6661, 0.6648, 0.6715], [0.7432, 0.7409, 0.7449, 0.7448, 0.7463, 0.74, 0.7436, 0.7437, 0.7444, 0.7437, 0.7414, 0.746, 0.7424, 0.7434, 0.7441, 0.7474, 0.7429, 0.7432, 0.7416, 0.7419, 0.7442, 0.7455, 0.7422, 0.7426, 0.7421, 0.7448]]	
Results: 	[[0.7268, 0.7236, 0.7252, 0.7204, 0.7188, 0.7209, 0.7204, 0.7263, 0.7214, 0.7215, 0.7215, 0.7226, 0.7171, 0.722, 0.7247, 0.7247, 0.7209, 0.7247, 0.7231, 0.7269, 0.7172, 0.7198, 0.7252, 0.7252, 0.7241, 0.7225, 0.7188], [0.7537, 0.7502, 0.7529, 0.7522, 0.7564, 0.7517, 0.7513, 0.751, 0.752, 0.757, 0.7525, 0.7525, 0.7511, 0.7486, 0.749, 0.7477, 0.7486, 0.7444, 0.749, 0.7549, 0.7562, 0.7479, 0.755, 0.744, 0.7602, 0.7547, 0.7514], [0.7347, 0.7343, 0.7354, 0.7288, 0.729, 0.7308, 0.7322, 0.7342, 0.7358, 0.7327, 0.7314, 0.7304, 0.7313, 0.7325, 0.7339, 0.7321, 0.7307, 0.73, 0.7294, 0.7363, 0.7308, 0.7297, 0.7311, 0.7304, 0.73, 0.7341, 0.7348], [0.7356, 0.735, 0.7362, 0.7311, 0.7354, 0.7346, 0.7394, 0.7348, 0.7322, 0.7397, 0.7384, 0.7378, 0.7354, 0.7368, 0.7376, 0.7372, 0.7363, 0.7357, 0.7347, 0.736, 0.7371, 0.7365, 0.7381, 0.7412, 0.7396, 0.7374, 0.7341], [0.6613, 0.6657, 0.6717, 0.6572, 0.6575, 0.6672, 0.6602, 0.6554, 0.6689, 0.6677, 0.6634, 0.6626, 0.6752, 0.6637, 0.6658, 0.6546, 0.6564, 0.6566, 0.6755, 0.6709, 0.6645, 0.6575, 0.6645, 0.6661, 0.6648, 0.6715, 0.6551], [0.7432, 0.7409, 0.7449, 0.7448, 0.7463, 0.74, 0.7436, 0.7437, 0.7444, 0.7437, 0.7414, 0.746, 0.7424, 0.7434, 0.7441, 0.7474, 0.7429, 0.7432, 0.7416, 0.7419, 0.7442, 0.7455, 0.7422, 0.7426, 0.7421, 0.7448, 0.7385]]	
Results: 	[[0.7268, 0.7236, 0.7252, 0.7204, 0.7188, 0.7209, 0.7204, 0.7263, 0.7214, 0.7215, 0.7215, 0.7226, 0.7171, 0.722, 0.7247, 0.7247, 0.7209, 0.7247, 0.7231, 0.7269, 0.7172, 0.7198, 0.7252, 0.7252, 0.7241, 0.7225, 0.7188, 0.7268], [0.7537, 0.7502, 0.7529, 0.7522, 0.7564, 0.7517, 0.7513, 0.751, 0.752, 0.757, 0.7525, 0.7525, 0.7511, 0.7486, 0.749, 0.7477, 0.7486, 0.7444, 0.749, 0.7549, 0.7562, 0.7479, 0.755, 0.744, 0.7602, 0.7547, 0.7514, 0.7502], [0.7347, 0.7343, 0.7354, 0.7288, 0.729, 0.7308, 0.7322, 0.7342, 0.7358, 0.7327, 0.7314, 0.7304, 0.7313, 0.7325, 0.7339, 0.7321, 0.7307, 0.73, 0.7294, 0.7363, 0.7308, 0.7297, 0.7311, 0.7304, 0.73, 0.7341, 0.7348, 0.7345], [0.7356, 0.735, 0.7362, 0.7311, 0.7354, 0.7346, 0.7394, 0.7348, 0.7322, 0.7397, 0.7384, 0.7378, 0.7354, 0.7368, 0.7376, 0.7372, 0.7363, 0.7357, 0.7347, 0.736, 0.7371, 0.7365, 0.7381, 0.7412, 0.7396, 0.7374, 0.7341, 0.7375], [0.6613, 0.6657, 0.6717, 0.6572, 0.6575, 0.6672, 0.6602, 0.6554, 0.6689, 0.6677, 0.6634, 0.6626, 0.6752, 0.6637, 0.6658, 0.6546, 0.6564, 0.6566, 0.6755, 0.6709, 0.6645, 0.6575, 0.6645, 0.6661, 0.6648, 0.6715, 0.6551, 0.6573], [0.7432, 0.7409, 0.7449, 0.7448, 0.7463, 0.74, 0.7436, 0.7437, 0.7444, 0.7437, 0.7414, 0.746, 0.7424, 0.7434, 0.7441, 0.7474, 0.7429, 0.7432, 0.7416, 0.7419, 0.7442, 0.7455, 0.7422, 0.7426, 0.7421, 0.7448, 0.7385, 0.7471]]	
Results: 	[[0.7268, 0.7236, 0.7252, 0.7204, 0.7188, 0.7209, 0.7204, 0.7263, 0.7214, 0.7215, 0.7215, 0.7226, 0.7171, 0.722, 0.7247, 0.7247, 0.7209, 0.7247, 0.7231, 0.7269, 0.7172, 0.7198, 0.7252, 0.7252, 0.7241, 0.7225, 0.7188, 0.7268, 0.7258], [0.7537, 0.7502, 0.7529, 0.7522, 0.7564, 0.7517, 0.7513, 0.751, 0.752, 0.757, 0.7525, 0.7525, 0.7511, 0.7486, 0.749, 0.7477, 0.7486, 0.7444, 0.749, 0.7549, 0.7562, 0.7479, 0.755, 0.744, 0.7602, 0.7547, 0.7514, 0.7502, 0.7467], [0.7347, 0.7343, 0.7354, 0.7288, 0.729, 0.7308, 0.7322, 0.7342, 0.7358, 0.7327, 0.7314, 0.7304, 0.7313, 0.7325, 0.7339, 0.7321, 0.7307, 0.73, 0.7294, 0.7363, 0.7308, 0.7297, 0.7311, 0.7304, 0.73, 0.7341, 0.7348, 0.7345, 0.7314], [0.7356, 0.735, 0.7362, 0.7311, 0.7354, 0.7346, 0.7394, 0.7348, 0.7322, 0.7397, 0.7384, 0.7378, 0.7354, 0.7368, 0.7376, 0.7372, 0.7363, 0.7357, 0.7347, 0.736, 0.7371, 0.7365, 0.7381, 0.7412, 0.7396, 0.7374, 0.7341, 0.7375, 0.735], [0.6613, 0.6657, 0.6717, 0.6572, 0.6575, 0.6672, 0.6602, 0.6554, 0.6689, 0.6677, 0.6634, 0.6626, 0.6752, 0.6637, 0.6658, 0.6546, 0.6564, 0.6566, 0.6755, 0.6709, 0.6645, 0.6575, 0.6645, 0.6661, 0.6648, 0.6715, 0.6551, 0.6573, 0.6725], [0.7432, 0.7409, 0.7449, 0.7448, 0.7463, 0.74, 0.7436, 0.7437, 0.7444, 0.7437, 0.7414, 0.746, 0.7424, 0.7434, 0.7441, 0.7474, 0.7429, 0.7432, 0.7416, 0.7419, 0.7442, 0.7455, 0.7422, 0.7426, 0.7421, 0.7448, 0.7385, 0.7471, 0.7432]]	
Results: 	[[0.7268, 0.7236, 0.7252, 0.7204, 0.7188, 0.7209, 0.7204, 0.7263, 0.7214, 0.7215, 0.7215, 0.7226, 0.7171, 0.722, 0.7247, 0.7247, 0.7209, 0.7247, 0.7231, 0.7269, 0.7172, 0.7198, 0.7252, 0.7252, 0.7241, 0.7225, 0.7188, 0.7268, 0.7258, 0.7311], [0.7537, 0.7502, 0.7529, 0.7522, 0.7564, 0.7517, 0.7513, 0.751, 0.752, 0.757, 0.7525, 0.7525, 0.7511, 0.7486, 0.749, 0.7477, 0.7486, 0.7444, 0.749, 0.7549, 0.7562, 0.7479, 0.755, 0.744, 0.7602, 0.7547, 0.7514, 0.7502, 0.7467, 0.7494], [0.7347, 0.7343, 0.7354, 0.7288, 0.729, 0.7308, 0.7322, 0.7342, 0.7358, 0.7327, 0.7314, 0.7304, 0.7313, 0.7325, 0.7339, 0.7321, 0.7307, 0.73, 0.7294, 0.7363, 0.7308, 0.7297, 0.7311, 0.7304, 0.73, 0.7341, 0.7348, 0.7345, 0.7314, 0.7325], [0.7356, 0.735, 0.7362, 0.7311, 0.7354, 0.7346, 0.7394, 0.7348, 0.7322, 0.7397, 0.7384, 0.7378, 0.7354, 0.7368, 0.7376, 0.7372, 0.7363, 0.7357, 0.7347, 0.736, 0.7371, 0.7365, 0.7381, 0.7412, 0.7396, 0.7374, 0.7341, 0.7375, 0.735, 0.7372], [0.6613, 0.6657, 0.6717, 0.6572, 0.6575, 0.6672, 0.6602, 0.6554, 0.6689, 0.6677, 0.6634, 0.6626, 0.6752, 0.6637, 0.6658, 0.6546, 0.6564, 0.6566, 0.6755, 0.6709, 0.6645, 0.6575, 0.6645, 0.6661, 0.6648, 0.6715, 0.6551, 0.6573, 0.6725, 0.6696], [0.7432, 0.7409, 0.7449, 0.7448, 0.7463, 0.74, 0.7436, 0.7437, 0.7444, 0.7437, 0.7414, 0.746, 0.7424, 0.7434, 0.7441, 0.7474, 0.7429, 0.7432, 0.7416, 0.7419, 0.7442, 0.7455, 0.7422, 0.7426, 0.7421, 0.7448, 0.7385, 0.7471, 0.7432, 0.7431]]
30 Support Sets: (Mean:0.723, SD:0.003205490978585508) | 	30 Support Sets: (Mean:0.7514133333333334, SD:0.0036677281640079954) | 	30 Support Sets: (Mean:0.7321733333333333, SD:0.0021588523984193315) | 	30 Support Sets: (Mean:0.7364533333333333, SD:0.002153542924215067) | 	30 Support Sets: (Mean:0.66403, SD:0.006263916919341592) | 	30 Support Sets: (Mean:0.7434366666666666, SD:0.001985200994485376) | 	
	
