Results: 	[[0.7898], [0.787], [0.739]]	
Results: 	[[0.7898, 0.7885], [0.787, 0.7906], [0.739, 0.7401]]	
Results: 	[[0.7898, 0.7885, 0.7853], [0.787, 0.7906, 0.7878], [0.739, 0.7401, 0.7399]]	
Results: 	[[0.7898, 0.7885, 0.7853, 0.7895], [0.787, 0.7906, 0.7878, 0.7899], [0.739, 0.7401, 0.7399, 0.7398]]	
Results: 	[[0.7898, 0.7885, 0.7853, 0.7895, 0.7867], [0.787, 0.7906, 0.7878, 0.7899, 0.7893], [0.739, 0.7401, 0.7399, 0.7398, 0.7408]]	
Results: 	[[0.7898, 0.7885, 0.7853, 0.7895, 0.7867, 0.7872], [0.787, 0.7906, 0.7878, 0.7899, 0.7893, 0.7876], [0.739, 0.7401, 0.7399, 0.7398, 0.7408, 0.7398]]	
Results: 	[[0.7898, 0.7885, 0.7853, 0.7895, 0.7867, 0.7872, 0.7868], [0.787, 0.7906, 0.7878, 0.7899, 0.7893, 0.7876, 0.7888], [0.739, 0.7401, 0.7399, 0.7398, 0.7408, 0.7398, 0.7394]]	
Results: 	[[0.7898, 0.7885, 0.7853, 0.7895, 0.7867, 0.7872, 0.7868, 0.7876], [0.787, 0.7906, 0.7878, 0.7899, 0.7893, 0.7876, 0.7888, 0.7888], [0.739, 0.7401, 0.7399, 0.7398, 0.7408, 0.7398, 0.7394, 0.745]]	
Results: 	[[0.7898, 0.7885, 0.7853, 0.7895, 0.7867, 0.7872, 0.7868, 0.7876, 0.7874], [0.787, 0.7906, 0.7878, 0.7899, 0.7893, 0.7876, 0.7888, 0.7888, 0.789], [0.739, 0.7401, 0.7399, 0.7398, 0.7408, 0.7398, 0.7394, 0.745, 0.7394]]	
Results: 	[[0.7898, 0.7885, 0.7853, 0.7895, 0.7867, 0.7872, 0.7868, 0.7876, 0.7874, 0.7893], [0.787, 0.7906, 0.7878, 0.7899, 0.7893, 0.7876, 0.7888, 0.7888, 0.789, 0.7882], [0.739, 0.7401, 0.7399, 0.7398, 0.7408, 0.7398, 0.7394, 0.745, 0.7394, 0.739]]	
Results: 	[[0.7898, 0.7885, 0.7853, 0.7895, 0.7867, 0.7872, 0.7868, 0.7876, 0.7874, 0.7893, 0.7893], [0.787, 0.7906, 0.7878, 0.7899, 0.7893, 0.7876, 0.7888, 0.7888, 0.789, 0.7882, 0.7901], [0.739, 0.7401, 0.7399, 0.7398, 0.7408, 0.7398, 0.7394, 0.745, 0.7394, 0.739, 0.7388]]	
Results: 	[[0.7898, 0.7885, 0.7853, 0.7895, 0.7867, 0.7872, 0.7868, 0.7876, 0.7874, 0.7893, 0.7893, 0.7874], [0.787, 0.7906, 0.7878, 0.7899, 0.7893, 0.7876, 0.7888, 0.7888, 0.789, 0.7882, 0.7901, 0.791], [0.739, 0.7401, 0.7399, 0.7398, 0.7408, 0.7398, 0.7394, 0.745, 0.7394, 0.739, 0.7388, 0.7405]]	
Results: 	[[0.7898, 0.7885, 0.7853, 0.7895, 0.7867, 0.7872, 0.7868, 0.7876, 0.7874, 0.7893, 0.7893, 0.7874, 0.7874], [0.787, 0.7906, 0.7878, 0.7899, 0.7893, 0.7876, 0.7888, 0.7888, 0.789, 0.7882, 0.7901, 0.791, 0.7879], [0.739, 0.7401, 0.7399, 0.7398, 0.7408, 0.7398, 0.7394, 0.745, 0.7394, 0.739, 0.7388, 0.7405, 0.7406]]	
Results: 	[[0.7898, 0.7885, 0.7853, 0.7895, 0.7867, 0.7872, 0.7868, 0.7876, 0.7874, 0.7893, 0.7893, 0.7874, 0.7874, 0.7864], [0.787, 0.7906, 0.7878, 0.7899, 0.7893, 0.7876, 0.7888, 0.7888, 0.789, 0.7882, 0.7901, 0.791, 0.7879, 0.7893], [0.739, 0.7401, 0.7399, 0.7398, 0.7408, 0.7398, 0.7394, 0.745, 0.7394, 0.739, 0.7388, 0.7405, 0.7406, 0.7351]]	
Results: 	[[0.7898, 0.7885, 0.7853, 0.7895, 0.7867, 0.7872, 0.7868, 0.7876, 0.7874, 0.7893, 0.7893, 0.7874, 0.7874, 0.7864, 0.7869], [0.787, 0.7906, 0.7878, 0.7899, 0.7893, 0.7876, 0.7888, 0.7888, 0.789, 0.7882, 0.7901, 0.791, 0.7879, 0.7893, 0.7873], [0.739, 0.7401, 0.7399, 0.7398, 0.7408, 0.7398, 0.7394, 0.745, 0.7394, 0.739, 0.7388, 0.7405, 0.7406, 0.7351, 0.7399]]	
Results: 	[[0.7898, 0.7885, 0.7853, 0.7895, 0.7867, 0.7872, 0.7868, 0.7876, 0.7874, 0.7893, 0.7893, 0.7874, 0.7874, 0.7864, 0.7869, 0.7876], [0.787, 0.7906, 0.7878, 0.7899, 0.7893, 0.7876, 0.7888, 0.7888, 0.789, 0.7882, 0.7901, 0.791, 0.7879, 0.7893, 0.7873, 0.7912], [0.739, 0.7401, 0.7399, 0.7398, 0.7408, 0.7398, 0.7394, 0.745, 0.7394, 0.739, 0.7388, 0.7405, 0.7406, 0.7351, 0.7399, 0.7387]]	
Results: 	[[0.7898, 0.7885, 0.7853, 0.7895, 0.7867, 0.7872, 0.7868, 0.7876, 0.7874, 0.7893, 0.7893, 0.7874, 0.7874, 0.7864, 0.7869, 0.7876, 0.7898], [0.787, 0.7906, 0.7878, 0.7899, 0.7893, 0.7876, 0.7888, 0.7888, 0.789, 0.7882, 0.7901, 0.791, 0.7879, 0.7893, 0.7873, 0.7912, 0.7866], [0.739, 0.7401, 0.7399, 0.7398, 0.7408, 0.7398, 0.7394, 0.745, 0.7394, 0.739, 0.7388, 0.7405, 0.7406, 0.7351, 0.7399, 0.7387, 0.7398]]	
Results: 	[[0.7898, 0.7885, 0.7853, 0.7895, 0.7867, 0.7872, 0.7868, 0.7876, 0.7874, 0.7893, 0.7893, 0.7874, 0.7874, 0.7864, 0.7869, 0.7876, 0.7898, 0.7876], [0.787, 0.7906, 0.7878, 0.7899, 0.7893, 0.7876, 0.7888, 0.7888, 0.789, 0.7882, 0.7901, 0.791, 0.7879, 0.7893, 0.7873, 0.7912, 0.7866, 0.789], [0.739, 0.7401, 0.7399, 0.7398, 0.7408, 0.7398, 0.7394, 0.745, 0.7394, 0.739, 0.7388, 0.7405, 0.7406, 0.7351, 0.7399, 0.7387, 0.7398, 0.7395]]	
Results: 	[[0.7898, 0.7885, 0.7853, 0.7895, 0.7867, 0.7872, 0.7868, 0.7876, 0.7874, 0.7893, 0.7893, 0.7874, 0.7874, 0.7864, 0.7869, 0.7876, 0.7898, 0.7876, 0.7861], [0.787, 0.7906, 0.7878, 0.7899, 0.7893, 0.7876, 0.7888, 0.7888, 0.789, 0.7882, 0.7901, 0.791, 0.7879, 0.7893, 0.7873, 0.7912, 0.7866, 0.789, 0.7908], [0.739, 0.7401, 0.7399, 0.7398, 0.7408, 0.7398, 0.7394, 0.745, 0.7394, 0.739, 0.7388, 0.7405, 0.7406, 0.7351, 0.7399, 0.7387, 0.7398, 0.7395, 0.7414]]	
Results: 	[[0.7898, 0.7885, 0.7853, 0.7895, 0.7867, 0.7872, 0.7868, 0.7876, 0.7874, 0.7893, 0.7893, 0.7874, 0.7874, 0.7864, 0.7869, 0.7876, 0.7898, 0.7876, 0.7861, 0.7874], [0.787, 0.7906, 0.7878, 0.7899, 0.7893, 0.7876, 0.7888, 0.7888, 0.789, 0.7882, 0.7901, 0.791, 0.7879, 0.7893, 0.7873, 0.7912, 0.7866, 0.789, 0.7908, 0.7914], [0.739, 0.7401, 0.7399, 0.7398, 0.7408, 0.7398, 0.7394, 0.745, 0.7394, 0.739, 0.7388, 0.7405, 0.7406, 0.7351, 0.7399, 0.7387, 0.7398, 0.7395, 0.7414, 0.7373]]	
Results: 	[[0.7898, 0.7885, 0.7853, 0.7895, 0.7867, 0.7872, 0.7868, 0.7876, 0.7874, 0.7893, 0.7893, 0.7874, 0.7874, 0.7864, 0.7869, 0.7876, 0.7898, 0.7876, 0.7861, 0.7874, 0.7888], [0.787, 0.7906, 0.7878, 0.7899, 0.7893, 0.7876, 0.7888, 0.7888, 0.789, 0.7882, 0.7901, 0.791, 0.7879, 0.7893, 0.7873, 0.7912, 0.7866, 0.789, 0.7908, 0.7914, 0.7868], [0.739, 0.7401, 0.7399, 0.7398, 0.7408, 0.7398, 0.7394, 0.745, 0.7394, 0.739, 0.7388, 0.7405, 0.7406, 0.7351, 0.7399, 0.7387, 0.7398, 0.7395, 0.7414, 0.7373, 0.7382]]	
Results: 	[[0.7898, 0.7885, 0.7853, 0.7895, 0.7867, 0.7872, 0.7868, 0.7876, 0.7874, 0.7893, 0.7893, 0.7874, 0.7874, 0.7864, 0.7869, 0.7876, 0.7898, 0.7876, 0.7861, 0.7874, 0.7888, 0.7876], [0.787, 0.7906, 0.7878, 0.7899, 0.7893, 0.7876, 0.7888, 0.7888, 0.789, 0.7882, 0.7901, 0.791, 0.7879, 0.7893, 0.7873, 0.7912, 0.7866, 0.789, 0.7908, 0.7914, 0.7868, 0.7855], [0.739, 0.7401, 0.7399, 0.7398, 0.7408, 0.7398, 0.7394, 0.745, 0.7394, 0.739, 0.7388, 0.7405, 0.7406, 0.7351, 0.7399, 0.7387, 0.7398, 0.7395, 0.7414, 0.7373, 0.7382, 0.7372]]	
Results: 	[[0.7898, 0.7885, 0.7853, 0.7895, 0.7867, 0.7872, 0.7868, 0.7876, 0.7874, 0.7893, 0.7893, 0.7874, 0.7874, 0.7864, 0.7869, 0.7876, 0.7898, 0.7876, 0.7861, 0.7874, 0.7888, 0.7876, 0.7867], [0.787, 0.7906, 0.7878, 0.7899, 0.7893, 0.7876, 0.7888, 0.7888, 0.789, 0.7882, 0.7901, 0.791, 0.7879, 0.7893, 0.7873, 0.7912, 0.7866, 0.789, 0.7908, 0.7914, 0.7868, 0.7855, 0.7906], [0.739, 0.7401, 0.7399, 0.7398, 0.7408, 0.7398, 0.7394, 0.745, 0.7394, 0.739, 0.7388, 0.7405, 0.7406, 0.7351, 0.7399, 0.7387, 0.7398, 0.7395, 0.7414, 0.7373, 0.7382, 0.7372, 0.739]]	
Results: 	[[0.7898, 0.7885, 0.7853, 0.7895, 0.7867, 0.7872, 0.7868, 0.7876, 0.7874, 0.7893, 0.7893, 0.7874, 0.7874, 0.7864, 0.7869, 0.7876, 0.7898, 0.7876, 0.7861, 0.7874, 0.7888, 0.7876, 0.7867, 0.7891], [0.787, 0.7906, 0.7878, 0.7899, 0.7893, 0.7876, 0.7888, 0.7888, 0.789, 0.7882, 0.7901, 0.791, 0.7879, 0.7893, 0.7873, 0.7912, 0.7866, 0.789, 0.7908, 0.7914, 0.7868, 0.7855, 0.7906, 0.7887], [0.739, 0.7401, 0.7399, 0.7398, 0.7408, 0.7398, 0.7394, 0.745, 0.7394, 0.739, 0.7388, 0.7405, 0.7406, 0.7351, 0.7399, 0.7387, 0.7398, 0.7395, 0.7414, 0.7373, 0.7382, 0.7372, 0.739, 0.7403]]	
Results: 	[[0.7898, 0.7885, 0.7853, 0.7895, 0.7867, 0.7872, 0.7868, 0.7876, 0.7874, 0.7893, 0.7893, 0.7874, 0.7874, 0.7864, 0.7869, 0.7876, 0.7898, 0.7876, 0.7861, 0.7874, 0.7888, 0.7876, 0.7867, 0.7891, 0.7873], [0.787, 0.7906, 0.7878, 0.7899, 0.7893, 0.7876, 0.7888, 0.7888, 0.789, 0.7882, 0.7901, 0.791, 0.7879, 0.7893, 0.7873, 0.7912, 0.7866, 0.789, 0.7908, 0.7914, 0.7868, 0.7855, 0.7906, 0.7887, 0.7917], [0.739, 0.7401, 0.7399, 0.7398, 0.7408, 0.7398, 0.7394, 0.745, 0.7394, 0.739, 0.7388, 0.7405, 0.7406, 0.7351, 0.7399, 0.7387, 0.7398, 0.7395, 0.7414, 0.7373, 0.7382, 0.7372, 0.739, 0.7403, 0.7414]]	
Results: 	[[0.7898, 0.7885, 0.7853, 0.7895, 0.7867, 0.7872, 0.7868, 0.7876, 0.7874, 0.7893, 0.7893, 0.7874, 0.7874, 0.7864, 0.7869, 0.7876, 0.7898, 0.7876, 0.7861, 0.7874, 0.7888, 0.7876, 0.7867, 0.7891, 0.7873, 0.7893], [0.787, 0.7906, 0.7878, 0.7899, 0.7893, 0.7876, 0.7888, 0.7888, 0.789, 0.7882, 0.7901, 0.791, 0.7879, 0.7893, 0.7873, 0.7912, 0.7866, 0.789, 0.7908, 0.7914, 0.7868, 0.7855, 0.7906, 0.7887, 0.7917, 0.7904], [0.739, 0.7401, 0.7399, 0.7398, 0.7408, 0.7398, 0.7394, 0.745, 0.7394, 0.739, 0.7388, 0.7405, 0.7406, 0.7351, 0.7399, 0.7387, 0.7398, 0.7395, 0.7414, 0.7373, 0.7382, 0.7372, 0.739, 0.7403, 0.7414, 0.7394]]	
Results: 	[[0.7898, 0.7885, 0.7853, 0.7895, 0.7867, 0.7872, 0.7868, 0.7876, 0.7874, 0.7893, 0.7893, 0.7874, 0.7874, 0.7864, 0.7869, 0.7876, 0.7898, 0.7876, 0.7861, 0.7874, 0.7888, 0.7876, 0.7867, 0.7891, 0.7873, 0.7893, 0.7887], [0.787, 0.7906, 0.7878, 0.7899, 0.7893, 0.7876, 0.7888, 0.7888, 0.789, 0.7882, 0.7901, 0.791, 0.7879, 0.7893, 0.7873, 0.7912, 0.7866, 0.789, 0.7908, 0.7914, 0.7868, 0.7855, 0.7906, 0.7887, 0.7917, 0.7904, 0.7909], [0.739, 0.7401, 0.7399, 0.7398, 0.7408, 0.7398, 0.7394, 0.745, 0.7394, 0.739, 0.7388, 0.7405, 0.7406, 0.7351, 0.7399, 0.7387, 0.7398, 0.7395, 0.7414, 0.7373, 0.7382, 0.7372, 0.739, 0.7403, 0.7414, 0.7394, 0.7388]]	
Results: 	[[0.7898, 0.7885, 0.7853, 0.7895, 0.7867, 0.7872, 0.7868, 0.7876, 0.7874, 0.7893, 0.7893, 0.7874, 0.7874, 0.7864, 0.7869, 0.7876, 0.7898, 0.7876, 0.7861, 0.7874, 0.7888, 0.7876, 0.7867, 0.7891, 0.7873, 0.7893, 0.7887, 0.7884], [0.787, 0.7906, 0.7878, 0.7899, 0.7893, 0.7876, 0.7888, 0.7888, 0.789, 0.7882, 0.7901, 0.791, 0.7879, 0.7893, 0.7873, 0.7912, 0.7866, 0.789, 0.7908, 0.7914, 0.7868, 0.7855, 0.7906, 0.7887, 0.7917, 0.7904, 0.7909, 0.787], [0.739, 0.7401, 0.7399, 0.7398, 0.7408, 0.7398, 0.7394, 0.745, 0.7394, 0.739, 0.7388, 0.7405, 0.7406, 0.7351, 0.7399, 0.7387, 0.7398, 0.7395, 0.7414, 0.7373, 0.7382, 0.7372, 0.739, 0.7403, 0.7414, 0.7394, 0.7388, 0.7361]]	
Results: 	[[0.7898, 0.7885, 0.7853, 0.7895, 0.7867, 0.7872, 0.7868, 0.7876, 0.7874, 0.7893, 0.7893, 0.7874, 0.7874, 0.7864, 0.7869, 0.7876, 0.7898, 0.7876, 0.7861, 0.7874, 0.7888, 0.7876, 0.7867, 0.7891, 0.7873, 0.7893, 0.7887, 0.7884, 0.7896], [0.787, 0.7906, 0.7878, 0.7899, 0.7893, 0.7876, 0.7888, 0.7888, 0.789, 0.7882, 0.7901, 0.791, 0.7879, 0.7893, 0.7873, 0.7912, 0.7866, 0.789, 0.7908, 0.7914, 0.7868, 0.7855, 0.7906, 0.7887, 0.7917, 0.7904, 0.7909, 0.787, 0.7864], [0.739, 0.7401, 0.7399, 0.7398, 0.7408, 0.7398, 0.7394, 0.745, 0.7394, 0.739, 0.7388, 0.7405, 0.7406, 0.7351, 0.7399, 0.7387, 0.7398, 0.7395, 0.7414, 0.7373, 0.7382, 0.7372, 0.739, 0.7403, 0.7414, 0.7394, 0.7388, 0.7361, 0.7381]]	
Results: 	[[0.7898, 0.7885, 0.7853, 0.7895, 0.7867, 0.7872, 0.7868, 0.7876, 0.7874, 0.7893, 0.7893, 0.7874, 0.7874, 0.7864, 0.7869, 0.7876, 0.7898, 0.7876, 0.7861, 0.7874, 0.7888, 0.7876, 0.7867, 0.7891, 0.7873, 0.7893, 0.7887, 0.7884, 0.7896, 0.7871], [0.787, 0.7906, 0.7878, 0.7899, 0.7893, 0.7876, 0.7888, 0.7888, 0.789, 0.7882, 0.7901, 0.791, 0.7879, 0.7893, 0.7873, 0.7912, 0.7866, 0.789, 0.7908, 0.7914, 0.7868, 0.7855, 0.7906, 0.7887, 0.7917, 0.7904, 0.7909, 0.787, 0.7864, 0.7888], [0.739, 0.7401, 0.7399, 0.7398, 0.7408, 0.7398, 0.7394, 0.745, 0.7394, 0.739, 0.7388, 0.7405, 0.7406, 0.7351, 0.7399, 0.7387, 0.7398, 0.7395, 0.7414, 0.7373, 0.7382, 0.7372, 0.739, 0.7403, 0.7414, 0.7394, 0.7388, 0.7361, 0.7381, 0.7367]]
30 Support Sets: (Mean:0.7878866666666666, SD:0.001206800653004435) | 	30 Support Sets: (Mean:0.7889466666666667, SD:0.0017008584715460257) | 	30 Support Sets: (Mean:0.7393, SD:0.0018260566142977881) | 	
